Scheme Code,Scheme Name,ISIN Div Payout/ISIN Growth,ISIN Div Reinvestment,Net Asset Value,Repurchase Price,Sale Price,Date
120704,Aditya Birla Sun Life MIP - Direct Plan - Growth,INF209K01XB7,,47.4786,47.0038,47.4786,2017-08-09
119640,Aditya Birla Sun Life MIP - Direct Plan - Monthly Dividend,INF209K01R21,,14.1686,14.0269,14.1686,2017-08-09
100970,Aditya Birla Sun Life MIP - Regular Plan - Growth,INF209K01694,,46.2291,45.7668,46.2291,2017-08-09
100971,Aditya Birla Sun Life MIP - Regular Plan - Monthly Dividend,INF209K01702,,12.7016,12.5746,12.7016,2017-08-09
101713,Aditya Birla Sun Life MIP II - Saving 5 Plan - Growth - Regular Plan,INF209K01728,,32.6874,32.3605,32.6874,2017-08-09
120706,Aditya Birla Sun Life MIP II - Savings 5 Plan - Growth / Payment - Direct Plan,INF209K01XE1,,33.3701,33.0364,33.3701,2017-08-09
120549,Aditya Birla Sun Life MIP II - Savings 5 Plan - Monthly Dividend - Direct Plan,INF209K01R39,,14.1904,14.0485,14.1904,2017-08-09
101711,Aditya Birla Sun Life MIP II - Savings 5 Plan - Monthly Dividend - Regular Plan,INF209K01736,INF209K01DE3,13.4398,13.3054,13.4398,2017-08-09
103184,Aditya Birla Sun Life Monthly Income - Dividend - Regular Plan,INF209K01AX9,INF209K01DX3,12.8607,12.7321,12.8607,2017-08-09
120572,Aditya Birla Sun Life Monthly Income - Growth - Direct Plan,INF209K01YH2,,66.8317,66.1634,66.8317,2017-08-09
103185,Aditya Birla Sun Life Monthly Income - Growth - Regular Plan,INF209K01AZ4,,64.7250,64.0777,64.7250,2017-08-09
120574,Aditya Birla Sun Life Monthly Income - Quarterly Dividend - Direct Plan,INF209K01S20,,13.3185,13.1853,13.3185,2017-08-09
103186,Aditya Birla Sun Life Monthly Income - Quarterly Dividend - Regular Plan,INF209K01AY7,INF209K01DY1,12.5601,12.4345,12.5601,2017-08-09
120573,Aditya Birla Sun Life Monthly Income- Dividend - Direct Plan,INF209KA1LG5,INF209K01YF6,14.0172,13.8770,14.0172,2017-08-09
118302,Canara Robeco InDiGo Fund - Direct Plan - Growth,INF760K01FJ9,,15.2350,15.2350,15.2350,2017-08-09
118303,Canara Robeco InDiGo Fund - Direct Plan - Quarterly Dividend,INF760K01FK7,INF760K01FL5,11.1582,11.1582,11.1582,2017-08-09
113101,Canara Robeco InDiGo Fund - Regular Plan - Growth,INF760K01AJ0,,14.7753,14.7753,14.7753,2017-08-09
113100,Canara Robeco InDiGo Fund - Regular Plan - Quarterly Dividend,INF760K01AK8,INF760K01AL6,10.4601,10.4601,10.4601,2017-08-09
118312,Canara Robeco Short Term Fund- Direct Plan - Growth,INF760K01GH1,,19.2211,19.2211,19.2211,2017-08-09
118313,Canara Robeco Short Term Fund- Direct Plan - Monthly Dividend,INF760K01GI9,INF760K01GJ7,10.1490,10.1490,10.1490,2017-08-09
118314,Canara Robeco Short Term Fund- Direct Plan - Weekly Dividend,,INF760K01GK5,10.1200,10.1200,10.1200,2017-08-09
111883,Canara Robeco Short Term Fund- Regular Plan - Growth,INF760K01720,,18.8502,18.8502,18.8502,2017-08-09
111882,Canara Robeco Short Term Fund- Regular Plan - Monthly Dividend,INF760K01704,INF760K01712,10.1473,10.1473,10.1473,2017-08-09
112081,Canara Robeco Short Term Fund- Regular Plan - Weekly Dividend,,INF760K01738,10.1200,10.1200,10.1200,2017-08-09
103275,DSP BlackRock Income Opportunities Fund - Institutional Plan-Daily Dividend Reinvest,,,1025.0534,1014.8029,1025.0534,2017-08-09
103277,DSP BlackRock Income Opportunities Fund - Institutional Plan-Growth,INF740K01FN3,,2579.6843,2553.8875,2579.6843,2017-08-09
111785,DSP BlackRock Strategic Bond Fund - Regular Plan - Daily Dividend,,,1054.4121,1054.4121,1054.4121,2017-08-09
105665,DSP BlackRock Strategic Bond Fund - Regular Plan - Dividend,INF740K01QT7,INF740K01QW1,1387.2838,1387.2838,1387.2838,2017-08-09
105666,DSP BlackRock Strategic Bond Fund - Regular Plan - Growth,INF740K01QU5,,2213.0106,2213.0106,2213.0106,2017-08-09
105664,DSP BlackRock Strategic Bond Fund - Regular Plan - Monthly Dividend,INF740K01698,INF740K01QX9,1047.3320,1047.3320,1047.3320,2017-08-09
105877,DSP BlackRock Strategic Bond Fund - Regular Plan - Weekly Dividend,,,1054.4113,1054.4113,1054.4113,2017-08-09
104143,DSP BlackRock Ultra Short Fund - Institutional Plan - Daily Dividend Reinvest,,,1004.2306,1004.2306,1004.2306,2017-08-09
104142,DSP BlackRock Ultra Short Fund - Institutional Plan - Growth,INF740K01FS2,,2327.1948,2327.1948,2327.1948,2017-08-09
132851,HDFC Regular Savings Fund - Direct Option - Normal Dividend Option,INF179KA1D58,,12.9654,12.8682,12.9654,2017-08-09
132850,HDFC Regular Savings Fund - Regular Option - Normal Dividend Option,INF179KA1D74,,12.9197,12.8228,12.9197,2017-08-09
119079,HDFC Regular Savings Fund -Direct Plan - Growth Option,INF179K01YP0,,34.0354,33.7801,34.0354,2017-08-09
119078,HDFC Regular Savings Fund -Direct Plan - Monthly Dividend Option,INF179K01YN5,INF179K01YO3,10.3679,10.2901,10.3679,2017-08-09
101430,HDFC Regular Savings Fund-GROWTH,INF179K01AY2,,33.4047,33.1542,33.4047,2017-08-09
101431,HDFC Regular Savings Fund-Monthly Dividend Option,INF179K01AW6,INF179K01AX4,10.3985,10.3205,10.3985,2017-08-09
101098,ICICI Prudential Child Care Plan Study - Cumulative,INF109K01597,,68.1946,66.1488,68.1946,2017-08-09
120691,ICICI Prudential Child Care Plan Study - Direct Plan- Cumulative,INF109K01Y56,,70.5948,68.4770,70.5948,2017-08-09
131621,ICICI Prudential Dynamic Bond Fund - Annual Dividend,INF109KA15C5,INF109KA14C8,11.3916,11.2777,11.3916,2017-08-09
122613,ICICI Prudential Dynamic Bond Fund - Bonus,INF109KA1350,,19.6454,19.4489,19.6454,2017-08-09
113055,ICICI Prudential Dynamic Bond Fund - Daily Dividend,INF109K01PJ8,,10.1182,10.0170,10.1182,2017-08-09
120584,ICICI Prudential Dynamic Bond Fund - Direct Plan -  Daily Dividend,INF109K016K2,,10.7691,10.6614,10.7691,2017-08-09
120582,ICICI Prudential Dynamic Bond Fund - Direct Plan -  Growth,INF109K017K0,,20.2335,20.0312,20.2335,2017-08-09
120581,ICICI Prudential Dynamic Bond Fund - Direct Plan -  Half Yearly Dividend,INF109K018K8,INF109K019K6,10.5940,10.4881,10.5940,2017-08-09
120580,ICICI Prudential Dynamic Bond Fund - Direct Plan -  Monthly Dividend,INF109K010L3,INF109K011L1,10.4653,10.3606,10.4653,2017-08-09
131620,ICICI Prudential Dynamic Bond Fund - Direct Plan - Annual Dividend,INF109KA17C1,INF109KA16C3,11.3785,11.2647,11.3785,2017-08-09
131199,ICICI Prudential Dynamic Bond Fund - Direct Plan - Bonus Option,INF109KA1343,,20.0405,19.8401,20.0405,2017-08-09
120583,ICICI Prudential Dynamic Bond Fund - Direct Plan - Quarterly Dividend,INF109K012L9,INF109K013L7,10.5176,10.4124,10.5176,2017-08-09
111996,ICICI Prudential Dynamic Bond Fund - Growth,INF109K01CB3,,19.6455,19.4490,19.6455,2017-08-09
112005,ICICI Prudential Dynamic Bond Fund - Half Yearly Dividend,INF109K01PK6,INF109K01IY2,10.6773,10.5705,10.6773,2017-08-09
111997,ICICI Prudential Dynamic Bond Fund - Monthly Dividend,INF109K01FE0,INF109K01CC1,10.9857,10.8758,10.9857,2017-08-09
112002,ICICI Prudential Dynamic Bond Fund - Premium Plus Growth,INF109K01RW7,,20.4762,20.2714,20.4762,2017-08-09
111998,ICICI Prudential Dynamic Bond Fund - Quarterly Dividend,INF109K01FF7,INF109K01CD9,10.4978,10.3928,10.4978,2017-08-09
106290,ICICI Prudential Interval Fund - Annual Interval Plan I - Retail Dividend,INF109K01KM3,,11.4547,N.A.,N.A.,2017-08-09
106292,ICICI Prudential Interval Fund - Annual Interval Plan I - Retail Growth,INF109K01KL5,,22.3262,N.A.,N.A.,2017-08-09
130958,ICICI Prudential Interval Fund Annual Interval Plan - I - Direct Plan Bonus,INF109KA1C80,,12.5281,N.A.,N.A.,2017-08-09
106291,ICICI Prudential Interval Fund Annual Interval Plan I -  Growth,INF109K01KN1,,17.8414,N.A.,N.A.,2017-08-09
120625,ICICI Prudential Interval Fund Annual Interval Plan I - Direct Plan -  Growth,INF109K01K45,,17.8705,N.A.,N.A.,2017-08-09
106293,ICICI Prudential Interval Fund Annual Interval Plan I - Dividend,INF109K01KO9,,11.4829,N.A.,N.A.,2017-08-09
106762,ICICI Prudential Interval Fund - Annual Interval Plan II - Retail Dividend,INF109K01KQ4,,13.0027,N.A.,N.A.,2017-08-09
106763,ICICI Prudential Interval Fund - Annual Interval Plan II - Retail Growth,INF109K01KP6,,22.2348,N.A.,N.A.,2017-08-09
120627,ICICI Prudential Interval Fund Annual Interval Plan II - Direct Plan -  Growth,INF109K01K60,,23.0033,N.A.,N.A.,2017-08-09
106761,ICICI Prudential Interval Fund Annual Interval Plan II - Growth,INF109K01KR2,,22.9344,N.A.,N.A.,2017-08-09
106778,ICICI Prudential Interval Fund - Annual Interval Plan III - Retail Dividend,INF109K01KU6,,12.3061,N.A.,N.A.,2017-08-09
106777,ICICI Prudential Interval Fund - Annual Interval Plan III - Retail Growth,INF109K01KT8,,21.5196,N.A.,N.A.,2017-08-09
120629,ICICI Prudential Interval Fund Annual Interval Plan III - Direct Plan -  Growth,INF109K01K86,,17.4865,N.A.,N.A.,2017-08-09
106779,ICICI Prudential Interval Fund Annual Interval Plan III - Growth,INF109K01KV4,,17.4431,N.A.,N.A.,2017-08-09
106832,ICICI Prudential Interval Fund - Annual Interval Plan IV - Retail Dividend,INF109K01KI1,,12.1418,N.A.,N.A.,2017-08-09
106833,ICICI Prudential Interval Fund - Annual Interval Plan IV - Retail Growth,INF109K01KH3,,21.3932,N.A.,N.A.,2017-08-09
120631,ICICI Prudential Interval Fund Annual Interval Plan IV - Direct Plan -  Growth,INF109K01L02,,20.1254,N.A.,N.A.,2017-08-09
106831,ICICI Prudential Interval Fund Annual Interval Plan IV - Growth,INF109K01KJ9,,20.0615,N.A.,N.A.,2017-08-09
105650,ICICI Prudential Interval Fund - Monthly Interval Plan I - Retail Dividend,INF109K01ON3,,10.0241,N.A.,N.A.,2017-08-09
105651,ICICI Prudential Interval Fund - Monthly Interval Plan I - Retail Growth,INF109K01OM5,,21.1176,N.A.,N.A.,2017-08-09
120636,ICICI Prudential Interval Fund Monthly Interval Plan I - Direct Plan -  Growth,INF109K01L28,,13.4309,N.A.,N.A.,2017-08-09
109680,ICICI Prudential Interval Fund Monthly Interval Plan I - Dividend,INF109K01OL7,INF109K01OK9,10.0242,N.A.,N.A.,2017-08-09
109679,ICICI Prudential Interval Fund Monthly Interval Plan I - Growth,INF109K01OJ1,,13.4212,N.A.,N.A.,2017-08-09
105711,ICICI Prudential Interval Fund - Quarterly Interval Plan I - Retail Dividend,INF109K01LU4,,10.0812,N.A.,N.A.,2017-08-09
105710,ICICI Prudential Interval Fund - Quarterly Interval Plan I - Retail Growth,INF109K01LT6,,21.8578,N.A.,N.A.,2017-08-09
120638,ICICI Prudential Interval Fund Quarterly Interval Plan 1 - Direct Plan -  Growth,INF109K01L69,,17.5063,N.A.,N.A.,2017-08-09
120637,ICICI Prudential Interval Fund Quarterly Interval Plan 1 - Direct Plan - Dividend,INF109K01L77,,10.0810,N.A.,N.A.,2017-08-09
111405,ICICI Prudential Interval Fund Quarterly Interval Plan 1 - Growth,INF109K01LP4,,17.4807,N.A.,N.A.,2017-08-09
111406,ICICI Prudential Interval Fund Quarterly Interval Plan 1 -Dividend,INF109K01LR0,INF109K01LQ2,10.0802,N.A.,N.A.,2017-08-09
105907,ICICI Prudential Interval Fund - Quarterly Interval Plan II - Retail Dividend,INF109K01MC0,,10.0445,N.A.,N.A.,2017-08-09
105908,ICICI Prudential Interval Fund - Quarterly Interval Plan II - Retail Growth,INF109K01MB2,,21.6957,N.A.,N.A.,2017-08-09
120639,ICICI Prudential Interval Fund II Quarterly Interval - Direct Plan -  Growth,INF109K01L85,,19.7400,N.A.,N.A.,2017-08-09
110203,ICICI Prudential Interval Fund II Quarterly Interval - Dividend,INF109K01LZ3,INF109K01LY6,10.0186,N.A.,N.A.,2017-08-09
110204,ICICI Prudential Interval Fund II Quarterly Interval - Growth,INF109K01LX8,,19.6954,N.A.,N.A.,2017-08-09
127399,ICICI Prudential Interval Fund - Quarterly Interval Plan III - Direct Quarterly Dividend Payout,INF109K01N91,,10.0999,N.A.,N.A.,2017-08-09
106141,ICICI Prudential Interval Fund - Quarterly Interval Plan III - Retail Dividend,INF109K01MK3,,10.0963,N.A.,N.A.,2017-08-09
106142,ICICI Prudential Interval Fund - Quarterly Interval Plan III - Retail Growth,INF109K01MJ5,,20.7442,N.A.,N.A.,2017-08-09
120654,ICICI Prudential Interval Fund III Quarterly Interval - Direct Plan -  Dividend,INF109K01M19,,10.2787,N.A.,N.A.,2017-08-09
120655,ICICI Prudential Interval Fund III Quarterly Interval - Direct Plan -  Growth,INF109K01M01,,17.4602,N.A.,N.A.,2017-08-09
110555,ICICI Prudential Interval Fund III Quarterly Interval - Growth,INF109K01MF3,,17.3918,N.A.,N.A.,2017-08-09
121364,ICICI Prudential Interval Fund - Series VI - Annual Interval Plan - C - Cumulative,INF109K014Q4,,14.3216,N.A.,N.A.,2017-08-09
121362,ICICI Prudential Interval Fund - Series VI - Annual Interval Plan - C - Direct Plan - Cumulative,INF109K016Q9,,14.3671,N.A.,N.A.,2017-08-09
121441,ICICI Prudential Interval Fund - Series VI - Annual Interval Plan - D - Cumulative,INF109K018Q5,,14.2726,N.A.,N.A.,2017-08-09
121440,ICICI Prudential Interval Fund - Series VI - Annual Interval Plan - D - Direct Plan - Cumulative,INF109K010R0,,14.3062,N.A.,N.A.,2017-08-09
127238,ICICI Prudential Interval Fund - Series VII - Annual Interval Plan - C - Cumulative,INF109KA1NV1,,13.2861,N.A.,N.A.,2017-08-09
127236,ICICI Prudential Interval Fund - Series VII - Annual Interval Plan - C - Direct Plan - Cumulative,INF109KA1NX7,,13.3036,N.A.,N.A.,2017-08-09
106828,ICICI Prudential Interval Fund II - Quarterly Interval Plan A - Retail Dividend,INF109K01MO5,,10.1040,N.A.,N.A.,2017-08-09
106829,ICICI Prudential Interval Fund II - Quarterly Interval Plan A - Retail Growth,INF109K01MN7,,21.1047,N.A.,N.A.,2017-08-09
123645,ICICI Prudential Interval Fund II Quarterly Interval Plan A -  Quarterly Dividend Payout,INF109K01MU2,,10.1040,N.A.,N.A.,2017-08-09
120641,ICICI Prudential Interval Fund II Quarterly Interval Plan A - Direct Plan -  Dividend,INF109K01M50,,10.1043,N.A.,N.A.,2017-08-09
120642,ICICI Prudential Interval Fund II Quarterly Interval Plan A - Direct Plan -  Growth,INF109K01M43,,13.5611,N.A.,N.A.,2017-08-09
110664,ICICI Prudential Interval Fund II Quarterly Interval Plan A - Dividend,INF109K01MT4,INF109K01MS6,10.1041,N.A.,N.A.,2017-08-09
110663,ICICI Prudential Interval Fund II Quarterly Interval Plan A - Growth,INF109K01MR8,,13.5865,N.A.,N.A.,2017-08-09
106885,ICICI Prudential Interval Fund II - Quarterly Interval Plan B - Retail Dividend,INF109K01MW8,,10.1014,N.A.,N.A.,2017-08-09
106886,ICICI Prudential Interval Fund II - Quarterly Interval Plan B - Retail Growth,INF109K01MV0,,20.8519,N.A.,N.A.,2017-08-09
120644,ICICI Prudential Interval Fund II Quarterly Interval Plan B - Direct Plan -  Dividend,INF109K01M76,,10.0941,N.A.,N.A.,2017-08-09
120643,ICICI Prudential Interval Fund II Quarterly Interval Plan B - Direct Plan -  Growth,INF109K01M68,,14.1031,N.A.,N.A.,2017-08-09
111317,ICICI Prudential Interval Fund II Quarterly Interval Plan B - Dividend,INF109K01NB0,INF109K01NA2,10.0905,N.A.,N.A.,2017-08-09
111316,ICICI Prudential Interval Fund II Quarterly Interval Plan B - Growth,INF109K01MZ1,,14.1573,N.A.,N.A.,2017-08-09
118037,ICICI Prudential Interval Fund II Quarterly Interval Plan B - Quarterly Dividend Payout,INF109K01NC8,,10.0905,N.A.,N.A.,2017-08-09
106977,ICICI Prudential Interval Fund II - Quarterly Interval Plan C - Retail Dividend,INF109K01NI5,,10.0539,N.A.,N.A.,2017-08-09
106976,ICICI Prudential Interval Fund II - Quarterly Interval Plan C - Retail Growth,INF109K01NH7,,22.0581,N.A.,N.A.,2017-08-09
120646,ICICI Prudential Interval Fund II Quarterly Interval Plan C - Direct Plan -  Growth,INF109K01L44,,13.9545,N.A.,N.A.,2017-08-09
109855,ICICI Prudential Interval Fund II Quarterly Interval Plan C - Dividend,INF109K01NF1,INF109K01NE4,10.0540,N.A.,N.A.,2017-08-09
109854,ICICI Prudential Interval Fund II Quarterly Interval Plan C - Growth,INF109K01ND6,,13.9029,N.A.,N.A.,2017-08-09
107138,ICICI Prudential Interval Fund II - Quarterly Interval Plan D - Retail Dividend,INF109K01NQ8,,10.1288,N.A.,N.A.,2017-08-09
107139,ICICI Prudential Interval Fund II - Quarterly Interval Plan D - Retail Growth,INF109K01NP0,,22.5805,N.A.,N.A.,2017-08-09
120651,ICICI Prudential Interval Fund II Quarterly Interval Plan D - Direct Plan -  Dividend,INF109K01M92,,10.0539,N.A.,N.A.,2017-08-09
120649,ICICI Prudential Interval Fund II Quarterly Interval Plan D - Direct Plan - Growth,INF109K01M84,,17.5397,N.A.,N.A.,2017-08-09
110014,ICICI Prudential Interval Fund II Quarterly Interval Plan D - Dividend,INF109K01NN5,INF109K01NM7,10.0536,N.A.,N.A.,2017-08-09
110013,ICICI Prudential Interval Fund II Quarterly Interval Plan D - Growth,INF109K01NL9,,13.3422,N.A.,N.A.,2017-08-09
107309,ICICI Prudential Interval Fund II - Quarterly Interval Plan F - Retail Dividend,INF109K01NU0,,10.2149,N.A.,N.A.,2017-08-09
107310,ICICI Prudential Interval Fund II - Quarterly Interval Plan F - Retail Growth,INF109K01NT2,,20.2246,N.A.,N.A.,2017-08-09
120652,ICICI Prudential Interval Fund II Quarterly Interval Plan F - Direct Plan -  Growth,INF109K01N00,,17.6915,N.A.,N.A.,2017-08-09
110383,ICICI Prudential Interval Fund II Quarterly Interval Plan F - Growth,INF109K01NX4,,17.6937,N.A.,N.A.,2017-08-09
115927,ICICI Prudential Interval Fund II Quarterly Interval Plan F Retail Quarterly Dividend Payout,INF109K01NW6,,10.1452,N.A.,N.A.,2017-08-09
110345,ICICI Prudential Interval Fund IV - Quarterly Interval Plan B - Retail Dividend,INF109K01OG7,,10.0148,N.A.,N.A.,2017-08-09
110348,ICICI Prudential Interval Fund IV - Quarterly Interval Plan B - Retail Growth,INF109K01OF9,,19.4544,N.A.,N.A.,2017-08-09
120624,ICICI Prudential Interval Fund IV Quarterly Interval Plan B - Direct Plan -  Dividend,INF109K01N59,,10.0155,N.A.,N.A.,2017-08-09
120623,ICICI Prudential Interval Fund IV Quarterly Interval Plan B - Direct Plan -  Growth,INF109K01N42,,17.9309,N.A.,N.A.,2017-08-09
110346,ICICI Prudential Interval Fund IV Quarterly Interval Plan B - Growth,INF109K01OB8,,17.8607,N.A.,N.A.,2017-08-09
110048,ICICI Prudential Interval Fund V - Monthly Interval Plan A - Retail Dividend,INF109K01OU8,,10.0413,N.A.,N.A.,2017-08-09
110047,ICICI Prudential Interval Fund V - Monthly Interval Plan A - Retail Growth,INF109K01OS2,,19.9788,N.A.,N.A.,2017-08-09
120660,ICICI Prudential Interval Fund V Monthly Interval Plan A - Direct Plan -  Dividend,INF109K01N34,,10.0413,N.A.,N.A.,2017-08-09
120661,ICICI Prudential Interval Fund V Monthly Interval Plan A - Direct Plan - Growth,INF109K01N26,,13.9029,N.A.,N.A.,2017-08-09
110046,ICICI Prudential Interval Fund V Monthly Interval Plan A - Dividend,INF109K01OR4,INF109K01OQ6,10.0412,N.A.,N.A.,2017-08-09
110045,ICICI Prudential Interval Fund V Monthly Interval Plan A - Growth,INF109K01OP8,,13.8582,N.A.,N.A.,2017-08-09
120669,ICICI Prudential MIP - Direct Plan -  Dividend Half Yearly,INF109K01T79,INF109K01T87,14.0786,13.9378,14.0786,2017-08-09
120667,ICICI Prudential MIP - Direct Plan -  Dividend Monthly,INF109K01T95,INF109K01U01,13.0307,12.9004,13.0307,2017-08-09
120666,ICICI Prudential MIP - Direct Plan -  Dividend Quarterly,INF109K01U19,INF109K01U27,14.1985,14.0565,14.1985,2017-08-09
120668,ICICI Prudential MIP - Direct Plan -  Growth,INF109K01U35,,48.2673,47.7846,48.2673,2017-08-09
130940,ICICI Prudential MIP - Direct Plan Bonus,INF109KA1H44,,13.3001,13.1671,13.3001,2017-08-09
100955,ICICI Prudential MIP - Dividend Half Yearly,INF109K01FG5,INF109K01548,13.2385,13.1061,13.2385,2017-08-09
100953,ICICI Prudential MIP - Dividend Monthly,INF109K01FH3,INF109K01522,12.6502,12.5237,12.6502,2017-08-09
100954,ICICI Prudential MIP - Dividend Quarterly,INF109K01FI1,INF109K01530,13.8470,13.7085,13.8470,2017-08-09
100952,ICICI Prudential MIP - Growth,INF109K01555,,46.9122,46.4431,46.9122,2017-08-09
118381,IDFC Money Manager Fund - Investment Plan -Direct Plan-Daily Dividend,,INF194K01L81,10.1431,10.1431,10.1431,2017-08-09
118377,IDFC Money Manager Fund - Investment Plan -Direct Plan-Monthly Dividend,INF194K01M31,INF194K01M23,10.1949,10.1949,10.1949,2017-08-09
118380,IDFC Money Manager Fund - Investment Plan -Direct Plan-Periodic Dividend,INF194K01M64,INF194K01M56,11.3964,11.3964,11.3964,2017-08-09
118382,IDFC Money Manager Fund - Investment Plan -Direct Plan-Quarterly Dividend,INF194K01L65,INF194K01L57,10.8101,10.8101,10.8101,2017-08-09
118378,IDFC Money Manager Fund - Investment Plan -Direct Plan-Weekly Dividend,,INF194K01M07,10.3002,10.3002,10.3002,2017-08-09
118379,IDFC Money Manager Fund - Investment Plan-Direct Plan-Growth,INF194K01L16,,26.5208,26.5208,26.5208,2017-08-09
108738,IDFC Money Manager Fund-Investment Plan-Regular Plan-Annual Div.,INF194K01NQ0,INF194K01NP2,10.4819,10.4819,10.4819,2017-08-09
108742,IDFC Money Manager Fund-Investment Plan-Regular Plan-Daily Div.,INF194K01NW8,INF194K01NV0,10.1856,10.1856,10.1856,2017-08-09
108736,IDFC Money Manager Fund-Investment Plan-Regular Plan-Growth,INF194K01NO5,,26.2772,26.2772,26.2772,2017-08-09
108739,IDFC Money Manager Fund-Investment Plan-Regular Plan-Monthly Div.,INF194K01OC8,INF194K01OB0,10.3047,10.3047,10.3047,2017-08-09
108737,IDFC Money Manager Fund-Investment Plan-Regular Plan-Qtrly Div.,INF194K01NT4,INF194K01NS6,11.0354,11.0354,11.0354,2017-08-09
108740,IDFC Money Manager Fund-Investment Plan-Regular Plan-Weekly Div.,INF194K01NZ1,INF194K01NY4,10.2257,10.2257,10.2257,2017-08-09
116669,IDFC-Money Manager Fund-Investment -Regular Plan-Periodic Div.,INF194K01XL0,INF194K01XM8,12.7937,12.7937,12.7937,2017-08-09
114383,Kotak Multi Asset Allocation Fund-Annual Dividend,INF174K01989,INF174K01955,11.9152,11.796,11.9152,2017-08-09
120159,Kotak Multi Asset Allocation Fund-Annual Dividend - Direct,INF174K01MN1,,12.7011,12.5741,12.7011,2017-08-09
114382,Kotak Multi Asset Allocation Fund-Growth,INF174K01922,,16.9448,16.7754,16.9448,2017-08-09
120160,Kotak Multi Asset Allocation Fund-Growth - Direct,INF174K01MI1,,17.8896,17.7107,17.8896,2017-08-09
114385,Kotak Multi Asset Allocation Fund-Monthly Dividend,INF174K01963,INF174K01930,14.1298,13.9885,14.1298,2017-08-09
114384,Kotak Multi Asset Allocation Fund-Quarterly Dividend,INF174K01971,INF174K01948,12.5501,12.4246,12.5501,2017-08-09
120162,Kotak Multi Asset Allocation Fund-Quarterly Dividend - Direct,INF174K01ML5,,13.0559,12.9253,13.0559,2017-08-09
124876,Reliance Interval Fund - II - Series 4-Direct Plan-Growth Plan -Growth Option,INF204KA1BA4,,13.4105,13.4105,13.4105,2017-08-09
124877,Reliance Interval Fund - II - Series 4-Dividend Plan -Dividend Option,INF204KA1BB2,INF204KA1BC0,10.5118,10.5118,10.5118,2017-08-09
124874,Reliance Interval Fund - II - Series 4-Growth Plan-Growth Option,INF204KA1BD8,,13.3783,13.3783,13.3783,2017-08-09
120954,Reliance Yearly Interval Fund - Series 2 - Direct Plan - Dividend Plan - Dividend Option,INF204K01R83,INF204K01R91,10.3151,10.3151,10.3151,2017-08-09
120955,Reliance Yearly Interval Fund - Series 2 - Direct Plan - Growth Plan - Growth Option,INF204K01R75,-,14.5744,14.5744,14.5744,2017-08-09
120957,Reliance Yearly Interval Fund - Series 2 - Dividend Plan - Dividend Option,INF204K01R59,INF204K01R67,10.3106,10.3106,10.3106,2017-08-09
120956,Reliance Yearly Interval Fund - Series 2 - Growth Plan - Growth Option,INF204K01R42,-,14.5209,14.5209,14.5209,2017-08-09
138677,DHFL Pramerica FIXED MATURITY PLAN - SERIES 47 - DIRECT PLAN -GROWTH,INF223J01J00,,13.4675,13.4675,13.4675,2017-08-09
138679,DHFL Pramerica FIXED MATURITY PLAN - SERIES 47 - REGULAR PLAN -GROWTH,INF223J01I68,,13.3647,13.3647,13.3647,2017-08-09
100648,UTI - CRTS 81 - Dividend Option,,,148.9673,148.9673,148.9673,2017-08-09
120787,UTI - CRTS 81 - Dividend Option- Direct,,,152.4476,152.4476,152.4476,2017-08-09
104588,UTI - CRTS 81 - Growth Option,,,340.7881,340.7881,340.7881,2017-08-09
120788,UTI - CRTS 81 - Growth Option- Direct,,,347.3538,347.3538,347.3538,2017-08-09
101608,UTI - MIS-Growth,INF789F01AA8,,34.6606,34.6606,34.6606,2017-08-09
120776,UTI - MIS-Growth-Direct,INF789F01UV2,,35.5621,35.5621,35.5621,2017-08-09
101607,UTI - MIS-Income,INF789F01984,INF789F01992,12.5072,12.5072,12.5072,2017-08-09
120775,UTI - MIS-Income-Direct,INF789F01UT6,INF789F01UU4,12.9061,12.9061,12.9061,2017-08-09
112067,UTI Smart Woman Savings Plan - Dividend Option,,,35.9125,35.9125,35.9125,2017-08-09
120774,UTI Smart Woman Savings Plan - Dividend Option- Direct,,,36.7222,36.7222,36.7222,2017-08-09
112066,UTI Smart Woman Savings Plan - Growth Option,,,35.9125,35.9125,35.9125,2017-08-09
120773,UTI Smart Woman Savings Plan - Growth Option- Direct,,,36.7194,36.7194,36.7194,2017-08-09
119617,Aditya Birla Sun Life India Opportunities Fund - Dividend - Direct Plan,INF209K01P98,,37.32,36.95,37.32,2017-08-09
100065,Aditya Birla Sun Life India Opportunities Fund - Dividend - Regular Plan,INF209K01280,INF209K01CK2,27.18,26.91,27.18,2017-08-09
119618,Aditya Birla Sun Life India Opportunities Fund - Growth - Direct Plan,INF209K01VR7,,134.65,133.30,134.65,2017-08-09
100066,Aditya Birla Sun Life India Opportunities Fund - Growth - Regular Plan,INF209K01298,,130.86,129.55,130.86,2017-08-09
119537,Aditya Birla Sun Life India Reforms Fund - Dividend - Direct Plan,INF209K01ZA4,,20.41,20.21,20.41,2017-08-09
119536,Aditya Birla Sun Life India Reforms Fund - Growth - Direct Plan,INF209K01YZ4,,20.39,20.19,20.39,2017-08-09
112922,Aditya Birla Sun Life India Reforms Fund-DIVIDEND,INF209K01EL6,INF209K01EM4,15.57,15.41,15.57,2017-08-09
112921,Aditya Birla Sun Life India Reforms Fund-GROWTH,INF209K01EK8,,19.80,19.60,19.80,2017-08-09
107505,Aditya Birla Sun Life Special Situations Fund - Dividend,INF209K01553,INF209K01CX5,18.3308,18.1475,18.3308,2017-08-09
119547,Aditya Birla Sun Life Special Situations Fund - Dividend - Direct Plan,INF209K01R05,INF209K01WX3,24.4245,24.1803,24.4245,2017-08-09
107504,Aditya Birla Sun Life Special Situations Fund - Growth,INF209K01561,,23.7616,23.5240,23.7616,2017-08-09
119546,Aditya Birla Sun Life Special Situations Fund - Growth - Direct Plan,INF209K01WW5,,24.4462,24.2017,24.4462,2017-08-09
119064,HDFC Index Fund Sensex Plus Plan-Direct Plan,INF179K01WO7,,438.5168,434.1316,438.5168,2017-08-09
101282,HDFC Index Fund-Sensex Plus( FV-Rs32.161),INF179K01LB7,,432.6118,428.2857,432.6118,2017-08-09
118640,Reliance Focused Large Cap Fund - Direct Plan Dividend Plan,INF204K01XJ1,INF204K01XK9,20.1389,19.9375,20.1389,2017-08-09
118641,Reliance Focused Large Cap Fund - Direct Plan Growth Plan - Bonus Option,INF204K01D48,,29.8009,29.5029,29.8009,2017-08-09
118643,Reliance Focused Large Cap Fund - Direct Plan Growth Plan - Growth Option,INF204K01XL7,,29.8009,29.5029,29.8009,2017-08-09
103749,Reliance Focused Large Cap Fund-Dividend Plan,INF204K01653,INF204K01661,19.6080,19.4119,19.6080,2017-08-09
103748,Reliance Focused Large Cap Fund-Growth Plan-Bonus Option,INF204K01679,,28.8759,28.5871,28.8759,2017-08-09
103747,Reliance Focused Large Cap Fund-Growth Plan-Growth Option,INF204K01687,,28.8759,28.5871,28.8759,2017-08-09
120373,SAHARA BANKING & FINANCIAL SERVICES FUND- GROWTH - Direct,INF515L01AJ6,,62.3589,61.7353,62.3589,2017-08-09
109493,SAHARA BANKING & FINANCIAL SERVICES FUND- GROWTH OPTION,INF515L01494,,60.0752,59.4744,60.0752,2017-08-09
120374,SAHARA BANKING & FINANCIAL SERVICES FUND-DIVIDEND - Direct,INF515L01AH0,INF515L01AI8,21.5578,21.3422,21.5578,2017-08-09
109494,SAHARA BANKING & FINANCIAL SERVICES FUND-DIVIDEND OPTION,INF515L01478,INF515L01486,21.2377,21.0253,21.2377,2017-08-09
101529,Sahara Growth Fund-Dividend,INF515L01155,INF515L01163,41.0438,40.6334,41.0438,2017-08-09
120288,Sahara Growth Fund-Dividend- Direct,INF515L01759,INF515L01767,41.6462,41.2297,41.6462,2017-08-09
101528,Sahara Growth Fund-Growth,INF515L01171,,141.3458,139.9323,141.3458,2017-08-09
120289,Sahara Growth Fund-Growth- Direct,INF515L01775,,152.6041,151.0781,152.6041,2017-08-09
120352,Sahara Infrastructure Fund ---FIXED PRICING -Direct-Dividend,INF515L01924,INF515L01932,19.5611,19.3655,19.5611,2017-08-09
120353,Sahara Infrastructure Fund ---FIXED PRICING OPTION-Direct-Growth,INF515L01940,,27.6234,27.3472,27.6234,2017-08-09
103730,Sahara Infrastructure Fund ---FIXED PRICING OPTION-Dividend Option,INF515L01320,INF515L01338,19.3104,19.1173,19.3104,2017-08-09
103731,Sahara Infrastructure Fund ---FIXED PRICING OPTION-Growth Option,INF515L01346,,26.4439,26.1795,26.4439,2017-08-09
120354,Sahara Infrastructure Fund ---VARIABLE PRICING OPTION-Direct-Dividend,INF515L01957,INF515L01965,22.2046,21.9826,22.2046,2017-08-09
120355,Sahara Infrastructure Fund ---VARIABLE PRICING OPTION-Direct-Growth,INF515L01973,,30.3280,30.0247,30.3280,2017-08-09
103732,Sahara Infrastructure Fund ---VARIABLE PRICING OPTION-Dividend Option,INF515L01353,INF515L01361,21.9748,21.7551,21.9748,2017-08-09
103733,Sahara Infrastructure Fund ---VARIABLE PRICING OPTION-Growth Option,INF515L01379,,29.8719,29.5732,29.8719,2017-08-09
100798,Sahara Midcap Fund-Auto Payout,INF515L01247,,78.9381,78.1487,78.9381,2017-08-09
120295,Sahara Midcap Fund-Auto Payout- Direct,INF515L01841,,82.1540,81.3325,82.1540,2017-08-09
100799,Sahara Midcap Fund-Bonus,INF515L01254,,78.9381,78.1487,78.9381,2017-08-09
120296,Sahara Midcap Fund-Bonus- Direct,INF515L01858,,82.1540,81.3325,82.1540,2017-08-09
120298,Sahara Midcap Fund-Dividend -Direct,INF515L01817,INF515L01825,35.1966,34.8446,35.1966,2017-08-09
100797,Sahara Midcap Fund-Dividend Plan,INF515L01213,INF515L01221,34.8032,34.4552,34.8032,2017-08-09
120297,Sahara Midcap Fund-Growth Option - Direct,INF515L01833,,82.1540,81.3325,82.1540,2017-08-09
100796,Sahara Midcap Fund-Growth Plan,INF515L01239,,78.9381,78.1487,78.9381,2017-08-09
108320,Sahara Power & Natural Resources Fund - Dividend Option,INF515L01445,INF515L01452,18.8035,18.6155,18.8035,2017-08-09
120371,Sahara Power & Natural resources Fund- Growth - Direct,INF515L01AG2,,22.9693,22.7396,22.9693,2017-08-09
108321,Sahara Power & Natural resources Fund- Growth Option,INF515L01460,,22.0461,21.8256,22.0461,2017-08-09
120370,Sahara Power & Natural Resources Fund-Dividend - Direct,INF515L01AE7,INF515L01AF4,16.0357,15.8753,16.0357,2017-08-09
106744,Sahara R.E.A.L Fund - Dividend Option,INF515L01387,INF515L01395,20.9404,20.7310,20.9404,2017-08-09
120360,Sahara R.E.A.L Fund - Dividend Option- Direct,INF515L01981,INF515L01999,21.2403,21.0279,21.2403,2017-08-09
106745,Sahara R.E.A.L Fund - Growth  Fund,INF515L01403,,20.9370,20.7276,20.9370,2017-08-09
120361,Sahara R.E.A.L Fund - Growth  Fund- Direct,INF515L01AA5,,22.3465,22.1230,22.3465,2017-08-09
120387,Sahara Star Value Fund-Dividend - Direct,INF515L01AS7,INF515L01AT5,19.0848,18.8940,19.0848,2017-08-09
112104,Sahara Star Value Fund-Dividend Option,INF515L01585,INF515L01593,18.8433,18.6549,18.8433,2017-08-09
120386,Sahara Star Value Fund-Growth - Direct,INF515L01AU3,,26.0883,25.8274,26.0883,2017-08-09
112105,Sahara Star Value Fund-Growth Option,INF515L01601,,24.3098,24.0667,24.3098,2017-08-09
120383,Sahara Super 20 Fund - Dividend - Direct,INF515L01AP3,INF515L01AQ1,16.3573,16.1937,16.3573,2017-08-09
112036,Sahara Super 20 Fund - Dividend Option,INF515L01551,INF515L01569,19.7603,19.5627,19.7603,2017-08-09
120382,Sahara Super 20 Fund - Growth - Direct,INF515L01AR9,,20.7882,20.5803,20.7882,2017-08-09
112037,Sahara Super 20 Fund - Growth Option,INF515L01577,,19.7795,19.5817,19.7795,2017-08-09
120341,Sahara Wealth Plus Fund-Fixed Pricing Option-Direct-Dividend Option,INF515L01866,INF515L01874,32.8873,32.5584,32.8873,2017-08-09
120340,Sahara Wealth Plus Fund-Fixed Pricing Option-Direct-Growth,INF515L01882,,46.2255,45.7632,46.2255,2017-08-09
103119,Sahara Wealth Plus Fund-Fixed Pricing Option-Dividend Option,INF515L01262,INF515L01270,32.4749,32.1502,32.4749,2017-08-09
103120,Sahara Wealth Plus Fund-Fixed Pricing Option-Growth Option,INF515L01288,,45.5981,45.1421,45.5981,2017-08-09
120344,Sahara Wealth Plus Fund-Variable Pricing Option-Direct -Dividend,INF515L01890,INF515L01908,37.9458,37.5663,37.9458,2017-08-09
120345,Sahara Wealth Plus Fund-Variable Pricing Option-Direct-Growth,INF515L01916,,52.6704,52.1437,52.6704,2017-08-09
103121,Sahara Wealth Plus Fund-Variable Pricing Option-Dividend Option,INF515L01296,INF515L01304,37.5193,37.1441,37.5193,2017-08-09
103122,Sahara Wealth Plus Fund-Variable Pricing Option-Growth Option,INF515L01312,,51.7508,51.2333,51.7508,2017-08-09
120756,UTI Bluechip Flexicap Fund - Direct Plan - Dividend Option,INF789F01TV4,INF789F01TW2,24.0595,24.0595,24.0595,2017-08-09
120757,UTI Bluechip Flexicap Fund - Direct Plan - Growth Option,INF789F01TX0,,30.604,30.604,30.604,2017-08-09
103455,UTI Bluechip Flexicap Fund - Regular Plan - Dividend Option,INF789F01760,INF789F01778,23.6863,23.6863,23.6863,2017-08-09
103457,UTI Bluechip Flexicap Fund - Regular Plan - Growth option,INF789F01786,,30.1771,30.1771,30.1771,2017-08-09
131161,UTI Multi Cap Fund - Dividend Option,INF789FA1XV4,INF789FA1XW2,12.9471,12.9471,12.9471,2017-08-09
131162,UTI Multi Cap Fund - Dividend Option - Direct,INF789FA1XS0,INF789FA1XT8,13.1363,13.1363,13.1363,2017-08-09
131163,UTI Multi Cap Fund - Growth Option,INF789FA1XX0,,12.9471,12.9471,12.9471,2017-08-09
131164,UTI Multi Cap Fund - Growth Option - Direct,INF789FA1XU6,,13.1363,13.1363,13.1363,2017-08-09
140361,Edelweiss Balanced Advantage Fund - Direct Plan - Dividend Option - deactivated,INF843K01KS4,INF843K01KT2,11.8059,11.6878,11.8059,2017-08-09
140357,Edelweiss Balanced Advantage Fund - Direct Plan - Growth Option-deactivated,INF843K01KQ8,,12.048,11.9275,12.048,2017-08-09
140360,Edelweiss Balanced Advantage Fund - Regular Plan - Bonus Option-deactivated,INF843K01KV8,,11.6949,11.578,11.6949,2017-08-09
140362,Edelweiss Balanced Advantage Fund - Regular Plan - Dividend Option-deactivated,INF843K01KW6,INF843K01KX4,11.694,11.5771,11.694,2017-08-09
140359,Edelweiss Balanced Advantage Fund - Regular Plan - Growth Option-deactivated,INF843K01KU0,,11.6959,11.5789,11.6959,2017-08-09
100121,HDFC Balanced Fund - Dividend Option,INF179K01376,INF179K01384,31.2880,30.9750,31.2880,2017-08-09
100122,HDFC Balanced Fund - Growth Option,INF179K01392,,142.2010,140.7790,142.2010,2017-08-09
118932,HDFC Balanced Fund -Direct Plan - Dividend Option,INF179K01UX2,INF179K01UY0,34.0920,33.7510,34.0920,2017-08-09
118933,HDFC Balanced Fund -Direct Plan - Growth Option,INF179K01UZ7,,147.8540,146.3750,147.8540,2017-08-09
101978,HDFC Prudence Fund - Dividend Option,INF179K01AT2,INF179K01AU0,32.0090,31.6890,32.0090,2017-08-09
101977,HDFC Prudence Fund - Growth Option,INF179K01AV8,,489.1340,484.2430,489.1340,2017-08-09
118990,HDFC Prudence Fund -Direct Plan - Dividend Option,INF179K01YA2,INF179K01YB0,37.2450,36.8730,37.2450,2017-08-09
118991,HDFC Prudence Fund -Direct Plan - Growth Option,INF179K01YC8,,506.6120,501.5460,506.6120,2017-08-09
101397,Sahara Liquid Fund-Fixed Pricing -  Weekly Dividend Option,,INF515L01064,1027.4373,1027.4373,1027.4373,2017-08-09
101393,Sahara Liquid Fund-Fixed Pricing - Daily Dividend Option,,INF515L01049,1168.8824,1168.8824,1168.8824,2017-08-09
120265,Sahara Liquid Fund-Fixed Pricing - Direct - Weekly Dividend Option,,INF515L01668,1027.4373,1027.4373,1027.4373,2017-08-09
120262,Sahara Liquid Fund-Fixed Pricing - Direct -Growth option,INF515L01650,,2862.8165,2862.8165,2862.8165,2017-08-09
101394,Sahara Liquid Fund-Fixed Pricing - Growth option,INF515L01056,,2860.3830,2860.3830,2860.3830,2017-08-09
101398,Sahara Liquid Fund-Fixed Pricing - Monthly Dividend Option,,INF515L01072,1043.3721,1043.3721,1043.3721,2017-08-09
120253,Sahara Liquid Fund-Fixed Pricing -Direct - Daily Dividend Option- Direct,,INF515L01643,1168.8824,1168.8824,1168.8824,2017-08-09
120266,Sahara Liquid Fund-Fixed Pricing -Direct - Monthly Dividend Option,,INF515L01676,1043.3721,1043.3721,1043.3721,2017-08-09
101399,Sahara Liquid Fund-Variable Pricing - Daily Dividend option,,INF515L01080,1175.2495,1175.2495,1175.2495,2017-08-09
101402,Sahara Liquid Fund-Variable Pricing - Growth option,INF515L01114,,2914.8870,2914.8870,2914.8870,2017-08-09
101400,Sahara Liquid Fund-Variable Pricing - Weekly Dividend Option,,INF515L01098,1182.9871,1182.9871,1182.9871,2017-08-09
120271,Sahara Liquid Fund-Variable Pricing -Direct - Daily Dividend option,,INF515L01684,1038.8267,1038.8267,1038.8267,2017-08-09
120280,Sahara Liquid Fund-Variable Pricing -Direct - Growth option,INF515L01718,,2919.6017,2919.6017,2919.6017,2017-08-09
120272,Sahara Liquid Fund-Variable Pricing -Direct - Weekly Dividend Option,,INF515L01692,1182.9871,1182.9871,1182.9871,2017-08-09
120273,Sahara Liquid Fund-Variable Pricing- Direct - Monthly Dividend Option,,INF515L01700,1055.8972,1055.8972,1055.8972,2017-08-09
101401,Sahara Liquid Fund-Variable Pricing- Monthly Dividend Option,,INF515L01106,1195.2686,1195.2686,1195.2686,2017-08-09
101987,Tata Liquid Fund Reglar Plan - Monthly Dividend,INF277K01LR5,INF277K01LS3,1002.3036,1002.3036,1002.3036,2017-08-09
101861,Tata Liquid Fund-Regular Plan  - Weekly Dividend,INF277K016C5,,1000.8582,1000.8582,1000.8582,2017-08-09
101984,Tata Liquid High Investment Plan - Daily,,,1114.3379,1114.3379,1114.3379,2017-08-09
101860,Tata Liquid High Investment Plan - Growth,INF277K01LN4,,2675.1821,2675.1821,2675.1821,2017-08-09
101982,Tata Liquid Retail Investment PLan - Daily,,,1116.8143,1116.8143,1116.8143,2017-08-09
101983,Tata Liquid Retail Investment Plan - Fortnightly,,,1147.3101,1147.3101,1147.3101,2017-08-09
101858,Tata Liquid Retail Investment Plan - Growth,INF277K01LM6,,3628.1322,3628.1322,3628.1322,2017-08-09
102152,Tata Money Market Fund Regular (Bonus / Dividend),,,1015.0520,1015.0520,1015.0520,2017-08-09
102153,Tata Money Market Fund Regular (Growth),INF277K01LY1,,2551.1740,2551.1740,2551.1740,2017-08-09
139619,Taurus Investor Education Pool - Unclaimed Dividend - Growth,,,10.0000,10.0000,N.A.,2017-08-09
139618,Taurus Investor Education Pool - Unclaimed Redemption - Growth,,,10.0000,10.0000,N.A.,2017-08-09
139616,Taurus Unclaimed Dividend - Growth,,,11.7128,11.7128,N.A.,2017-08-09
139617,Taurus Unclaimed Redemption - Growth,,,11.7129,11.7129,N.A.,2017-08-09
122393,BNP Paribas Government Securities Fund - Annual dividend option,INF251K01JB8,INF251K01JL7,10.7189,10.7189,10.7189,2017-08-09
122291,BNP Paribas Government Securities Fund - Calendar quarterly dividend option,INF251K01JC6,INF251K01JM5,10.3757,10.3757,10.3757,2017-08-09
122376,BNP Paribas Government Securities Fund - Direct Plan - Annual dividend option,INF251K01JK9,INF251K01JS2,10.7986,10.7986,10.7986,2017-08-09
122374,BNP Paribas Government Securities Fund - Direct Plan - Growth Option,INF251K01JG7,,15.6376,15.6376,15.6376,2017-08-09
122400,BNP Paribas Government Securities Fund - Direct Plan - Monthly Dividend Option,INF251K01JH5,INF251K01JP8,10.4443,10.4443,10.4443,2017-08-09
122289,BNP Paribas Government Securities Fund - Growth Option,INF251K01JF9,,15.1631,15.1631,15.1631,2017-08-09
122293,BNP Paribas Government Securities Fund - Half yearly dividend option,INF251K01JD4,INF251K01JN3,10.7072,10.7072,10.7072,2017-08-09
122290,BNP Paribas Government Securities Fund -Monthly dividend option,INF251K01JE2,INF251K01JO1,10.1101,10.1101,10.1101,2017-08-09
119113,HDFC Gilt Fund Short Term Plan -Direct Plan - Dividend Option,INF179K01VU6,INF179K01VW2,11.6120,11.6120,11.6120,2017-08-09
119114,HDFC Gilt Fund Short Term Plan -Direct Plan - Growth Option,INF179K01VV4,,28.5297,28.5297,28.5297,2017-08-09
101081,HDFC Gilt Fund-Short Term-Dividend,INF179K01780,INF179K01798,11.4285,11.4285,11.4285,2017-08-09
101082,HDFC Gilt Fund-Short Term-Growth,INF179K01806,,28.1615,28.1615,28.1615,2017-08-09
120606,ICICI Prudential Gilt Fund Investment Plan PF Option - Direct Plan - Half Yearly Dividend,INF109K019C3,INF109K010D0,11.6851,11.6851,11.6851,2017-08-09
120605,ICICI Prudential Gilt Fund Investment Plan PF Option - Direct Plan -Growth Option,INF109K011D8,,35.5882,35.5882,35.5882,2017-08-09
102060,ICICI Prudential Gilt Fund Investment Plan PF Option - Growth,INF109K01JS2,,35.1139,35.1139,35.1139,2017-08-09
118019,ICICI Prudential Gilt Fund Investment Plan PF Option - Half Yearly Dividend,INF109K01I15,INF109K01I07,12.0595,12.0595,12.0595,2017-08-09
130901,ICICI Prudential Gilt Investment PF Option - Bonus,INF109KA1C31,,14.1184,14.1184,14.1184,2017-08-09
130954,ICICI Prudential Gilt Investment PF Option - Direct Plan Bonus,INF109KA1C23,,14.5278,14.5278,14.5278,2017-08-09
120612,ICICI Prudential Gilt Fund Treasury Plan PF Option - Direct Plan - Half Yearly Dividend,INF109K017D5,INF109K018D3,11.4219,11.3648,N.A.,2017-08-09
120610,ICICI Prudential Gilt Fund Treasury Plan PF Option - Direct Plan - Quarterly Dividend,INF109K019D1,INF109K010E8,13.1550,13.0892,13.1550,2017-08-09
120611,ICICI Prudential Gilt Fund Treasury Plan PF Option - Direct Plan -Growth Option,INF109K011E6,,25.4958,25.3683,25.4958,2017-08-09
102248,ICICI Prudential Gilt Fund Treasury Plan PF Option - Growth,INF109K01KA8,,24.9758,24.8509,24.9758,2017-08-09
118023,ICICI Prudential Gilt Fund Treasury Plan PF Option - Half Yearly Dividend,INF109K01I56,INF109K01I31,10.9590,10.9042,N.A.,2017-08-09
118022,ICICI Prudential Gilt Fund Treasury Plan PF Option - Quarterly Dividend,INF109K01I49,INF109K01I23,13.0083,12.9433,13.0083,2017-08-09
130905,ICICI Prudential Gilt Treasury PF Option - Bonus,INF109KA1C56,,12.9766,12.9117,12.9766,2017-08-09
118764,IDFC  Government Securities Fund - Provident Fund -Direct Plan-Annual Dividend,INF194K01O88,INF194K01O70,12.9597,12.9597,12.9597,2017-08-09
118766,IDFC  Government Securities Fund - Provident Fund -Direct Plan-Growth,INF194K01O62,,31.1908,31.1908,31.1908,2017-08-09
118765,IDFC  Government Securities Fund - Provident Fund -Direct Plan-Quarterly Dividend,INF194K01P12,INF194K01P04,12.6647,12.6647,12.6647,2017-08-09
131392,IDFC GSF -PF -Direct Plan_Periodic Dividend,INF194KA1SF9,INF194KA1SG7,13.8932,13.8932,13.8932,2017-08-09
131393,IDFC GSF -PF -Regular Plan_Periodic Dividend,INF194KA1SC6,INF194KA1SD4,14.2283,14.2283,14.2283,2017-08-09
108663,IDFC GSF-Provident Fund-Regular Plan-Annual Dividend,INF194K01EO4,INF194K01EN6,11.6950,11.6950,11.6950,2017-08-09
108661,IDFC GSF-Provident Fund-Regular Plan-Growth,INF194K01EM8,,30.4507,30.4507,30.4507,2017-08-09
108662,IDFC GSF-Provident Fund-Regular Plan-Quarterly Dividend,INF194K01ER7,INF194K01EQ9,12.2754,12.2754,12.2754,2017-08-09
119454,Principal Government Securities Fund- Direct Plan - Dividend Option - Quarterly,INF173K01GF1,INF173K01GG9,12.2979,12.2979,12.2979,2017-08-09
119456,Principal Government Securities Fund- Direct Plan - Dividend Option- Annually,INF173K01GB0,INF173K01GC8,14.6928,14.6928,14.6928,2017-08-09
119453,Principal Government Securities Fund-Direct Plan - Growth Option,INF173K01GE4,,35.4302,35.4302,35.4302,2017-08-09
101117,Principal Government Securities Fund-Dividend Option - Quarterly,INF173K01AN8,INF173K01AO6,12.2361,12.2361,12.2361,2017-08-09
101119,Principal Government Securities Fund-Dividend Option- Annually,INF173K01AQ1,INF173K01AR9,14.1547,14.1547,14.1547,2017-08-09
101118,Principal Government Securities Fund-Growth,INF173K01AM0,,34.4829,34.4829,34.4829,2017-08-09
131741,Aditya Birla Sun Life Tax Savings Fund - Direct Plan - Bonus Option,INF084M01BX0,,66.31,66.31,66.31,2017-08-09
131740,Aditya Birla Sun Life Tax Savings Fund - Direct Plan - Dividend Option,INF084M01BV4,INF084M01BW2,30.61,30.61,30.61,2017-08-09
131739,Aditya Birla Sun Life Tax Savings Fund - Direct Plan - Growth Option,INF084M01BU6,,66.18,66.18,66.18,2017-08-09
131738,Aditya Birla Sun Life Tax Savings Fund - Regular Plan - Bonus Option,INF084M01333,,64.52,64.52,64.52,2017-08-09
131737,Aditya Birla Sun Life Tax Savings Fund - Regular Plan - Dividend Option,INF084M01317,INF084M01325,29.91,29.91,29.91,2017-08-09
131736,Aditya Birla Sun Life Tax Savings Fund - Regular Plan - Growth Option,INF084M01309,,64.43,64.43,64.43,2017-08-09
112537,L&T Tax Saver Fund- Regular Plan - Dividend,INF917K01262,INF917K01270,30.44,30.44,30.44,2017-08-09
112538,L&T Tax Saver Fund-Regular Plan - Growth,INF917K01288,,35.51,35.51,35.51,2017-08-09
100337,SaharaTax Gain-Dividend,INF515L01189,INF515L01197,17.7291,17.5518,17.7291,2017-08-09
120290,SaharaTax Gain-Dividend- Direct,INF515L01783,INF515L01791,17.9838,17.8040,17.9838,2017-08-09
100338,SaharaTax Gain-Growth,INF515L01205,,75.6934,74.9365,75.6934,2017-08-09
120291,SaharaTax Gain-Growth- direct,INF515L01809,,78.0270,77.2467,78.0270,2017-08-09
134209,HDFC Floating Rate Income Fund - Direct Plan - Normal Dividend Option,INF179KA16J1,,12.0963,12.0358,12.0963,2017-08-09
134210,HDFC Floating Rate Income Fund - Regular Plan - Normal Dividend Option,INF179KA17J9,,12.1768,12.1159,12.1768,2017-08-09
119112,HDFC Floating Rate Income Fund Long -Direct Plan - Growth Option,INF179K01VN1,,29.6367,29.4885,29.6367,2017-08-09
119111,HDFC Floating Rate Income Fund Long -Direct Plan - Weekly Dividend Option,,,10.5264,10.4738,10.5264,2017-08-09
101671,HDFC Floating Rate Income Fund-Long Term Plan-GROWTH,INF179K01624,,29.5650,29.4172,29.5650,2017-08-09
101670,HDFC Floating Rate Income Fund-Long Term Plan-Weekly Dividend Option,,INF179K01616,10.1930,10.1420,10.1930,2017-08-09
118832,Mirae Asset China Advantage Fund - Direct Plan - Dividend,INF769K01BG5,INF769K01BH3,17.171,16.999,17.171,2017-08-09
118831,Mirae Asset China Advantage Fund - Direct Plan - Growth,INF769K01BF7,,17.623,17.447,17.623,2017-08-09
112147,Mirae Asset China Advantage Fund - Regular Plan Growth Option,INF769K01077,,17.023,16.853,17.023,2017-08-09
112148,Mirae Asset China Advatage Fund-Regular Plan Dividend,INF769K01093,INF769K01085,17.023,16.853,17.023,2017-08-09
120565,Aditya Birla Sun Life Equity Fund - Dividend - Direct Plan,INF209KA1LE0,INF209K01XY9,136.68,135.31,136.68,2017-08-09
103165,Aditya Birla Sun Life Equity Fund - Dividend - Regular Plan,INF209K01AQ3,INF209K01DT1,109.87,108.77,109.87,2017-08-09
120564,Aditya Birla Sun Life Equity Fund - Growth - Direct Plan,INF209K01XX1,,706.96,699.89,706.96,2017-08-09
103166,Aditya Birla Sun Life Equity Fund - Growth - Regular Plan,INF209K01AJ8,,679.42,672.63,679.42,2017-08-09
102021,BARODA MULTI CAP FUND - Plan A - Dividend Option,INF955L01658,INF955L01666,36.39,36.03,36.39,2017-08-09
102020,BARODA MULTI CAP FUND - Plan A - Growth Option,INF955L01674,,95.21,94.26,95.21,2017-08-09
119353,BARODA MULTI CAP FUND - Plan B (Direct) - Dividend Option,INF955L01AE5,,35.95,35.59,35.95,2017-08-09
119354,BARODA MULTI CAP FUND - Plan B (Direct) - Growth Option,INF955L01AG0,,99.13,98.14,99.13,2017-08-09
119987,BNP Paribas MULTI CAP Fund - Direct Plan - Dividend Option,INF251K01HI7,INF251K01HJ5,18.9210,18.9210,18.9210,2017-08-09
119988,BNP Paribas MULTI CAP Fund - Direct Plan - Growth Option,INF251K01HK3,,48.3560,48.3560,48.3560,2017-08-09
113461,BNP PARIBAS MULTI CAP Fund-Dividend Option,INF251K01977,INF251K01969,17.5550,17.5550,17.5550,2017-08-09
113460,BNP PARIBAS MULTI CAP Fund-Growth Option,INF251K01951,,45.3450,45.3450,45.3450,2017-08-09
101923,Canara Robeco Equity Diversified fund - Regular Plan - Dividend,INF760K01027,INF760K01035,36.3700,36.3700,36.3700,2017-08-09
101922,Canara Robeco Equity Diversified Fund - Regular Plan - Growth,INF760K01019,,115.0300,115.0300,115.0300,2017-08-09
118275,Canara Robeco Equity Diversified Fund-Direct Plan -Growth Option,INF760K01EF0,,118.0100,118.0100,118.0100,2017-08-09
118276,Canara Robeco Equity Diversified Fund-Direct Plan-Dividend Option,INF760K01ED5,INF760K01EE3,50.1500,50.1500,50.1500,2017-08-09
119077,DSP Equity Fund - Direct Plan - Dividend,INF740K01PJ0,INF740K01PK8,74.902,74.153,74.902,2017-08-09
119076,DSP Equity Fund - Direct Plan - Growth,INF740K01PI2,,36.298,35.935,36.298,2017-08-09
100080,DSP Equity Fund - Regular Plan - Dividend,INF740K01011,INF740K01029,60.030,59.430,60.030,2017-08-09
105875,DSP Equity Fund - Regular Plan - Growth,INF740K01037,,35.279,34.926,35.279,2017-08-09
140354,Edelweiss Multi-Cap Fund - Direct Plan - Dividend Option,INF843K01KL9,INF843K01KM7,12.739,12.612,12.739,2017-08-09
140353,Edelweiss Multi-Cap Fund - Direct Plan - Growth Option,INF843K01KK1,,12.866,12.737,12.866,2017-08-09
140356,Edelweiss Multi-Cap Fund - Regular Plan - Dividend Option,INF843K01KO3,INF843K01KP0,12.617,12.491,12.617,2017-08-09
140355,Edelweiss Multi-Cap Fund - Regular Plan - Growth Option,INF843K01KN5,,12.617,12.491,12.617,2017-08-09
118534,Franklin India Equity Fund - Direct - Dividend,INF090I01FL1,INF090I01FM9,41.8527,41.4342,41.8527,2017-08-09
118535,Franklin India Equity Fund - Direct - Growth,INF090I01FK3,,577.9566,572.1770,577.9566,2017-08-09
100519,Franklin India Equity Fund - Dividend,INF090I01213,INF090I01221,39.8296,39.4313,39.8296,2017-08-09
100520,Franklin India Equity Fund - Growth,INF090I01239,,553.7956,548.2576,553.7956,2017-08-09
101763,HDFC Equity Fund - Dividend Option,INF179K01582,INF179K01590,55.6330,55.0770,55.6330,2017-08-09
101762,HDFC Equity Fund - Growth Option,INF179K01608,,592.5320,586.6070,592.5320,2017-08-09
118954,HDFC Equity Fund -Direct Plan - Dividend Option,INF179K01VL5,INF179K01VM3,58.1560,57.5740,58.1560,2017-08-09
118955,HDFC Equity Fund -Direct Plan - Growth Option,INF179K01UT0,,613.9030,607.7640,613.9030,2017-08-09
102251,HSBC Multi Cap Equity Fund - Dividend,INF336L01AE8,INF336L01AD0,26.3784,26.3784,26.3784,2017-08-09
120045,HSBC Multi Cap Equity Fund - Dividend Direct,INF336L01DF9,INF336L01DG7,28.9767,28.9767,28.9767,2017-08-09
102252,HSBC Multi Cap Equity Fund - Growth,INF336L01AF5,,82.8352,82.8352,82.8352,2017-08-09
120046,HSBC Multi Cap Equity Fund - Growth Direct,INF336L01DH5,,85.6934,85.6934,85.6934,2017-08-09
120380,ICICI Prudential MidCap Fund - Direct Plan -  Dividend,INF109K019M2,INF109K010N9,32.49,32.17,32.49,2017-08-09
120381,ICICI Prudential MidCap Fund - Direct Plan -  Growth,INF109K011N7,,94.14,93.20,94.14,2017-08-09
102529,ICICI Prudential MidCap Fund - Dividend,INF109K01EH6,INF109K01AL6,27.29,27.02,27.29,2017-08-09
102528,ICICI Prudential MidCap Fund - Growth,INF109K01AN2,,90.59,89.68,90.59,2017-08-09
120598,ICICI Prudential Multicap Fund - Direct Plan -  Dividend,INF109K012O3,INF109K013O1,31.83,31.51,31.83,2017-08-09
120599,ICICI Prudential Multicap Fund - Direct Plan -  Growth,INF109K014O9,,265.57,262.91,265.57,2017-08-09
101706,ICICI Prudential Multicap Fund - Dividend,INF109K01FK7,INF109K01621,24.86,24.61,24.86,2017-08-09
101228,ICICI Prudential Multicap Fund - Growth,INF109K01613,,255.98,253.42,255.98,2017-08-09
128233,IDBI DIVERSIFIED EQUITY FUND Dividend - Direct Plan,INF397L01HC9,,17.9500,17.7700,17.9500,2017-08-09
128234,IDBI DIVERSIFIED EQUITY FUND Dividend - Regular Plan,INF397L01HG0,,17.3800,17.2100,17.3800,2017-08-09
128236,IDBI DIVERSIFIED EQUITY FUND Growth Direct,INF397L01HF2,,20.2600,20.0600,20.2600,2017-08-09
128235,IDBI DIVERSIFIED EQUITY FUND Growth Regular,INF397L01HJ4,,19.6400,19.4400,19.6400,2017-08-09
118423,IDFC Multi Cap Fund-Direct Plan-Dividend,INF194K01W70,INF194K01W88,35.2495,35.2495,35.2495,2017-08-09
118424,IDFC Multi Cap Fund-Direct Plan-Growth,INF194K01W62,,89.9240,89.9240,89.9240,2017-08-09
108595,IDFC Multi Cap Fund-Regular Plan-Dividend,INF194K01409,INF194K01417,34.2123,34.2123,34.2123,2017-08-09
108594,IDFC Multi Cap Fund-Regular Plan-Growth,INF194K01391,,87.0217,87.0217,87.0217,2017-08-09
120412,Invesco India Multicap Fund - Direct Plan - Dividend Option,INF205K01MQ6,INF205K01MR4,43.35,42.92,43.35,2017-08-09
120413,Invesco India Multicap Fund - Direct Plan - Growth Option,INF205K01MS2,,47.86,47.38,47.86,2017-08-09
107352,Invesco India Multicap Fund - Dividend Option,INF205K01DO0,INF205K01DP7,40.68,40.27,40.68,2017-08-09
107353,Invesco India Multicap Fund - Growth Option,INF205K01DN2,,44.87,44.42,44.87,2017-08-09
120491,JM Multicap Fund (Direct) - Dividend Option,INF192K01CA1,INF192K01CB9,28.8764,28.8764,28.8764,2017-08-09
120492,JM Multicap Fund (Direct) - Growth Option,INF192K01CC7,,31.7690,31.7690,31.7690,2017-08-09
109523,JM Multicap Fund - Dividend option,INF192K01619,INF192K01627,27.9928,27.9928,27.9928,2017-08-09
109522,JM Multicap Fund - Growth option,INF192K01635,,30.0980,30.0980,30.0980,2017-08-09
112089,Kotak Standard Multicap Fund - Dividend,INF174K01351,INF174K01344,23.917,23.678,23.917,2017-08-09
120165,Kotak Standard Multicap Fund - Dividend - Direct,INF174K01LQ6,INF174K01LR4,25.082,24.831,25.082,2017-08-09
112090,Kotak Standard Multicap Fund - Growth,INF174K01336,,31.414,31.1,31.414,2017-08-09
120166,Kotak Standard Multicap Fund - Growth - Direct,INF174K01LS2,,32.814,32.486,32.814,2017-08-09
119290,L&T Equity Fund-Direct Plan-Dividend,INF917K01FB2,INF917K01FA4,35.744,35.387,35.744,2017-08-09
119291,L&T Equity Fund-Direct Plan-Growth,INF917K01FC0,,78.029,77.249,78.029,2017-08-09
118044,L&T Equity Fund-Regular Plan-Dividend,INF677K01049,INF677K01056,32.36,32.036,32.36,2017-08-09
118043,L&T Equity Fund-Regular Plan-Growth,INF677K01031,,75.665,74.908,75.665,2017-08-09
120263,LIC MF Multicap Fund-Direct Plan-Dividend,INF767K01EF5,INF767K01EH1,17.0035,16.8335,17.0035,2017-08-09
120264,LIC MF Multicap Fund-Direct Plan-Growth,INF767K01EG3,,44.0876,43.6467,44.0876,2017-08-09
100312,LIC MF Multicap Fund-Regular Plan-Dividend,INF767K01063,INF767K01055,14.0281,13.8878,14.0281,2017-08-09
100313,LIC MF Multicap Fund-Regular Plan-Growth,INF767K01071,,42.8633,42.4347,42.8633,2017-08-09
141223,Mahindra Manulife Multi Cap Badhat Yojana - Direct Plan - Dividend Option,INF174V01366,INF174V01358,10.5016,10.3966,10.5016,2017-08-09
141226,Mahindra Manulife Multi Cap Badhat Yojana - Direct Plan - Growth,INF174V01341,,10.5116,10.4065,10.5116,2017-08-09
141225,Mahindra Manulife Multi Cap Badhat Yojana - Regular Plan - Dividend Option,INF174V01333,INF174V01325,10.4417,10.3373,10.4417,2017-08-09
141224,Mahindra Manulife Multi Cap Badhat Yojana - Regular Plan - Growth,INF174V01317,,10.4418,10.3374,10.4418,2017-08-09
129047,Motilal Oswal Multicap 35 Fund (MOF35)- Direct Plan-Dividend Option,INF247L01528,INF247L01510,25.7252,25.7252,25.7252,2017-08-09
129046,Motilal Oswal Multicap 35 Fund (MOF35)-Direct Plan-Growth Option,INF247L01502,,26.0424,26.0424,26.0424,2017-08-09
129049,Motilal Oswal Multicap 35 Fund (MOF35)-Regular Plan -Dividend Option,INF247L01494,INF247L01486,24.9011,24.9011,24.9011,2017-08-09
129048,Motilal Oswal Multicap 35 Fund (MOF35)-Regular Plan-Growth Option,INF247L01478,,25.2185,25.2185,25.2185,2017-08-09
101163,Nippon India Multi Cap  Fund-Dividend Plan,INF204K01455,INF204K01463,31.3455,31.0320,31.3455,2017-08-09
118652,Nippon India Multi Cap Fund - Direct Plan Dividend Plan,INF204K01XD4,INF204K01XE2,38.1078,37.7267,38.1078,2017-08-09
118651,Nippon India Multi Cap Fund - Direct Plan Growth Plan - Bonus Option,INF204K01D55,,88.0662,87.1855,88.0662,2017-08-09
118650,Nippon India Multi Cap Fund - Direct Plan Growth Plan - Growth Option,INF204K01XF9,,88.0662,87.1855,88.0662,2017-08-09
101162,Nippon India Multi Cap Fund-Growth Plan-Bonus Option,INF204K01471,,85.0336,84.1833,85.0336,2017-08-09
101161,Nippon India Multi Cap Fund-Growth Plan-Growth Option,INF204K01489,,85.0336,84.1833,85.0336,2017-08-09
133837,PGIM India Diversified Equity Fund - Direct Plan - Dividend Option,INF663L01FG9,INF663L01FH7,12.94,12.81,12.94,2017-08-09
133839,PGIM India Diversified Equity Fund - Direct Plan - Growth Option,INF663L01FF1,,12.94,12.81,12.94,2017-08-09
133838,PGIM India Diversified Equity Fund - Regular Plan - Dividend Option,INF663L01FK1,INF663L01FL9,12.7,12.57,12.7,2017-08-09
133836,PGIM India Diversified Equity Fund - Regular Plan - Growth Option,INF663L01FJ3,,12.7,12.57,12.7,2017-08-09
122639,Parag Parikh Long Term Equity Fund - Direct Plan - Growth,INF879O01027,,21.5216,21.0912,21.5216,2017-08-09
122640,Parag Parikh Long Term Equity Fund - Regular Plan - Growth,INF879O01019,,21.0585,20.6373,21.0585,2017-08-09
119451,Principal Multi Cap Growth Fund - Direct Plan -Half Yearly Dividend Option,INF173K01FN7,INF173K01FO5,41.97,41.55,41.97,2017-08-09
100966,Principal Multi Cap Growth Fund- Half Yearly Dividend Option,INF173K01957,INF173K01965,36.83,36.46,36.83,2017-08-09
119452,Principal Multi Cap Growth Fund-Direct Plan - Growth Option,INF173K01FQ0,,135.08,133.73,135.08,2017-08-09
100967,Principal Multi Cap Growth Fund-Growth Option,INF173K01940,,131.15,129.84,131.15,2017-08-09
100630,Quant Active Fund-DIVIDEND OPTION,INF966L01218,INF966L01226,19.6671,19.4704,19.6671,2017-08-09
120822,Quant Active Fund-DIVIDEND OPTION-Direct Plan,INF966L01598,INF966L01606,19.8532,19.6547,19.8532,2017-08-09
100631,Quant Active Fund-GROWTH OPTION,INF966L01234,,160.2474,158.6449,160.2474,2017-08-09
120823,Quant Active Fund-GROWTH OPTION-Direct Plan,INF966L01614,,160.9677,159.3580,160.9677,2017-08-09
119718,SBI Magnum Multicap Fund - DIRECT PLAN - Growth Option,INF200K01UG1,,45.5161,45.0609,45.5161,2017-08-09
119717,SBI Magnum Multicap Fund - DIRECT PLAN -Dividend Option,INF200K01UE6,INF200K01UF3,27.4397,27.1653,27.4397,2017-08-09
103216,SBI Magnum Multicap Fund - REGULAR PLAN -Dividend Option,INF200K01230,INF200K01248,23.7317,23.4944,23.7317,2017-08-09
103215,SBI Magnum Multicap Fund - REGULAR PLAN -Growth Option,INF200K01222,,43.9099,43.4708,43.9099,2017-08-09
119573,Sundaram Multi Asset Fund Direct Dividend,INF903J01NO1,INF903J01NP8,11.9502,11.8307,11.9502,2017-08-09
119572,Sundaram Multi Asset Fund Direct Growth,INF903J01NQ6,,15.3173,15.1641,15.3173,2017-08-09
115242,Sundaram Multi Asset Fund Dividend Payout,INF903J01CL0,INF903J01CM8,11.5401,11.4247,11.5401,2017-08-09
115241,Sundaram Multi Asset Fund Growth,INF903J01CK2,,14.8441,14.6957,14.8441,2017-08-09
118883,Taurus Starshare (Multi Cap) Fund -Direct Plan-Growth Option,INF044D01BU9,,113.99,113.42,113.99,2017-08-09
111640,Taurus Starshare (Multi Cap) Fund- Regular Plan -  Dividend Option,INF044D01955,INF044D01963,74.72,74.35,74.72,2017-08-09
118884,Taurus Starshare (Multi Cap) Fund-Direct Plan-Dividend Option,INF044D01BV7,INF044D01BW5,74.88,74.51,74.88,2017-08-09
100476,Taurus Starshare (Multi Cap)Fund - Regular Plan - Growth Option,INF044D01989,,110.30,109.75,110.30,2017-08-09
119293,Union Multi Cap Fund - Direct Plan - Dividend Option,INF582M01658,INF582M01641,18.51,18.32,18.51,2017-08-09
119292,Union Multi Cap Fund - Direct Plan - Growth Option,INF582M01633,,18.51,18.32,18.51,2017-08-09
115290,Union Multi Cap Fund - Dividend Option,INF582M01120,INF582M01112,14.22,14.08,14.22,2017-08-09
115270,Union Multi Cap Fund - Growth Option,INF582M01104,,17.84,17.66,17.84,2017-08-09
100669,UTI - Equity Fund-Growth Option,INF789F01513,,121.2653,121.2653,121.2653,2017-08-09
120662,UTI - Equity Fund-Growth Option - Direct,INF789F01TC4,,123.3412,123.3412,123.3412,2017-08-09
100668,UTI - Equity Fund-Income Option,INF189A01053,INF789F01505,92.2882,92.2882,92.2882,2017-08-09
120663,UTI - Equity Fund-Income Option - Direct,INF789F01TA8,INF789F01TB6,93.9952,93.9952,93.9952,2017-08-09
119527,Aditya Birla Sun Life Frontline Equity Fund - Dividend - Direct Plan,INF209K01YX9,INF209K01YW1,48.79,48.30,48.79,2017-08-09
119528,Aditya Birla Sun Life Frontline Equity Fund - Growth - Direct Plan,INF209K01YY7,,218.68,216.49,218.68,2017-08-09
103173,Aditya Birla Sun Life Frontline Equity Fund-Dividend,INF209K01BO6,INF209K01EC5,28.66,28.37,28.66,2017-08-09
103174,Aditya Birla Sun Life Frontline Equity Fund-Growth,INF209K01BR9,,209.72,207.62,209.72,2017-08-09
120466,Axis Bluechip Fund - Direct Plan - Dividend,INF846K01DN3,INF846K01DO1,16.46,16.30,16.46,2017-08-09
120465,Axis Bluechip Fund - Direct Plan - Growth,INF846K01DP8,,24.56,24.31,24.56,2017-08-09
112278,Axis Bluechip Fund - Regular Plan - Dividend,INF846K01172,INF846K01180,15.59,15.43,15.59,2017-08-09
112277,Axis Bluechip Fund - Regular Plan - Growth,INF846K01164,,23.36,23.13,23.36,2017-08-09
112944,Baroda Large cap Fund - Plan A - Dividend Option,INF955L01617,INF955L01625,12.51,12.38,12.51,2017-08-09
112943,Baroda Large cap Fund - Plan A - Growth Option,INF955L01633,,13.59,13.45,13.59,2017-08-09
119366,Baroda Large cap Fund - Plan B (Direct) - Dividend Option,INF955L01AH8,,12.92,12.79,12.92,2017-08-09
119367,Baroda Large cap Fund - Plan B (Direct) - Growth Option,INF955L01AJ4,,14.01,13.87,14.01,2017-08-09
113545,BNP PARIBAS  LARGE CAP Fund-Dividend Option,INF251K01910,INF251K01902,17.2100,17.2100,17.2100,2017-08-09
113544,BNP PARIBAS  LARGE CAP Fund-Growth Option,INF251K01894,,81.0300,81.0300,81.0300,2017-08-09
119894,BNP Paribas LARGE CAP Fund - Direct Plan - Dividend Option,INF251K01HL1,INF251K01HM9,18.1500,18.1500,18.1500,2017-08-09
119893,BNP Paribas LARGE CAP Fund - Direct Plan - Growth Option,INF251K01HN7,,84.8400,84.8400,84.8400,2017-08-09
118270,Canara Robeco Bluechip Equity Fund - Direct Plan - Dividend,INF760K01FP6,INF760K01FQ4,22.2700,22.2700,22.2700,2017-08-09
118269,Canara Robeco Bluechip Equity Fund - Direct Plan - Growth,INF760K01FR2,,22.4200,22.4200,22.4200,2017-08-09
113222,Canara Robeco Bluechip Equity Fund - Regular Plan - Dividend,INF760K01AS1,INF760K01AT9,16.8300,16.8300,16.8300,2017-08-09
113221,Canara Robeco Bluechip Equity Fund - Regular Plan - Growth,INF760K01AR3,,21.5300,21.5300,21.5300,2017-08-09
119249,DSP Top 100 Equity Fund - Direct Plan - Dividend,INF740K01PS1,INF740K01PT9,25.136,24.885,25.136,2017-08-09
119250,DSP Top 100 Equity Fund - Direct Plan - Growth,INF740K01PR3,,200.599,198.593,200.599,2017-08-09
101636,DSP Top 100 Equity Fund - Regular Plan - Dividend,INF740K01227,INF740K01235,23.178,22.946,23.178,2017-08-09
101635,DSP Top 100 Equity Fund - Regular Plan - Growth,INF740K01243,,195.062,193.111,195.062,2017-08-09
118616,Edelweiss Large Cap Fund - Direct Plan-Dividend Option,INF754K01BT0,INF754K01BU8,22.99,22.76,22.99,2017-08-09
118617,Edelweiss Large Cap Fund - Direct Plan-Growth option,INF754K01BW4,,31.66,31.34,31.66,2017-08-09
111940,Edelweiss Large Cap Fund - Regular Plan - Growth option,INF754K01046,,30.8,30.49,30.8,2017-08-09
111936,Edelweiss Large Cap Fund - Regular Plan -Dividend option,INF754K01012,INF754K01020,20.59,20.38,20.59,2017-08-09
111938,Edelweiss Large Cap Fund -Plan B - Dividend option,INF754K01053,INF754K01061,31.33,31.02,31.33,2017-08-09
111935,Edelweiss Large Cap Fund -Plan B - Growth option,INF754K01087,,30.96,30.65,30.96,2017-08-09
111939,Edelweiss Large Cap Fund -Plan C - Dividend option,INF754K01095,INF754K01103,24.97,24.72,24.97,2017-08-09
111937,Edelweiss Large Cap Fund -Plan C - Growth option,INF754K01129,,30.55,30.24,30.55,2017-08-09
115790,Essel Large Cap Equity Fund - Growth Option,INF959L01080,,21.8666,21.8666,21.8666,2017-08-09
115788,Essel Large Cap Equity Fund - Regular Plan- Normal Dividend Option,INF959L01064,INF959L01072,17.1050,17.1050,17.1050,2017-08-09
135658,Essel Large Cap Equity Fund- Direct Plan- Half Yearly Dividend Option,INF959L01BT3,INF959L01BU1,15.8029,15.8029,15.8029,2017-08-09
135656,Essel Large Cap Equity Fund- Direct Plan- Quarterly Dividend Option,INF959L01BK2,INF959L01BO4,15.7404,15.7404,15.7404,2017-08-09
135659,Essel Large Cap Equity Fund- Direct Plan- Yearly Dividend Option,INF959L01BV9,INF959L01BW7,20.5749,20.5749,20.5749,2017-08-09
135657,Essel Large Cap Equity Fund- Regular Plan- Half Yearly Dividend Option,INF959L01BZ0,INF959L01CA1,14.0704,14.0704,14.0704,2017-08-09
135661,Essel Large Cap Equity Fund- Regular Plan- Quarterly Dividend Option,INF959L01BX5,INF959L01BY3,15.8682,15.8682,15.8682,2017-08-09
135660,Essel Large Cap Equity Fund- Regular Plan- Yearly Dividend Option,INF959L01CB9,INF959L01CC7,18.6342,18.6342,18.6342,2017-08-09
119149,Essel Large Cap Equity Fund-Direct Plan- Normal Dividend Option,INF959L01601,INF959L01619,18.0991,18.0991,18.0991,2017-08-09
119148,Essel Large Cap Equity Fund-Direct Plan-Growth Option,INF959L01593,,23.1948,23.1948,23.1948,2017-08-09
118531,Franklin India Bluechip Fund- Direct - Growth,INF090I01FN7,,453.6859,449.1490,453.6859,2017-08-09
118462,Franklin India Bluechip Fund- Direct -Dividend,INF090I01FO5,INF090I01FP2,44.6009,44.1549,44.6009,2017-08-09
100470,Franklin India Bluechip Fund-Dividend,INF090I01155,INF090I01163,42.5314,42.1061,42.5314,2017-08-09
100471,Franklin India Bluechip Fund-Growth,INF090I01171,,436.6423,432.2759,436.6423,2017-08-09
102001,HDFC Top 100 Fund - Dividend Option,INF179K01BC6,INF179K01BD4,53.9980,53.4580,53.9980,2017-08-09
102000,HDFC Top 100 Fund - Growth Option,INF179K01BE2,,433.9550,429.6150,433.9550,2017-08-09
119017,HDFC Top 100 Fund -Direct Plan - Dividend Option,INF179K01YT2,INF179K01YU0,55.9890,55.4290,55.9890,2017-08-09
119018,HDFC Top 100 Fund -Direct Plan - Growth Option,INF179K01YV8,,446.8830,442.4140,446.8830,2017-08-09
101593,HSBC Large Cap Equity Fund - Dividend,INF336L01024,INF336L01032,31.6098,31.6098,31.6098,2017-08-09
120029,HSBC Large Cap Equity Fund - Dividend Direct,INF336L01CK1,INF336L01CL9,32.9641,32.9641,32.9641,2017-08-09
101594,HSBC Large Cap Equity Fund - Growth,INF336L01016,,192.0304,192.0304,192.0304,2017-08-09
120030,HSBC Large Cap Equity Fund - Growth Direct,INF336L01CM7,,198.6729,198.6729,198.6729,2017-08-09
120585,ICICI Prudential Bluechip Fund - Direct Plan - Dividend,INF109K014L5,INF109K015L2,32.78,32.45,32.78,2017-08-09
120586,ICICI Prudential Bluechip Fund - Direct Plan - Growth,INF109K016L0,,38.91,38.52,38.91,2017-08-09
108465,ICICI Prudential Bluechip Fund - Dividend,INF109K01EP9,INF109K01BM2,23.53,23.29,23.53,2017-08-09
108466,ICICI Prudential Bluechip Fund - Growth,INF109K01BL4,,37.38,37.01,37.38,2017-08-09
108467,ICICI Prudential Bluechip Fund - Institutional Option - I - Growth,INF109K01BN0,,40.56,40.15,40.56,2017-08-09
117310,IDBI India Top 100 Equity Fund Dividend,INF397L01836,INF397L01844,18.6700,18.4800,18.6700,2017-08-09
118448,IDBI India Top 100 Equity Fund Dividend Direct,INF397L01BW0,INF397L01BX8,19.4600,19.2700,19.4600,2017-08-09
117311,IDBI India Top 100 Equity Fund Growth,INF397L01869,,23.7800,23.5400,23.7800,2017-08-09
118344,IDBI India Top 100 Equity Fund Growth Direct,INF397L01BV2,,24.6700,24.4200,24.6700,2017-08-09
118478,IDFC Large Cap Fund-Direct Plan-Dividend,INF194K01Z51,INF194K01Z69,17.7598,17.7598,17.7598,2017-08-09
118479,IDFC Large Cap Fund-Direct Plan-Growth,INF194K01Z44,,31.0920,31.0920,31.0920,2017-08-09
108800,IDFC Large Cap Fund-Regular Plan-Dividend,INF194K01490,INF194K01508,14.7360,14.7360,14.7360,2017-08-09
108799,IDFC Large Cap Fund-Regular Plan-Growth,INF194K01516,,29.5507,29.5507,29.5507,2017-08-09
119134,Indiabulls Blue Chip Fund - Direct Plan - Dividend Option,INF666M01626,INF666M01618,11.73,11.61,11.73,2017-08-09
119133,Indiabulls Blue Chip Fund - Direct Plan - Growth Option,INF666M01600,,20.20,20.00,20.20,2017-08-09
140814,Indiabulls Blue Chip Fund - Direct Plan - Half Yearly Dividend Option,INF666M01CQ6,INF666M01CR4,11.37,11.26,11.37,2017-08-09
140809,Indiabulls Blue Chip Fund - Direct Plan - Monthly Dividend Option,INF666M01CM5,INF666M01CN3,11.22,11.11,11.22,2017-08-09
140811,Indiabulls Blue Chip Fund - Direct Plan - Quarterly Dividend Option,INF666M01CO1,INF666M01CP8,11.37,11.26,11.37,2017-08-09
116548,Indiabulls Blue Chip Fund - Dividend Option,INF666M01188,INF666M01170,14.46,14.32,14.46,2017-08-09
116547,Indiabulls Blue Chip Fund - Growth Option,INF666M01162,,18.85,18.66,18.85,2017-08-09
140813,Indiabulls Blue Chip Fund - Regular Plan - Half Yearly Dividend Option,INF666M01CW4,INF666M01CX2,11.30,11.19,11.30,2017-08-09
140810,Indiabulls Blue Chip Fund - Regular Plan - Monthly Dividend option,INF666M01CS2,INF666M01CT0,11.18,11.07,11.18,2017-08-09
140812,Indiabulls Blue Chip Fund - Regular Plan - Quarterly Dividend Option,INF666M01CU8,INF666M01CV6,11.27,11.16,11.27,2017-08-09
120393,Invesco India Largecap Fund - Direct Plan - Dividend,INF205K01KZ1,INF205K01LA2,17.62,17.44,17.62,2017-08-09
120392,Invesco India Largecap Fund - Direct Plan - Growth,INF205K01LB0,,27.37,27.1,27.37,2017-08-09
112099,Invesco India Largecap Fund - Dividend,INF205K01320,INF205K01312,16.54,16.37,16.54,2017-08-09
112098,Invesco India Largecap Fund - Growth,INF205K01304,,25.62,25.36,25.62,2017-08-09
134958,JM Large Cap Fund (Direct) - Annual Dividend Option,INF192K01JU4,INF192K01JV2,27.0700,27.0700,27.0700,2017-08-09
120489,JM Large Cap Fund (Direct) - Dividend Option,INF192K01BX5,INF192K01BY3,26.3828,26.3828,26.3828,2017-08-09
120490,JM Large Cap Fund (Direct) - Growth Option,INF192K01BZ0,,65.5100,65.5100,65.5100,2017-08-09
134957,JM Large Cap Fund (Direct) - Half Yearly Dividend Option,INF192K01JR0,INF192K01JZ3,26.8775,26.8775,26.8775,2017-08-09
134956,JM Large Cap Fund (Direct) - Monthly Dividend Option,INF192K01JJ7,INF192K01JK5,27.0700,27.0700,27.0700,2017-08-09
134960,JM Large Cap Fund (Direct) - Quarterly Dividend Option,INF192K01JN9,INF192K01JO7,27.0700,27.0700,27.0700,2017-08-09
134961,JM Large Cap Fund - Annual Dividend Option,INF192K01JS8,INF192K01JT6,26.0253,26.0253,26.0253,2017-08-09
134955,JM Large Cap Fund - Half Yearly Dividend Option,INF192K01JP4,INF192K01JQ2,11.2933,11.2933,11.2933,2017-08-09
134959,JM Large Cap Fund - Monthly Dividend Option,INF192K01JH1,INF192K01JI9,25.7851,25.7851,25.7851,2017-08-09
134954,JM Large Cap Fund - Quarterly Dividend Option,INF192K01JL3,INF192K01JM1,21.2914,21.2914,21.2914,2017-08-09
100218,JM Large Cap Fund-Dividend,INF192K01585,INF192K01593,25.3405,25.3405,25.3405,2017-08-09
100219,JM Large Cap Fund-Growth,INF192K01601,,62.2525,62.2525,62.2525,2017-08-09
114457,Kotak Bluechip Fund - Dividend,INF174K01179,INF174K01161,36.445,36.081,36.445,2017-08-09
120153,Kotak Bluechip Fund - Dividend - Direct,INF174K01KY2,INF174K01KX4,38.681,38.294,38.681,2017-08-09
114458,Kotak Bluechip Fund - Growth,INF174K01153,,209.467,207.372,209.467,2017-08-09
120152,Kotak Bluechip Fund - Growth - Direct,INF174K01KW6,,219.278,217.085,219.278,2017-08-09
119308,L&T India Large Cap Fund - Direct Plan - Growth,INF917K01FQ0,,25.501,25.246,25.501,2017-08-09
119314,L&T India Large Cap Fund - Direct Plan- Dividend,INF917K01FP2,INF917K01FO5,19.024,18.834,19.024,2017-08-09
118070,L&T India Large Cap Fund - Regular Plan - Dividend,INF677K01163,INF677K01171,18.001,17.821,18.001,2017-08-09
118069,L&T India Large Cap Fund - Regular Plan - Growth,INF677K01155,,24.716,24.469,24.716,2017-08-09
120268,LIC MF Large Cap Fund-Direct Plan-Dividend,INF767K01EI9,INF767K01EK5,19.4915,19.2966,19.4915,2017-08-09
120267,LIC MF Large Cap Fund-Direct Plan-Growth,INF767K01EJ7,,25.0141,24.7640,25.0141,2017-08-09
100332,LIC MF Large Cap Fund-Regular Plan-Dividend,INF767K01097,INF767K01089,17.4907,17.3158,17.4907,2017-08-09
106871,LIC MF Large Cap Fund-Regular Plan-Growth,INF767K01105,,24.1103,23.8692,24.1103,2017-08-09
118826,Mirae Asset Large Cap Fund - Direct Plan - Dividend,INF769K01AY0,INF769K01AZ7,34.290,33.947,34.290,2017-08-09
118825,Mirae Asset Large Cap Fund - Direct Plan - Growth,INF769K01AX2,,46.048,45.588,46.048,2017-08-09
107579,Mirae Asset large Cap Fund - Dividend Plan,INF769K01036,INF769K01028,19.118,18.927,19.118,2017-08-09
107578,Mirae Asset Large Cap Fund - Growth Plan,INF769K01010,,44.234,43.792,44.234,2017-08-09
106235,Nippon India Large Cap  Fund- Growth Plan -Growth Option,INF204K01562,,30.0622,29.7616,30.0622,2017-08-09
118634,Nippon India Large Cap Fund - Direct Plan Dividend Plan,INF204K01XG7,INF204K01XH5,20.2824,20.0796,20.2824,2017-08-09
118633,Nippon India Large Cap Fund - Direct Plan Growth Plan - Bonus Option,INF204K01D30,,31.2446,30.9322,31.2446,2017-08-09
118632,Nippon India Large Cap Fund - Direct Plan Growth Plan - Growth Option,INF204K01XI3,,31.2446,30.9322,31.2446,2017-08-09
106236,Nippon India Large Cap Fund- Dividend Plan,INF204K01539,INF204K01547,16.4084,16.2443,16.4084,2017-08-09
106240,Nippon India Large Cap Fund- Growth Plan Bonus Option,INF204K01554,,30.0622,29.7616,30.0622,2017-08-09
106238,Nippon India Large Cap Fund-Institutional Plan Growth Plan Bonus Option,INF204K01513,,31.0009,30.6909,31.0009,2017-08-09
138311,PGIM India Large Cap Fund - BONUS OPTION,INF223J01895,,20.83,20.62,20.83,2017-08-09
138314,PGIM India Large Cap Fund - Direct Plan - Bonus,INF223J01MM0,,21.74,21.52,21.74,2017-08-09
138313,PGIM India Large Cap Fund - Direct Plan - Dividend,INF663L01GS2,INF663L01GT0,22.33,22.11,22.33,2017-08-09
138312,PGIM India Large Cap Fund - Direct Plan - Growth,INF663L01GR4,,163.21,161.58,163.21,2017-08-09
138307,PGIM India Large Cap Fund - Dividend,INF663L01GU8,INF663L01GV6,19.28,19.09,19.28,2017-08-09
138308,PGIM India Large Cap Fund - Growth,INF663L01GW4,,154.71,153.16,154.71,2017-08-09
138310,PGIM India Large Cap Fund Wealth Plan - Growth Option,INF223J01267,,32.3,31.98,32.3,2017-08-09
138309,PGIM India Large Cap Fund Wealth Plan -Dividend Option,INF223J01242,,14.27,14.13,14.27,2017-08-09
119585,SBI BLUE CHIP FUND - DIRECT PLAN - DIVIDEND,INF200K01QV8,INF200K01QW6,24.5340,24.2887,24.5340,2017-08-09
103616,SBI BLUE CHIP FUND- REGULAR PLAN - DIVIDEND,INF200K01164,INF200K01172,20.6712,20.4645,20.6712,2017-08-09
119598,SBI BLUE CHIP FUND-DIRECT PLAN -GROWTH,INF200K01QX4,,37.7944,37.4165,37.7944,2017-08-09
103504,SBI BLUE CHIP FUND-REGULAR PLAN GROWTH,INF200K01180,,36.3241,35.9609,36.3241,2017-08-09
119159,Tata Large Cap Fund -Direct Plan Dividend,INF277K01QX2,INF277K01QY0,51.9036,51.3846,51.9036,2017-08-09
119160,Tata Large Cap Fund -Direct Plan Growth,INF277K01QZ7,,211.3582,209.2446,211.3582,2017-08-09
102036,Tata Large Cap Fund -Regular Plan - Dividend Option,INF277K01EG3,INF277K01923,47.4986,47.0236,47.4986,2017-08-09
100475,Tata Large Cap Fund Regular Plan - Growth,INF277K01931,,199.9867,197.9868,199.9867,2017-08-09
108403,Taurus Largecap Equity Fund- Regular Plan - Dividend Option,INF044D01740,INF044D01757,46.32,46.09,46.32,2017-08-09
101209,Taurus Largecap Equity Fund- Regular Plan - Growth Option,INF044D01773,,72.33,71.97,72.33,2017-08-09
118871,Taurus Largecap Equity Fund-Direct Plan-Dividend Option,INF044D01BY1,INF044D01BZ8,47.71,47.47,47.71,2017-08-09
118870,Taurus Largecap Equity Fund-Direct Plan-Growth Option,INF044D01BX3,,75.11,74.73,75.11,2017-08-09
141249,Union Largecap Fund - Direct Plan - Dividend Option,INF582M01CV5,INF582M01CW3,10.15,10.05,10.15,2017-08-09
141248,Union Largecap Fund - Direct Plan - Growth Option,INF582M01CU7,,10.15,10.05,10.15,2017-08-09
141250,Union Largecap Fund - Regular Plan - Dividend Option,INF582M01CR3,INF582M01CS1,10.11,10.01,10.11,2017-08-09
141247,Union Largecap Fund - Regular Plan - Growth Option,INF582M01CQ5,,10.11,10.01,10.11,2017-08-09
100651,UTI - Master Share-Growth Option,INF789F01976,,107.4172,107.4172,107.4172,2017-08-09
120656,UTI - Master Share-Growth Option - Direct,INF789F01US8,,109.8169,109.8169,109.8169,2017-08-09
100650,UTI - Master Share-Income Option,INF189A01038,INF789F01950,34.4882,34.4882,34.4882,2017-08-09
120657,UTI - Master Share-Income Option - Direct,INF789F01UQ2,INF789F01UR0,35.4091,35.4091,35.4091,2017-08-09
119433,Aditya Birla Sun Life Equity Advantage Fund - Dividend - Direct Plan,INF209K01VG0,INF209K01VI6,141.79,140.37,141.79,2017-08-09
119436,Aditya Birla Sun Life Equity Advantage Fund - Growth - Direct Plan,INF209K01VH8,,431.26,426.95,431.26,2017-08-09
100033,Aditya Birla Sun Life Equity Advantage Fund - Regular Growth,INF209K01165,,416.89,412.72,416.89,2017-08-09
100034,Aditya Birla Sun Life Equity Advantage Fund -Regular Dividend,INF209K01157,INF209K01CE5,113.27,112.14,113.27,2017-08-09
110598,BOI AXA Large & Mid Cap  Equity Fund Regular Plan- Quarterly Dividend,INF761K01116,INF761K01124,13.13,13.00,13.13,2017-08-09
119349,BOI AXA Large & Mid Cap Equity Fund Direct  Plan- Quarterly Dividend,INF761K01678,INF761K01660,13.01,12.88,13.01,2017-08-09
119300,BOI AXA Large & Mid Cap Equity Fund Direct Plan- Bonus,INF761K01629,,18.31,18.13,18.31,2017-08-09
119350,BOI AXA Large & Mid Cap Equity Fund Direct Plan-Growth,INF761K01652,,35.35,35.00,35.35,2017-08-09
119346,BOI AXA Large & Mid Cap Equity Fund Direct Plan-Regular Dividend,INF761K01645,INF761K01637,15.10,14.95,15.10,2017-08-09
110599,BOI AXA Large & Mid Cap Equity Fund Eco Plan- Growth,INF761K01041,,35.12,34.77,0.00,2017-08-09
110601,BOI AXA Large & Mid Cap Equity Fund Eco Plan-Bonus,INF761K01017,,35.11,34.76,0.00,2017-08-09
110604,BOI AXA Large & Mid Cap Equity Fund Eco Plan-Quarterly Dividend,INF761K01058,INF761K01066,12.84,12.71,0.00,2017-08-09
110608,BOI AXA Large & Mid Cap Equity Fund Eco Plan-Regular Dividend,INF761K01025,INF761K01033,14.93,14.78,0.00,2017-08-09
110603,BOI AXA Large & Mid Cap Equity Fund Regular Plan- Growth,INF761K01108,,33.63,33.29,33.63,2017-08-09
110607,BOI AXA Large & Mid Cap Equity Fund Regular Plan- Regular Dividend,INF761K01082,INF761K01090,13.17,13.04,13.17,2017-08-09
110606,BOI AXA Large & Mid Cap Equity Fund Regular Plan-Bonus,INF761K01074,,33.63,33.29,33.63,2017-08-09
102920,Canara Robeco Emerging Equities - Regular Plan - GROWTH,INF760K01167,,85.8900,85.8900,85.8900,2017-08-09
118277,Canara Robeco Emerging Equities-Direct Plan-Dividend Option,INF760K01EG8,INF760K01EH6,60.4700,60.4700,60.4700,2017-08-09
118278,Canara Robeco Emerging Equities-Direct Plan-Growth Option,INF760K01EI4,,89.7400,89.7400,89.7400,2017-08-09
102921,Canara Robeco Emerging Equities-Regular Plan - DIVIDEND,INF760K01175,INF760K01183,45.2300,45.2300,45.2300,2017-08-09
119219,DSP Equity Opportunities Fund - Direct Plan - Dividend,INF740K01PM4,INF740K01PN2,51.213,50.701,51.213,2017-08-09
119218,DSP Equity Opportunities Fund - Direct Plan - Growth,INF740K01PL6,,214.256,212.113,214.256,2017-08-09
103820,DSP Equity Opportunities Fund-Regular Plan - Dividend,INF740K01078,INF740K01086,29.544,29.249,29.544,2017-08-09
103819,DSP Equity Opportunities Fund-Regular Plan - Growth,INF740K01094,,207.397,205.323,207.397,2017-08-09
140174,Edelweiss Large & Mid Cap Fund - Direct Plan - Dividend Option,INF843K01AM8,INF843K01AN6,17.145,16.974,17.145,2017-08-09
140175,Edelweiss Large & Mid Cap Fund - Direct Plan - Growth Option,INF843K01AL0,,29.098,28.807,29.098,2017-08-09
140173,Edelweiss Large & Mid Cap Fund - Regular Plan - Dividend Option,INF843K01054,INF843K01062,16.389,16.225,16.389,2017-08-09
140172,Edelweiss Large & Mid Cap Fund - Regular Plan - Growth Option,INF843K01047,,27.787,27.509,27.787,2017-08-09
135677,Essel Large & Midcap Fund- Direct Plan- Growth Option,INF959L01CH6,,14.4630,14.4630,14.4630,2017-08-09
135679,Essel Large & Midcap Fund- Direct Plan- Normal Dividend Option,INF959L01CI4,INF959L01CJ2,14.3055,14.3055,14.3055,2017-08-09
135678,Essel Large & Midcap Fund- Regular Plan- Growth Option,INF959L01CK0,,14.0227,14.0227,14.0227,2017-08-09
135680,Essel Large & Midcap Fund- Regular Plan- Normal Dividend Option,INF959L01CL8,INF959L01CM6,14.0192,14.0192,14.0192,2017-08-09
118509,Franklin India Equity Advantage Fund - Direct - Dividend,INF090I01IL5,INF090I01IM3,18.4272,18.2429,18.4272,2017-08-09
118510,Franklin India Equity Advantage Fund - Direct - Growth,INF090I01IN1,,77.7585,76.9809,77.7585,2017-08-09
102883,Franklin India Equity Advantage Fund - Growth Plan,INF090I01205,,75.2547,74.5022,75.2547,2017-08-09
102884,Franklin India Equity Advantage Fund-Dividend Plan,INF090I01189,INF090I01197,17.6971,17.5201,17.6971,2017-08-09
130499,HDFC Growth Opportunities Fund - Direct Dividend Plan,INF179KA1RR5,,25.0730,24.8220,25.0730,2017-08-09
130498,HDFC Growth Opportunities Fund - Direct Growth Plan,INF179KA1RQ7,,106.7620,105.6940,106.7620,2017-08-09
130497,HDFC Growth Opportunities Fund - Regular Dividend Plan,INF179KA1RU9,,22.2210,21.9990,22.2210,2017-08-09
130496,HDFC Growth Opportunities Fund - Regular Growth Plan,INF179KA1RT1,,105.8590,104.8000,105.8590,2017-08-09
120597,ICICI Prudential Large & Mid Cap Fund - Direct Plan - Dividend,INF109K019N0,INF109K010O7,24.20,23.96,24.20,2017-08-09
120596,ICICI Prudential Large & Mid Cap Fund - Direct Plan - Growth,INF109K011O5,,319.02,315.83,319.02,2017-08-09
100348,ICICI Prudential Large & Mid Cap Fund - Dividend,INF109K01EQ7,INF109K01449,18.64,18.45,18.64,2017-08-09
100349,ICICI Prudential Large & Mid Cap Fund - Growth,INF109K01431,,306.48,303.42,306.48,2017-08-09
118420,IDFC Core Equity Fund-Direct Plan-Dividend,INF194K01V97,INF194K01W05,17.3619,17.3619,17.3619,2017-08-09
118419,IDFC Core Equity Fund-Direct Plan-Growth,INF194K01V89,,44.7085,44.7085,44.7085,2017-08-09
108597,IDFC Core Equity Fund-Regular Plan-Dividend,INF194K01532,INF194K01540,15.6822,15.6822,15.6822,2017-08-09
108596,IDFC Core Equity Fund-Regular Plan-Growth,INF194K01524,,42.3393,42.3393,42.3393,2017-08-09
120356,Invesco India Growth Opportunities Fund - Direct Plan - Dividend,INF205K01LY2,INF205K01LZ9,17.48,17.31,17.48,2017-08-09
120357,Invesco India Growth Opportunities Fund - Direct Plan - Growth,INF205K01MA0,,31.77,31.45,31.77,2017-08-09
106143,Invesco India Growth Opportunities Fund - Dividend,INF205K01262,INF205K01254,16.2,16.04,16.2,2017-08-09
106144,Invesco India Growth Opportunities Fund - Growth,INF205K01247,,29.69,29.39,29.69,2017-08-09
103233,Kotak Equity Opportunities Fund - Dividend,INF174K01203,INF174K01195,27.981,27.701,27.981,2017-08-09
120157,Kotak Equity Opportunities Fund - Dividend - Direct,INF174K01LG7,,29.459,29.164,29.459,2017-08-09
103234,Kotak Equity Opportunities Fund - Growth,INF174K01187,,110.84,109.732,110.84,2017-08-09
120158,Kotak Equity Opportunities Fund - Growth - Direct,INF174K01LF9,,116.013,114.853,116.013,2017-08-09
119398,L&T Large and Midcap Fund- Direct Plan -Dividend,INF917K01FS6,INF917K01FR8,30.73,30.423,30.73,2017-08-09
119397,L&T Large and Midcap Fund-Direct Plan-Growth,INF917K01FT4,,47.102,46.631,47.102,2017-08-09
118050,L&T Large and Midcap Fund-Regular Plan-Dividend,INF677K01106,INF677K01114,29.403,29.109,29.403,2017-08-09
118049,L&T Large and Midcap Fund-Regular Plan-Growth,INF677K01098,,45.613,45.157,45.613,2017-08-09
133709,LIC MF Large & Mid Cap Fund-Direct Plan-Dividend,INF767K01ND1,INF767K01NF6,14.0504,13.9099,14.0504,2017-08-09
133710,LIC MF Large & Mid Cap Fund-Direct Plan-Growth,INF767K01NE9,,14.0581,13.9175,14.0581,2017-08-09
133712,LIC MF Large & Mid Cap Fund-Regular Plan-Dividend,INF767K01NA7,INF767K01NC3,13.7213,13.5841,13.7213,2017-08-09
133711,LIC MF Large & Mid Cap Fund-Regular Plan-Growth,INF767K01NB5,,13.7214,13.5842,13.7214,2017-08-09
118835,Mirae Asset Emerging Bluechip Fund - Direct Plan - Dividend,INF769K01BJ9,INF769K01BK7,44.254,43.811,44.254,2017-08-09
118834,Mirae Asset Emerging Bluechip Fund - Direct Plan - Growth,INF769K01BI1,,48.534,48.049,48.534,2017-08-09
112931,Mirae Asset Emerging Bluechip Fund - Regular Plan - Dividend,INF769K01127,INF769K01119,27.891,27.612,27.891,2017-08-09
112932,Mirae Asset Emerging Bluechip Fund - Regular Plan - Growth Option,INF769K01101,,46.472,46.007,46.472,2017-08-09
118676,Nippon India Vision Fund - Direct Plan Dividend Plan,INF204K01F04,INF204K01F12,49.1265,48.6352,49.1265,2017-08-09
118675,Nippon India Vision Fund - Direct Plan Growth Plan - Bonus Option,INF204K01E96,,96.4321,95.4678,96.4321,2017-08-09
118678,Nippon India Vision Fund - Direct Plan Growth Plan - Growth Option,INF204K01F20,,568.7814,563.0936,568.7814,2017-08-09
106255,Nippon India Vision Fund Institutional Dividend Plan,INF204K01331,INF204K01349,304.8637,301.8151,304.8637,2017-08-09
100378,Nippon India Vision Fund-DIVIDEND PLAN-D,INF204K01372,INF204K01380,47.2806,46.8078,47.2806,2017-08-09
100379,Nippon India Vision Fund-GROWTH PLAN-Bonus Option,INF204K01398,,93.0243,92.0941,93.0243,2017-08-09
100380,Nippon India Vision Fund-GROWTH PLAN-Growth Option,INF204K01406,,552.3320,546.8087,552.3320,2017-08-09
119441,Principal Emerging Bluechip Fund - Direct Plan - Growth Option,INF173K01EG4,,102.31,101.29,102.31,2017-08-09
119440,Principal Emerging Bluechip Fund - Direct Plan - Half Yearly Dividend Option,INF173K01EI0,INF173K01EH2,77.89,77.11,77.89,2017-08-09
111381,Principal Emerging Bluechip Fund - Growth Option,INF173K01155,,98.48,97.50,98.48,2017-08-09
111382,Principal Emerging Bluechip Fund - Half Yearly Dividend Option,INF173K01163,INF173K01171,43.30,42.87,43.30,2017-08-09
104515,Quant Large & Mid Cap Fund - Bonus Option,INF966L01424,,36.0524,35.6919,36.0524,2017-08-09
120824,Quant Large & Mid Cap Fund - Bonus Option-Direct Plan,INF966L01655,,36.0524,35.6919,36.0524,2017-08-09
104514,Quant Large & Mid Cap Fund - Dividend Option,INF966L01325,INF966L01333,23.8586,23.6200,23.8586,2017-08-09
120825,Quant Large & Mid Cap Fund - Dividend Option-Direct Plan,INF966L01622,INF966L01630,18.8635,18.6749,18.8635,2017-08-09
104513,Quant Large & Mid Cap Fund - Growth Option,INF966L01341,,36.0273,35.6670,36.0273,2017-08-09
120826,Quant Large & Mid Cap Fund - Growth Option-Direct Plan,INF966L01648,,36.3765,36.0127,36.3765,2017-08-09
119720,SBI LARGE & MIDCAP FUND - DIRECT PLAN -Dividend,INF200K01UH9,INF200K01UI7,116.8212,115.6530,116.8212,2017-08-09
101530,SBI LARGE & MIDCAP FUND - REGULAR PLAN -Dividend,INF200K01289,INF200K01297,99.3206,98.3274,99.3206,2017-08-09
119721,SBI LARGE & MIDCAP FUND -DIRECT PLAN -Growth,INF200K01UJ5,,200.6334,198.6271,200.6334,2017-08-09
103024,SBI LARGE & MIDCAP FUND- REGULAR PLAN -Growth,INF200K01305,,196.8591,194.8905,196.8591,2017-08-09
105000,Sundaram Large and Midcap Dividend,INF903J01DU9,INF903J01DV7,19.9340,19.7347,19.9340,2017-08-09
119565,Sundaram Large and Midcap Fund  - Direct Plan - Dividend Option,INF903J01PP3,INF903J01PQ1,20.5412,20.3358,20.5412,2017-08-09
119566,Sundaram Large and Midcap Fund- Direct Plan - Growth Option,INF903J01PR9,,30.3717,30.0680,30.3717,2017-08-09
105001,Sundaram Large and Midcap Growth,INF903J01DT1,,29.6210,29.3248,29.6210,2017-08-09
119201,Tata Large & Mid Cap Fund -Direct Plan Dividend,INF277K01MI2,INF277K01MJ0,41.4402,41.0258,41.4402,2017-08-09
119202,Tata Large & MId Cap Fund -Direct Plan Growth,INF277K01MK8,,194.1637,192.2221,194.1637,2017-08-09
101823,Tata Large & Mid Cap Fund Regular Plan - Dividend,INF277K01DH3,INF277K01410,33.2053,32.8732,33.2053,2017-08-09
101824,Tata Large & Mid Cap Fund- Regular Plan - Growth,INF277K01428,,184.5030,182.6580,184.5030,2017-08-09
120665,UTI - Core Equity Fund - Direct Plan - Growth Option,INF789F01UG3,,60.4421,60.4421,60.4421,2017-08-09
120664,UTI - Core Equity Fund - Direct Plan - Income Option,INF789F01UE8,INF789F01UF5,34.8091,34.8091,34.8091,2017-08-09
100664,UTI - Core Equity Fund - Regular Plan - Growth Option,INF789F01869,,59.329,59.329,59.329,2017-08-09
100663,UTI - Core Equity Fund - Regular Plan - Income Option,INF189A01046,INF789F01851,34.0662,34.0662,34.0662,2017-08-09
119619,Aditya Birla Sun Life Midcap Fund - Dividend - Direct Plan,INF209K01Q22,,58.20,57.62,58.20,2017-08-09
119620,Aditya Birla Sun Life Midcap Fund - Growth - Direct Plan,INF209K01Q30,,309.60,306.50,309.60,2017-08-09
101591,Aditya Birla Sun Life MIDCAP Fund-Dividend,INF209K01355,INF209K01CN6,38.70,38.31,38.70,2017-08-09
101592,Aditya Birla Sun Life MIDCAP Fund-Growth,INF209K01363,,298.28,295.30,298.28,2017-08-09
120504,Axis Midcap Fund - Direct Plan - Dividend,INF846K01EF7,INF846K01EG5,27.30,27.03,27.30,2017-08-09
120505,Axis Midcap Fund - Direct Plan - Growth,INF846K01EH3,,31.77,31.45,31.77,2017-08-09
114565,Axis Midcap Fund - Regular Plan - Dividend,INF846K01867,INF846K01875,23.41,23.18,23.41,2017-08-09
114564,Axis Midcap Fund - Regular Plan - Growth,INF846K01859,,30.06,29.76,30.06,2017-08-09
113328,Baroda Mid-cap Fund- Plan A - Dividend Option,INF955L01583,INF955L01591,8.89,8.80,8.89,2017-08-09
113327,Baroda Mid-cap Fund- Plan A - Growth Option,INF955L01609,,8.89,8.80,8.89,2017-08-09
119392,Baroda Mid-cap Fund- Plan B (Direct) - Growth Option,INF955L01AV9,,9.21,9.12,9.21,2017-08-09
119313,Baroda Mid-cap Fund-Plan B (Direct)-Dividend Option,INF955L01AT3,,9.21,9.12,9.21,2017-08-09
120001,BNP Paribas Mid Cap Fund - Direct Plan - Dividend Option,INF251K01HO5,INF251K01HP2,34.2520,34.2520,34.2520,2017-08-09
120002,BNP Paribas Mid Cap Fund - Direct Plan - Growth Option,INF251K01HQ0,,34.4100,34.4100,34.4100,2017-08-09
113567,BNP Paribas Mid Cap Fund-Dividend Option,INF251K01AX1,INF251K01AY9,31.3660,31.3660,31.3660,2017-08-09
113566,BNP Paribas Mid Cap Fund-Growth Option,INF251K01AW3,,32.6060,32.6060,32.6060,2017-08-09
139530,BOI AXA MID & SMALL CAP EQUITY & DEBT FUND - DIRECT PLAN  DIVIDEND,INF761K01DN4,INF761K01DO2,11.43,11.32,11.43,2017-08-09
139527,BOI AXA MID & SMALL CAP EQUITY & DEBT FUND - DIRECT PLAN GROWTH,INF761K01DM6,,12.30,12.18,12.30,2017-08-09
139528,BOI AXA MID & SMALL CAP EQUITY & DEBT FUND - REGULAR  PLAN  DIVIDEND,INF761K01DQ7,INF761K01DR5,11.41,11.30,11.41,2017-08-09
139529,BOI AXA MID & SMALL CAP EQUITY & DEBT FUND - REGULAR  PLAN  GROWTH,INF761K01DP9,,12.18,12.06,12.18,2017-08-09
119070,DSP Midcap Fund - Direct Plan - Dividend,INF740K01PY9,INF740K01PZ6,41.484,41.069,41.484,2017-08-09
119071,DSP Midcap Fund - Direct Plan - Growth,INF740K01PX1,,53.244,52.712,53.244,2017-08-09
104482,DSP Midcap Fund - Regular Plan - Dividend,INF740K01102,INF740K01110,24.204,23.962,24.204,2017-08-09
104481,DSP Midcap Fund - Regular Plan - Growth,INF740K01128,,51.562,51.046,51.562,2017-08-09
140227,Edelweiss Mid Cap Fund - Direct Plan - Dividend Option,INF843K01AP1,INF843K01AQ9,25.072,24.821,25.072,2017-08-09
140228,Edelweiss Mid Cap Fund - Direct Plan - Growth Option,INF843K01AO4,,26.048,25.788,26.048,2017-08-09
140226,Edelweiss Mid Cap Fund - Regular Plan - Dividend Option,INF843K01021,INF843K01039,23.044,22.814,23.044,2017-08-09
140225,Edelweiss Mid Cap Fund - Regular Plan - Growth Option,INF843K01013,,24.995,24.745,24.995,2017-08-09
118532,Franklin India Prima Fund - Direct - Dividend,INF090I01FI7,INF090I01FJ5,67.1571,66.4855,67.1571,2017-08-09
118533,Franklin India Prima Fund - Direct - Growth,INF090I01FH9,,945.8738,936.4151,945.8738,2017-08-09
100472,Franklin India Prima Fund-Dividend,INF090I01726,INF090I01734,63.1596,62.5280,63.1596,2017-08-09
100473,Franklin India Prima Fund-Growth,INF090I01809,,901.4903,892.4754,901.4903,2017-08-09
118988,HDFC Mid Cap Opportunities Fund -Direct Plan - Dividend Option,INF179K01XO5,INF179K01XP2,37.8710,37.4920,37.8710,2017-08-09
118989,HDFC Mid Cap Opportunities Fund -Direct Plan - Growth Option,INF179K01XQ0,,54.6150,54.0690,54.6150,2017-08-09
105757,HDFC Mid-Cap Opportunities Fund - Dividend Option,INF179K01CS0,INF179K01CT8,32.2860,31.9630,32.2860,2017-08-09
105758,HDFC Mid-Cap Opportunities Fund - Growth Option,INF179K01CR2,,52.6600,52.1330,52.6600,2017-08-09
140458,IDBI Midcap Fund Dividend Direct,INF397L01JH4,INF397L01JI2,11.3900,11.2800,11.3900,2017-08-09
140459,IDBI Midcap Fund Dividend Regular,INF397L01JL6,INF397L01JM4,11.2400,11.1300,11.2400,2017-08-09
140461,IDBI Midcap Fund Growth Direct,INF397L01JK8,,11.3900,11.2800,11.3900,2017-08-09
140460,IDBI Midcap Fund Growth Regular,INF397L01JO0,,11.2400,11.1300,11.2400,2017-08-09
120402,Invesco India Midcap Fund - Direct Plan - Dividend Option,INF205K01MT0,INF205K01MU8,27.76,27.48,27.76,2017-08-09
120403,Invesco India Midcap Fund - Direct Plan - Growth Option,INF205K01MV6,,46.51,46.04,46.51,2017-08-09
105504,Invesco India Midcap Fund - Dividend Option,INF205K01BD7,INF205K01BE5,25.57,25.31,25.57,2017-08-09
105503,Invesco India Midcap Fund - Growth Option,INF205K01BC9,,43.4,42.97,43.4,2017-08-09
104907,Kotak Emerging Equity Scheme - Dividend,INF174K01DU5,INF174K01DT7,24.828,24.58,24.828,2017-08-09
119774,Kotak Emerging Equity Scheme - Dividend - Direct,INF174K01LU8,INF174K01LV6,27.977,27.697,27.977,2017-08-09
104908,Kotak Emerging Equity Scheme - Growth,INF174K01DS9,,36.324,35.961,36.324,2017-08-09
119775,Kotak Emerging Equity Scheme - Growth - Direct,INF174K01LT0,,38.245,37.863,38.245,2017-08-09
119806,L&T Mid Cap Fund-Direct Plan -Dividend,INF917K01FX6,,51.63,51.11,51.63,2017-08-09
119807,L&T Mid Cap Fund-Direct Plan-Growth,INF917K01FZ1,,136.24,134.88,136.24,2017-08-09
112495,L&T Mid Cap Fund-Regular Plan-Dividend,INF917K01239,INF917K01247,49.61,49.11,49.61,2017-08-09
112496,L&T Mid Cap Fund-Regular Plan-Growth,INF917K01254,,131.38,130.07,131.38,2017-08-09
127044,Motilal Oswal Midcap 30 Fund (MOF30)-Direct Plan-Dividend Option,INF247L01460,INF247L01452,22.6511,22.6511,22.6511,2017-08-09
127042,Motilal Oswal Midcap 30 Fund (MOF30)-Direct Plan-Growth Option,INF247L01445,,25.7700,25.7700,25.7700,2017-08-09
127040,Motilal Oswal Midcap 30 Fund (MOF30)-Regular Plan-Dividend Option,INF247L01437,INF247L01429,21.6420,21.6420,21.6420,2017-08-09
127039,Motilal Oswal Midcap 30 Fund (MOF30)-Regular Plan-Growth Option,INF247L01411,,24.6921,24.6921,24.6921,2017-08-09
118666,Nippon India Growth Fund - Direct Plan Dividend Plan,INF204K01E39,INF204K01E47,84.5771,83.7313,84.5771,2017-08-09
118665,Nippon India Growth Fund - Direct Plan Growth Plan - Bonus Option,INF204K01E21,,179.8138,178.0157,179.8138,2017-08-09
118668,Nippon India Growth Fund - Direct Plan Growth Plan - Growth Option,INF204K01E54,,1082.3768,1071.5530,1082.3768,2017-08-09
106260,Nippon India Growth Fund Institutional Plan Dividend Plan,INF204K01257,INF204K01265,627.5565,621.2809,627.5565,2017-08-09
100375,Nippon India Growth Fund-Dividend Plan-(D),INF204K01299,INF204K01307,69.4464,68.7519,69.4464,2017-08-09
100376,Nippon India Growth Fund-Growth Plan-Bonus Option,INF204K01315,,174.5137,172.7686,174.5137,2017-08-09
100377,Nippon India Growth Fund-Growth Plan-Growth Option,INF204K01323,,1048.2465,1037.7640,1048.2465,2017-08-09
125301,PGIM India Midcap Opportunities Fund - Direct Plan - Dividend Option - Payout,INF663L01DW1,INF663L01DX9,16.58,16.41,16.58,2017-08-09
125307,PGIM India Midcap Opportunities Fund - Direct Plan - Growth Option,INF663L01DV3,,19.01,18.82,19.01,2017-08-09
125306,PGIM India Midcap Opportunities Fund - Regular Plan - Dividend Option - Payout,INF663L01EA5,INF663L01EB3,14.69,14.54,14.69,2017-08-09
125305,PGIM India Midcap Opportunities Fund - Regular Plan - Growth Option,INF663L01DZ4,,18.59,18.4,18.59,2017-08-09
101066,Quant Mid Cap Fund-Dividend,INF966L01150,INF966L01168,18.1546,17.9731,18.1546,2017-08-09
120840,Quant Mid Cap Fund-Dividend Option-Direct Plan,INF966L01861,INF966L01879,18.1546,17.9731,18.1546,2017-08-09
101065,Quant Mid Cap Fund-Growth,INF966L01176,,51.2915,50.7786,51.2915,2017-08-09
120841,Quant Mid Cap Fund-Growth Option-Direct Plan,INF966L01887,,51.5566,51.0410,51.5566,2017-08-09
119716,SBI Magnum MIDCAP FUND - DIRECT PLAN - GROWTH,INF200K01TP4,,78.9814,78.1916,78.9814,2017-08-09
119715,SBI Magnum MIDCAP FUND - DIRECT PLAN -DIVIDEND,INF200K01TN9,INF200K01TO7,47.2285,46.7562,47.2285,2017-08-09
102941,SBI Magnum MIDCAP FUND - REGULAR PLAN - GROWTH,INF200K01560,,75.7961,75.0381,75.7961,2017-08-09
102942,SBI Magnum MIDCAP FUND - REGULAR PLAN -DIVIDEND,INF200K01578,INF200K01586,32.6785,32.3517,32.6785,2017-08-09
101539,Sundaram Mid Cap Fund -Growth,INF903J01173,,474.1090,469.3679,474.1090,2017-08-09
111942,Sundaram Mid Cap Fund -Institutional Dividend,INF903J01215,INF903J01223,37.0923,36.7214,37.0923,2017-08-09
111941,Sundaram Mid Cap Fund -Institutional Growth,INF903J01207,,495.0983,490.1473,495.0983,2017-08-09
119582,Sundaram Mid Cap Fund- Direct Plan - Dividend Option,INF903J01MH7,INF903J01MI5,41.5840,41.1682,41.5840,2017-08-09
119581,Sundaram Mid Cap Fund- Direct Plan - Growth Option,INF903J01MJ3,,485.0550,480.2045,485.0550,2017-08-09
101538,Sundaram Mid Cap Fund- Regular Dividend,INF903J01181,INF903J01199,40.4787,40.0739,40.4787,2017-08-09
119182,Tata Mid Cap Growth Fund - Direct Plan Bonus(Growth),INF277K01PV8,,122.6419,121.4155,122.6419,2017-08-09
119177,Tata Mid Cap Growth Fund - Direct Plan Dividend,INF277K01PW6,INF277K01PX4,50.5894,50.0835,50.5894,2017-08-09
119178,Tata Mid Cap Growth Fund - Direct Plan Growth,INF277K01PY2,,133.6572,132.3206,133.6572,2017-08-09
102326,Tata Mid Cap Growth Fund-Regular Plan - Dividend,INF277K01DS0,INF277K01642,42.2093,41.7872,42.2093,2017-08-09
102328,Tata Mid Cap Growth Fund Regular Plan- Growth,INF277K01626,,129.1666,127.8749,129.1666,2017-08-09
102329,Tata Mid Cap Growth Fund Regular Plan  - Bonus (Growth),INF277K01634,,120.2377,119.0353,120.2377,2017-08-09
111642,Taurus Discovery (Midcap) Fund - Regular Plan - Divided Option,INF044D01781,INF044D01799,36.19,36.01,36.19,2017-08-09
100477,Taurus Discovery (Midcap) Fund - Regular Plan - Growth Option,INF044D01815,,40.61,40.41,40.61,2017-08-09
118873,Taurus Discovery (Midcap) Fund-Direct Plan-Dividend Option,INF044D01CB7,INF044D01CC5,36.92,36.74,36.92,2017-08-09
118872,Taurus Discovery (Midcap) Fund-Direct Plan-Growth Option,INF044D01CA9,,41.54,41.33,41.54,2017-08-09
102394,UTI Mid Cap Fund-Growth Option,INF789F01810,,100.2435,100.2435,100.2435,2017-08-09
120726,UTI Mid Cap Fund-Growth Option- Direct,INF789F01UA6,,103.8578,103.8578,103.8578,2017-08-09
102393,UTI Mid Cap Fund-Income Option,INF789F01794,INF789F01802,54.4878,54.4878,54.4878,2017-08-09
120727,UTI Mid Cap Fund-Income Option- Direct,INF789F01TY8,INF789F01TZ5,58.0547,58.0547,58.0547,2017-08-09
105805,Aditya Birla Sun Life Small Cap Fund - DIVIDEND,INF209K01EO0,INF209K01EP7,26.2643,26.0017,26.2643,2017-08-09
119557,Aditya Birla Sun Life Small Cap Fund - Dividend - Direct Plan,INF209K01WM6,,37.4313,37.0570,37.4313,2017-08-09
105804,Aditya Birla Sun Life Small Cap Fund - GROWTH,INF209K01EN2,,37.1372,36.7658,37.1372,2017-08-09
119556,Aditya Birla Sun Life Small Cap Fund - Growth - Direct Plan,INF209K01WN4,,38.6346,38.2483,38.6346,2017-08-09
125351,Axis Small Cap Fund - Direct Plan - Dividend,INF846K01K43,INF846K01K50,23.67,23.67,23.67,2017-08-09
125354,Axis Small Cap Fund - Direct Plan - Growth,INF846K01K35,,26.29,26.29,26.29,2017-08-09
125352,Axis Small Cap Fund - Regular Plan - Dividend,INF846K01K19,INF846K01K27,22.67,22.67,22.67,2017-08-09
125350,Axis Small Cap Fund - Regular Plan - Growth,INF846K01K01,,25.24,25.24,25.24,2017-08-09
119213,DSP Small Cap Fund - Direct Plan - Dividend,INF740K01QE9,INF740K01QF6,36.916,36.547,36.916,2017-08-09
119212,DSP Small Cap Fund - Direct Plan - Growth,INF740K01QD1,,60.802,60.194,60.802,2017-08-09
113153,DSP Small Cap Fund - Regular - Dividend,INF740K01805,INF740K01AM6,35.818,35.460,35.818,2017-08-09
105989,DSP Small Cap Fund - Regular - Growth,INF740K01797,,58.989,58.399,58.989,2017-08-09
118524,Franklin India Smaller Companies Fund - Direct - Dividend,INF090I01IO9,INF090I01IP6,30.7966,30.4886,30.7966,2017-08-09
118525,Franklin India Smaller Companies Fund - Direct - Growth,INF090I01IQ4,,56.6034,56.0374,56.6034,2017-08-09
103361,Franklin India Smaller Companies Fund-Dividend,INF090I01544,INF090I01551,29.0098,28.7197,29.0098,2017-08-09
103360,Franklin India Smaller Companies Fund-Growth,INF090I01569,,53.8364,53.2980,53.8364,2017-08-09
130504,HDFC Small Cap Fund - Direct Dividend Plan,INF179KA1RX3,INF179KA1RY1,25.6210,25.3650,25.6210,2017-08-09
130503,HDFC Small Cap Fund - Direct Growth Plan,INF179KA1RW5,,38.6900,38.3030,38.6900,2017-08-09
130501,HDFC Small Cap Fund - Regular Dividend Plan,INF179KA1SA9,INF179KA1SB7,24.1620,23.9200,24.1620,2017-08-09
130502,HDFC Small Cap Fund - Regular Growth Plan,INF179KA1RZ8,,36.9970,36.6270,36.9970,2017-08-09
103007,HSBC Small Cap Equity Fund - Dividend,INF336L01AU4,INF336L01AT6,22.5147,22.5147,22.5147,2017-08-09
120068,HSBC Small Cap Equity Fund - Dividend Direct,INF336L01DO1,INF336L01DP8,26.95,26.95,26.95,2017-08-09
103006,HSBC Small Cap Equity Fund - Growth,INF336L01AV2,,52.3536,52.3536,52.3536,2017-08-09
120069,HSBC Small Cap Equity Fund - Growth Direct,INF336L01DQ6,,54.1814,54.1814,54.1814,2017-08-09
120870,ICICI Prudential Smallcap Fund - Direct Plan - Dividend,INF109K013M5,INF109K014M3,26.59,26.32,26.59,2017-08-09
120591,ICICI Prudential Smallcap Fund - Direct Plan - Growth,INF109K015M0,,26.59,26.32,26.59,2017-08-09
106822,ICICI Prudential Smallcap Fund - Dividend,INF109K01FA8,INF109K01BJ8,18.25,18.07,18.25,2017-08-09
106823,ICICI Prudential Smallcap Fund - Growth,INF109K01BI0,,25.97,25.71,25.97,2017-08-09
106821,ICICI Prudential Smallcap Fund - Institutional Growth,INF109K01BK6,,25.97,25.71,25.97,2017-08-09
141477,IDBI Small Cap Fund - Dividend Regular,INF397L01JT9,INF397L01JU7,10.0000,9.9000,10.0000,2017-08-09
141475,IDBI Small Cap Fund - Growth Direct,INF397L01JS1,,10.0400,9.9400,10.0400,2017-08-09
141476,IDBI Small Cap Fund Dividend Direct,INF397L01JP7,INF397L01JQ5,10.0400,9.9400,10.0400,2017-08-09
141462,IDBI Small Cap Fund Growth Regular,INF397L01JW3,,10.0000,9.9000,10.0000,2017-08-09
102874,Kotak-Small Cap Fund - Dividend,INF174K01237,INF174K01229,38.306,37.923,38.306,2017-08-09
120163,Kotak-Small Cap Fund - Dividend - Direct,INF174K01KU0,,40.69,40.283,40.69,2017-08-09
102875,Kotak-Small Cap Fund - Growth,INF174K01211,,71.964,71.244,71.964,2017-08-09
120164,Kotak-Small Cap Fund - Growth - Direct,INF174K01KT2,,76.088,75.327,76.088,2017-08-09
129222,L&T Emerging Businesses Fund - Direct Plan - Dividend,INF917K01PZ0,,22.662,22.435,22.662,2017-08-09
129220,L&T Emerging Businesses Fund - Direct Plan - Growth,INF917K01QA1,,24.558,24.312,24.558,2017-08-09
129221,L&T Emerging Businesses Fund - Regular Plan - Dividend,INF917K01QB9,,22.12,21.899,22.12,2017-08-09
129223,L&T Emerging Businesses Fund - Regular Plan - Growth,INF917K01QC7,,24.005,23.765,24.005,2017-08-09
118775,Nippon India Small Cap Fund - Direct Plan Dividend Plan,INF204K01J91,INF204K01K07,30.8680,30.5593,30.8680,2017-08-09
118777,Nippon India Small Cap Fund - Direct Plan Growth Plan - Bonus Option,INF204K01J83,,39.4350,39.0407,39.4350,2017-08-09
118778,Nippon India Small Cap Fund - Direct Plan Growth Plan - Growth Option,INF204K01K15,,39.4350,39.0407,39.4350,2017-08-09
113179,Nippon India Small Cap Fund - Dividend Plan,INF204K01IA1,INF204K01IB9,29.4771,29.1823,29.4771,2017-08-09
113178,Nippon India Small Cap Fund - Growth Plan - Bonus Option,INF204K01HZ0,,37.8617,37.4831,37.8617,2017-08-09
113177,Nippon India Small Cap Fund - Growth Plan - Growth Option,INF204K01HY3,,37.8617,37.4831,37.8617,2017-08-09
100177,Quant Small Cap Fund -Growth,INF966L01AA0,,50.5245,50.0193,50.5245,2017-08-09
100176,Quant Small Cap Fund-Dividend,INF966L01036,INF966L01044,40.7274,40.3201,40.7274,2017-08-09
120827,Quant Small Cap Fund-Dividend Option-Direct Plan,INF966L01663,INF966L01671,41.1098,40.6987,41.1098,2017-08-09
120828,Quant Small Cap Fund-Growth Option-Direct Plan,INF966L01689,,50.9568,50.4472,50.9568,2017-08-09
125496,SBI Small Cap Fund - Direct Plan - Dividend,INF200K01T69,INF200K01T77,41.3984,40.9844,41.3984,2017-08-09
125497,SBI Small Cap Fund - Direct Plan - Growth,INF200K01T51,,47.6533,47.1768,47.6533,2017-08-09
125495,SBI Small Cap Fund - Regular Plan - Dividend,INF200K01T36,INF200K01T44,34.1059,33.7648,34.1059,2017-08-09
125494,SBI Small Cap Fund - Regular Plan - Growth,INF200K01T28,,45.3454,44.8919,45.3454,2017-08-09
119588,Sundaram Small Cap  Fund - Direct Plan - Dividend Option,INF903J01NI3,INF903J01NJ1,24.4774,24.2326,24.4774,2017-08-09
119589,Sundaram Small Cap Fund - Direct Plan - Growth Option,INF903J01NK9,,96.1871,95.2252,96.1871,2017-08-09
112064,Sundaram Small Cap Fund -iNST Growth,INF903J01504,,98.2106,97.2285,98.2106,2017-08-09
100794,Sundaram Small Cap Fund-Dividend,INF903J01454,INF903J01462,23.8047,23.5667,23.8047,2017-08-09
112207,Sundaram Small Cap Fund-Inst Dividend,INF903J01488,INF903J01496,25.1440,24.8926,25.1440,2017-08-09
100795,Sundaram Small Cap Fund-Regular Growth,INF903J01470,,94.1243,93.1831,94.1243,2017-08-09
129646,Union Small Cap Fund - Direct Plan - Dividend Option,INF582M01BW5,INF582M01BV7,15.02,14.87,15.02,2017-08-09
129649,Union Small Cap Fund - Direct Plan - Growth Option,INF582M01BU9,,15.02,14.87,15.02,2017-08-09
129648,Union Small Cap Fund - Regular Plan - Dividend Option,INF582M01CA9,INF582M01BZ8,14.60,14.45,14.60,2017-08-09
129647,Union Small Cap Fund - Regular Plan - Growth Option,INF582M01BY1,,14.60,14.45,14.60,2017-08-09
119506,Aditya Birla Sun Life Dividend Yield Fund - Dividend - Direct Plan,INF209K01Q55,INF209K01WB9,25.68,25.42,25.68,2017-08-09
101737,Aditya Birla Sun Life Dividend Yield Fund - Dividend - Regular Plan,INF209K01397,INF209K01CP1,17.10,16.93,17.10,2017-08-09
119507,Aditya Birla Sun Life Dividend Yield Fund - Growth - Direct Plan,INF209K01WA1,,178.53,176.74,178.53,2017-08-09
101738,Aditya Birla Sun Life Dividend Yield Fund - Growth - Regular Plan,INF209K01405,,172.26,170.54,172.26,2017-08-09
118526,Templeton India Equity Income Fund - Direct - Dividend,INF090I01IR2,INF090I01IS0,17.3554,17.1818,17.3554,2017-08-09
118527,Templeton India Equity Income Fund - Direct - Growth,INF090I01IT8,,44.8199,44.3717,44.8199,2017-08-09
103679,Templeton India Equity Income Fund-Dividend Plan,INF090I01932,INF090I01940,16.8111,16.6430,16.8111,2017-08-09
103678,Templeton India Equity Income Fund-Growth Plan,INF090I01957,,43.6135,43.1774,43.6135,2017-08-09
129309,ICICI Prudential Dividend Yield Equity Fund Direct Plan Dividend Option,INF109KA1UB8,INF109KA1UC6,14.01,13.87,14.01,2017-08-09
129312,ICICI Prudential Dividend Yield Equity Fund Direct Plan Growth Option,INF109KA1UA0,,17.14,16.97,17.14,2017-08-09
129311,ICICI Prudential Dividend Yield Equity Fund Dividend Option,INF109KA1TY2,INF109KA1TZ9,13.65,13.51,13.65,2017-08-09
129310,ICICI Prudential Dividend Yield Equity Fund Growth Option,INF109KA1TX4,,16.77,16.60,16.77,2017-08-09
119438,Principal Dividend Yield Fund - Direct Plan - Growth Option,INF173K01EV3,,48.13,47.65,48.13,2017-08-09
119437,Principal Dividend Yield Fund- Direct Plan - Half Yearly Dividend Option,INF173K01ES9,INF173K01ET7,27.27,27.00,27.27,2017-08-09
102808,Principal Dividend Yield Fund- Half Yearly Dividend Plan,INF173K01AD9,INF173K01AE7,23.33,23.10,23.33,2017-08-09
102807,Principal Dividend Yield Fund-Growth Plan,INF173K01AC1,,47.07,46.60,47.07,2017-08-09
102858,Tata Dividend Yield Fund  Regular Plan -( Div),INF277K01DD2,INF277K01337,29.0827,28.7919,29.0827,2017-08-09
102859,Tata Dividend Yield Fund Regular Plan,INF277K01345,,72.6205,71.8943,72.6205,2017-08-09
119235,Tata Dividend Yield Fund-Direct Plan Dividend,INF277K01MQ5,INF277K01MR3,30.9338,30.6245,30.9338,2017-08-09
119234,Tata Dividend Yield Fund-Direct Plan Growth,INF277K01MS1,,74.8904,74.1415,74.8904,2017-08-09
103026,UTI-Dividend Yield Fund.-Growth,INF789F01463,,58.3931,58.3931,58.3931,2017-08-09
120749,UTI-Dividend Yield Fund.-Growth-Direct,INF789F01SW4,,60.0885,60.0885,60.0885,2017-08-09
103025,UTI-Dividend Yield Fund.-Income,INF789F01448,INF789F01455,16.5674,16.5674,16.5674,2017-08-09
120750,UTI-Dividend Yield Fund.-Income-Direct,INF789F01SU8,INF789F01SV6,18.0929,18.0929,18.0929,2017-08-09
119658,Aditya Birla Sun Life Pure Value Fund - Dividend - Direct Plan,INF209K01WP9,,46.3294,45.8661,46.3294,2017-08-09
108166,Aditya Birla Sun Life Pure Value Fund - Dividend Option,INF209K01LE6,INF209K01LG1,30.3437,30.0403,30.3437,2017-08-09
119659,Aditya Birla Sun Life Pure Value Fund - Growth - Direct Plan,INF209K01WQ7,,58.7553,58.1677,58.7553,2017-08-09
108167,Aditya Birla Sun Life Pure Value Fund - Growth Option,INF209K01LF3,,56.5347,55.9694,56.5347,2017-08-09
118493,Templeton India Value Fund - Direct - Dividend,INF090I01GW6,INF090I01GX4,76.1395,75.3781,76.1395,2017-08-09
118494,Templeton India Value Fund - Direct - Growth,INF090I01GY2,,261.2976,258.6846,261.2976,2017-08-09
100497,Templeton India Value Fund - Dividend Plan,INF090I01270,INF090I01288,73.4946,72.7597,73.4946,2017-08-09
100496,Templeton India Value Fund - Growth Plan,INF090I01296,,253.4362,250.9018,253.4362,2017-08-09
101765,HDFC Capital Builder Value Fund - Dividend Option,INF179K01400,INF179K01418,28.7200,28.4330,28.7200,2017-08-09
101764,HDFC Capital Builder Value Fund - Growth Option,INF179K01426,,263.3610,260.7270,263.3610,2017-08-09
118934,HDFC Capital Builder Value Fund -Direct Plan - Dividend Option,INF179K01VA8,INF179K01VB6,30.0090,29.7090,30.0090,2017-08-09
118935,HDFC Capital Builder Value Fund -Direct Plan - Growth Option,INF179K01VC4,,272.4480,269.7240,272.4480,2017-08-09
120322,ICICI Prudential Value Discovery Fund - Direct Plan - Dividend,INF109K011K3,INF109K010K5,51.52,51.00,51.52,2017-08-09
120323,ICICI Prudential Value Discovery Fund - Direct Plan - Growth,INF109K012K1,,141.58,140.16,141.58,2017-08-09
102595,ICICI Prudential Value Discovery Fund - Dividend,INF109K01EC7,INF109K01AD3,32.02,31.70,32.02,2017-08-09
102594,ICICI Prudential Value Discovery Fund - Growth,INF109K01AF8,,135.32,133.97,135.32,2017-08-09
108908,IDFC Sterling Value Fund -Regular Plan-Dividend,INF194K01359,INF194K01367,20.8473,20.8473,20.8473,2017-08-09
108909,IDFC Sterling Value Fund -Regular Plan-Growth,INF194K01342,,50.0715,50.0715,50.0715,2017-08-09
118480,IDFC Sterling Value Fund-Direct Plan-Dividend,INF194K01Z93,INF194K010A2,21.7924,21.7924,21.7924,2017-08-09
118481,IDFC Sterling Value Fund-Direct Plan-Growth,INF194K01Z85,,52.0217,52.0217,52.0217,2017-08-09
135342,Indiabulls Value Fund - Direct Plan - Dividend Option,INF666M01BF1,INF666M01BG9,13.4520,13.3175,13.4520,2017-08-09
135341,Indiabulls Value Fund - Direct Plan - Growth Option,INF666M01BE4,,13.4770,13.3422,13.4770,2017-08-09
140819,Indiabulls Value Fund - Direct Plan - Half Yearly Dividend Option,INF666M01DC4,INF666M01DD2,10.8700,10.7613,10.8700,2017-08-09
140815,Indiabulls Value Fund - Direct Plan - Monthly Dividend Option,INF666M01CY0,INF666M01CZ7,9.9488,9.8493,9.9488,2017-08-09
140817,Indiabulls Value Fund - Direct Plan - Quarterly Dividend Option,INF666M01DA8,INF666M01DB6,10.8679,10.7592,10.8679,2017-08-09
135344,Indiabulls Value Fund - Regular Plan - Dividend Option,INF666M01BI5,INF666M01BJ3,12.8795,12.7507,12.8795,2017-08-09
135343,Indiabulls Value Fund - Regular Plan - Growth Option,INF666M01BH7,,12.8816,12.7528,12.8816,2017-08-09
140820,Indiabulls Value Fund - Regular Plan - Half Yearly Dividend Option,INF666M01DI1,INF666M01DJ9,10.5436,10.4382,10.5436,2017-08-09
140816,Indiabulls Value Fund - Regular Plan - Monthly Dividend Option,INF666M01DE0,INF666M01DF7,9.9942,9.8943,9.9942,2017-08-09
120485,JM Value Fund (Direct) - Dividend Option,INF192K01BR7,INF192K01BS5,22.5217,22.5217,22.5217,2017-08-09
120486,JM Value Fund (Direct) - Growth Option,INF192K01BT3,,33.0542,33.0542,33.0542,2017-08-09
106168,JM Value Fund - Dividend Option,INF137A01011,INF137A01029,21.8779,21.8779,21.8779,2017-08-09
100254,JM Value Fund - Growth Option,INF137A01037,,31.3310,31.3310,31.3310,2017-08-09
119403,L&T India Value Fund-Direct Plan-Dividend,INF917K01HC6,INF917K01HB8,28.765,28.477,28.765,2017-08-09
119404,L&T India Value Fund-Direct Plan-Growth,INF917K01HD4,,36.283,35.92,36.283,2017-08-09
118103,L&T India Value Fund-Regular Plan-Dividend,INF677K01213,INF677K01015,26.345,26.082,26.345,2017-08-09
118102,L&T India Value Fund-Regular Plan-Growth,INF677K01023,,35.051,34.7,35.051,2017-08-09
118782,Nippon India Value Fund - Direct Plan Dividend Plan,INF204K01K23,INF204K01K31,30.7014,30.3944,30.7014,2017-08-09
118784,Nippon India Value Fund - Direct Plan Growth Plan,INF204K01K49,,68.4948,67.8099,68.4948,2017-08-09
103085,Nippon India Value Fund- Growth Plan,INF204K01GB3,,66.1119,65.4508,66.1119,2017-08-09
103086,Nippon India Value Fund-Dividend Plan,INF204K01GC1,INF204K01GD9,24.2433,24.0009,24.2433,2017-08-09
103491,Quantum Long Term Equity Value Fund - Direct Plan Dividend Option,INF082J01044,INF082J01051,51.43,49.37,51.43,2017-08-09
103490,Quantum Long Term Equity Value Fund - Direct Plan Growth Option,INF082J01036,,51.00,48.96,51.00,2017-08-09
141069,Quantum Long Term Equity Value Fund - Regular Plan Dividend Option,INF082J01259,INF082J01267,51.30,49.25,51.30,2017-08-09
141068,Quantum Long Term Equity Value Fund - Regular Plan Growth Option,INF082J01242,,50.97,48.93,50.97,2017-08-09
119232,Tata Equity P/E Fund -Direct Plan Dividend Trigger A (5%),INF277K01MZ6,INF277K01NA7,59.0304,58.4401,59.0304,2017-08-09
119233,Tata Equity P/E Fund -Direct Plan Dividend Trigger B(10%),INF277K01NB5,INF277K01NC3,57.1388,56.5674,57.1388,2017-08-09
119231,Tata Equity P/E Fund -Direct Plan Growth,INF277K01ND1,,131.3662,130.0525,131.3662,2017-08-09
101672,Tata Equity P/E Fund Regular Plan -(Growth Option),INF277K01451,,127.5933,126.3174,127.5933,2017-08-09
112218,Tata Equity P/E Fund Regular Plan (Dividend Trigger Option A - 5%),INF277K01DI1,INF277K01436,58.3172,57.7340,58.3172,2017-08-09
102428,Tata Equity P/E Fund Regular Plan (Dividend Trigger Option B - 10%),INF277K01DJ9,INF277K01444,54.9061,54.3570,54.9061,2017-08-09
120752,UTI Value Opportunities Fund - Direct Plan - Dividend Option,INF789F01UZ3,INF789F01VA4,20.6132,20.6132,20.6132,2017-08-09
120751,UTI Value Opportunities Fund- Direct Plan - Growth Option,INF789F01VB2,,56.7795,56.7795,56.7795,2017-08-09
103097,UTI Value Opportunities Fund- Regular Plan - Dividend Option,INF789F01AE0,INF789F01AF7,18.1106,18.1106,18.1106,2017-08-09
103098,UTI Value Opportunities Fund- Regular Plan - Growth Option,INF789F01AG5,,54.8754,54.8754,54.8754,2017-08-09
120349,Invesco India Contra Fund - Direct Plan - Dividend,INF205K01LC8,INF205K01LD6,27.98,27.7,27.98,2017-08-09
120348,Invesco India Contra Fund - Direct Plan - Growth,INF205K01LE4,,42.74,42.31,42.74,2017-08-09
105459,Invesco India Contra Fund - Dividend,INF205K01205,INF205K01197,24.69,24.44,24.69,2017-08-09
105460,Invesco India Contra Fund - Growth,INF205K01189,,40.17,39.77,40.17,2017-08-09
103039,Kotak India EQ Contra Fund - Dividend,INF174K01260,INF174K01252,22.884,22.884,22.884,2017-08-09
119768,Kotak India EQ Contra Fund - Dividend - Direct,INF174K01LA0,,24.517,24.517,24.517,2017-08-09
103040,Kotak India EQ Contra Fund - Growth,INF174K01245,,44.897,44.897,44.897,2017-08-09
119769,Kotak India EQ Contra Fund - Growth - Direct,INF174K01KZ9,,47.532,47.532,47.532,2017-08-09
119835,SBI CONTRA FUND - DIRECT PLAN - GROWTH,INF200K01RA0,,110.5225,109.4173,110.5225,2017-08-09
102414,SBI CONTRA FUND - REGULAR PLAN -GROWTH,INF200K01362,,107.4878,106.4129,107.4878,2017-08-09
119724,SBI CONTRA FUND-DIRECT PLAN -DIVIDEND,INF200K01QY2,INF200K01QZ9,26.0529,25.7924,26.0529,2017-08-09
100915,SBI CONTRA FUND-REGULAR PLAN -DIVIDEND,INF200K01347,INF200K01354,20.8091,20.6010,20.8091,2017-08-09
119563,Aditya Birla Sun Life Focused Equity Fund - Dividend - Direct Plan,INF209K01Q71,INF209K01WF0,32.9641,32.6345,32.9641,2017-08-09
119564,Aditya Birla Sun Life Focused Equity Fund - Growth - Direct Plan,INF209K01WE3,,57.8688,57.2901,57.8688,2017-08-09
103308,Aditya Birla Sun Life Focused Equity Fund -Dividend Option,INF209K01454,INF209K01CS5,17.2582,17.0856,17.2582,2017-08-09
103309,Aditya Birla Sun Life Focused Equity Fund -Growth Option,INF209K01462,,55.4535,54.8990,55.4535,2017-08-09
120467,Axis Focused 25 Fund - Direct Plan - Dividend Option,INF846K01CO3,INF846K01CP0,24.89,24.64,24.89,2017-08-09
120468,Axis Focused 25 Fund - Direct Plan - Growth Option,INF846K01CQ8,,25.20,24.95,25.20,2017-08-09
117559,Axis Focused 25 Fund - Regular Plan - Dividend Option,INF846K01CI5,INF846K01CJ3,18.52,18.33,18.52,2017-08-09
117560,Axis Focused 25 Fund - Regular Plan - Growth Option,INF846K01CH7,,23.84,23.60,23.84,2017-08-09
119095,DSP Focus Fund - Direct Plan - Dividend,INF740K01OC8,INF740K01OD6,22.542,22.317,22.542,2017-08-09
119096,DSP Focus Fund - Direct Plan - Growth,INF740K01OB0,,22.542,22.317,22.542,2017-08-09
113032,DSP Focus Fund - Regular Plan - Dividend,INF740K01540,INF740K01AC7,14.902,14.753,14.902,2017-08-09
112901,DSP Focus Fund - Regular Plan - Growth,INF740K01532,,21.884,21.665,21.884,2017-08-09
118563,Franklin India Focused Equity Fund - Direct - Dividend,INF090I01IU6,INF090I01IV4,27.1791,26.9073,27.1791,2017-08-09
118564,Franklin India Focused Equity Fund - Direct - Growth,INF090I01IW2,,38.6529,38.2664,38.6529,2017-08-09
105816,Franklin India Focused Equity Fund - Dividend Plan,INF090I01965,INF090I01973,25.7142,25.4571,25.7142,2017-08-09
105817,Franklin India Focused Equity Fund - Growth Plan,INF090I01981,,36.8117,36.4436,36.8117,2017-08-09
102761,HDFC Focused 30 Fund - DIVIDEND,INF179K01558,INF179K01566,20.5020,20.2970,20.5020,2017-08-09
102760,HDFC Focused 30 Fund - GROWTH,INF179K01574,,76.6180,75.8520,76.6180,2017-08-09
118949,HDFC Focused 30 Fund -Direct Plan - Dividend Option,INF179K01VI1,INF179K01VJ9,21.7170,21.5000,21.7170,2017-08-09
118950,HDFC Focused 30 Fund -Direct Plan - Growth Option,INF179K01VK7,,79.5120,78.7170,79.5120,2017-08-09
120723,ICICI Prudential Focused Equity Fund - Direct Plan - Dividend,INF109K016N6,INF109K017N4,25.63,25.37,25.63,2017-08-09
120722,ICICI Prudential Focused Equity Fund - Direct Plan - Growth,INF109K018N2,,28.91,28.62,28.91,2017-08-09
111958,ICICI Prudential Focused Equity Fund - Dividend,INF109K01FM3,INF109K01CA5,17.31,17.14,17.31,2017-08-09
111957,ICICI Prudential Focused Equity Fund - Growth,INF109K01BZ4,,27.65,27.37,27.65,2017-08-09
118422,IDFC Focused Equity Fund-Direct Plan-Dividend,INF194K01W39,INF194K01W47,17.7963,17.7963,17.7963,2017-08-09
118421,IDFC Focused Equity Fund-Direct Plan-Growth,INF194K01W21,,37.8789,37.8789,37.8789,2017-08-09
108593,IDFC Focused Equity Fund-Regular Plan-Dividend,INF194K01474,INF194K01482,14.6377,14.6377,14.6377,2017-08-09
108592,IDFC Focused Equity Fund-Regular Plan-Growth,INF194K01466,,35.9641,35.9641,35.9641,2017-08-09
131581,IIFL Focused Equity Fund - Direct Plan - Dividend,INF579M01910,INF579M01928,14.4997,14.2097,14.4997,2017-08-09
131579,IIFL Focused Equity Fund - Regular Plan - Dividend,INF579M01886,INF579M01894,12.6168,12.3645,12.6168,2017-08-09
131578,IIFL Focused Equity Fund -Regular Plan - Growth,INF579M01878,,14.2630,13.9777,14.2630,2017-08-09
131580,IIFL Focused Equity Fund-Direct Plan-Growth,INF579M01902,,14.6874,14.3937,14.6874,2017-08-09
120488,JM Core 11 Fund (Direct)  - Growth Option,INF192K01BW7,,8.8615,8.8615,8.8615,2017-08-09
120487,JM Core 11 Fund (Direct) - Dividend Option,INF192K01BU1,INF192K01BV9,8.6846,8.6846,8.6846,2017-08-09
107409,JM Core 11 Fund - Dividend option,INF192K01551,INF192K01569,8.3804,8.3804,8.3804,2017-08-09
107410,JM Core 11 Fund - Growth option,INF192K01577,,8.3808,8.3808,8.3808,2017-08-09
122390,Motilal Oswal Focused 25 Fund (MOF25) - Direct Plan Dividend Option,INF247L01205,INF247L01197,18.3360,18.3360,18.3360,2017-08-09
122388,Motilal Oswal Focused 25 Fund (MOF25) - Regular Plan Dividend Option,INF247L01171,INF247L01163,17.1805,17.1805,17.1805,2017-08-09
122389,Motilal Oswal Focused 25 Fund (MOF25)- Direct Plan Growth Option,INF247L01189,,21.7899,21.7899,21.7899,2017-08-09
122387,Motilal Oswal Focused 25 Fund (MOF25)- Regular Plan Growth Option,INF247L01155,,20.5162,20.5162,20.5162,2017-08-09
118693,Nippon India Focused Equity Fund - Direct Plan Dividend Plan,INF204K01F79,INF204K01F87,26.5279,26.5279,26.5279,2017-08-09
118692,Nippon India Focused Equity Fund - Direct Plan Growth Plan - Growth Option,INF204K01F95,,45.5739,45.5739,45.5739,2017-08-09
104638,Nippon India Focused Equity Fund -Dividend Plan,INF204K01GF4,INF204K01GG2,22.7051,22.7051,22.7051,2017-08-09
104637,Nippon India Focused Equity Fund -Growth Plan -Growth Option,INF204K01GE7,,43.9145,43.9145,43.9145,2017-08-09
119464,Principal Focused Multicap Fund- Direct Plan - Growth Option,INF173K01EK6,,60.03,59.43,60.03,2017-08-09
119465,Principal Focused Multicap Fund- Direct Plan - Half Yearly Dividend Option,INF173K01EM2,INF173K01EL4,27.11,26.84,27.11,2017-08-09
103335,Principal Focused Multicap Fund-Growth Option,INF173K01189,,58.29,57.71,58.29,2017-08-09
103334,Principal Focused Multicap Fund-Half Yearly Dividend Option,INF173K01197,INF173K01205,26.81,26.54,26.81,2017-08-09
109274,Quant Focused Fund - Dividend Option,INF966L01358,INF966L01366,23.0879,22.8570,23.0879,2017-08-09
120835,Quant Focused Fund - Dividend Option-Direct Plan,INF966L01838,INF966L01846,18.4288,18.2445,18.4288,2017-08-09
109275,Quant Focused Fund - Growth Option,INF966L01374,,28.7683,28.4806,28.7683,2017-08-09
120834,Quant Focused Fund - Growth Option-Direct Plan,INF966L01853,,28.4589,28.1743,28.4589,2017-08-09
119834,SBI FOCUSED EQUITY FUND - DIRECT PLAN - DIVIDEND,INF200K01RH5,INF200K01RI3,32.4881,32.1632,32.4881,2017-08-09
119727,SBI FOCUSED EQUITY FUND - DIRECT PLAN -GROWTH,INF200K01RJ1,,119.9708,118.7711,119.9708,2017-08-09
102765,SBI FOCUSED EQUITY FUND - REGULAR  PLAN - DIVIDEND,INF200K01388,INF200K01396,23.5089,23.2738,23.5089,2017-08-09
102756,SBI FOCUSED EQUITY FUND - REGULAR PLAN -GROWTH,INF200K01370,,115.4130,114.2589,115.4130,2017-08-09
119577,Sundaram Select Focus - Direct Plan - Dividend Option,INF903J01MT2,INF903J01MU0,14.1697,14.1697,14.1697,2017-08-09
119578,Sundaram Select Focus - Direct Plan - Growth Option,INF903J01MV8,,158.5210,158.5210,158.5210,2017-08-09
101536,Sundaram Select Focus-Dividend,INF903J01124,INF903J01132,13.8692,13.8692,13.8692,2017-08-09
101537,Sundaram Select Focus-Growth,INF903J01116,,155.4818,155.4818,155.4818,2017-08-09
103953,Sundaram Select Focus-Inst Dividend,INF903J01157,INF903J01165,14.3783,14.3783,14.3783,2017-08-09
108305,Sundaram Select Focus-Inst Growth,INF903J01140,,162.0281,162.0281,162.0281,2017-08-09
125598,Aditya Birla Sun Life Banking and Financial Services Fund - Direct Plan - Dividend,INF209K013W3,INF209K015W8,23.53,23.29,23.53,2017-08-09
125597,Aditya Birla Sun Life Banking and Financial Services Fund - Direct Plan - Growth,INF209K014W1,,27.78,27.50,27.78,2017-08-09
125596,Aditya Birla Sun Life Banking and Financial Services Fund - Regular Plan - Dividend,INF209K010W9,INF209K012W5,18.87,18.68,18.87,2017-08-09
125595,Aditya Birla Sun Life Banking and Financial Services Fund - Regular Plan - Growth,INF209K011W7,,26.87,26.60,26.87,2017-08-09
119575,Aditya Birla Sun Life Commodity Equities Fund - Global Agri Plan - Dividend - Direct Plan,INF209K01P64,INF209K01VM8,15.9719,15.8122,15.9719,2017-08-09
111348,Aditya Birla Sun Life Commodity Equities Fund - Global Agri Plan - Dividend - Regular Plan,INF209K01199,INF209K01CG0,15.6341,15.4778,15.6341,2017-08-09
119576,Aditya Birla Sun Life Commodity Equities Fund - Global Agri Plan - Growth - Direct Plan,INF209K01VL0,,22.4777,22.2529,22.4777,2017-08-09
111349,Aditya Birla Sun Life Commodity Equities Fund - Global Agri Plan - Growth - Regular Plan,INF209K01207,,22.0418,21.8214,22.0418,2017-08-09
120538,Aditya Birla Sun Life Digital India Fund - Dividend - Direct Plan,INF209K01P49,,19.41,19.22,19.41,2017-08-09
103167,Aditya Birla Sun Life Digital India Fund - Dividend - Regular Plan,INF209K01132,INF209K01CD7,16.35,16.19,16.35,2017-08-09
120539,Aditya Birla Sun Life Digital India Fund - Growth - Direct Plan,INF209K01VF2,,37.85,37.47,37.85,2017-08-09
103168,Aditya Birla Sun Life Digital India Fund - Growth - Regular Plan,INF209K01140,,36.65,36.28,36.65,2017-08-09
119590,Aditya Birla Sun Life India Gennext Fund - Dividend - Direct Plan,INF209K01Q63,,27.60,27.32,27.60,2017-08-09
119591,Aditya Birla Sun Life India Gennext Fund - Growth - Direct Plan,INF209K01WC7,,77.52,76.74,77.52,2017-08-09
103110,Aditya Birla Sun Life India Gennext Fund-Dividend Option,INF209K01439,INF209K01CR7,24.37,24.13,24.37,2017-08-09
103111,Aditya Birla Sun Life India Gennext Fund-Growth Option,INF209K01447,,74.22,73.48,74.22,2017-08-09
119515,Aditya Birla Sun Life Infrastructure Fund -  Dividend - Direct Plan,INF209K01WG8,,25.13,24.88,25.13,2017-08-09
119514,Aditya Birla Sun Life Infrastructure Fund - Growth - Direct Plan,INF209K01WH6,,36.62,36.25,36.62,2017-08-09
103475,Aditya Birla Sun Life Infrastructure Fund-Dividend,INF209K01470,INF209K01CT3,17.53,17.35,17.53,2017-08-09
103476,Aditya Birla Sun Life Infrastructure Fund-Growth,INF209K01504,,35.46,35.11,35.46,2017-08-09
119516,Aditya Birla Sun Life International Equity Fund - Plan A - Dividend - Direct Plan,INF209K01Q89,,17.2789,17.1061,17.2789,2017-08-09
106872,Aditya Birla Sun Life International Equity Fund - Plan A - Dividend - Regular Plan,INF209K01512,INF209K01CV9,13.6759,13.5391,13.6759,2017-08-09
119517,Aditya Birla Sun Life International Equity Fund - Plan A - Growth - Direct Plan,INF209K01WS3,,17.2655,17.0928,17.2655,2017-08-09
106873,Aditya Birla Sun Life International Equity Fund - Plan A - Growth - Regular Plan,INF209K01520,,16.8558,16.6872,16.8558,2017-08-09
119519,Aditya Birla Sun Life International Equity Fund - Plan B - Dividend - Direct Plan,INF209K01Q97,,17.9356,17.7562,17.9356,2017-08-09
106875,Aditya Birla Sun Life International Equity Fund - Plan B - Dividend - Regular Plan,INF209K01538,INF209K01CW7,15.7868,15.6289,15.7868,2017-08-09
119518,Aditya Birla Sun Life International Equity Fund - Plan B - Growth - Direct Plan,INF209K01WU9,,17.9449,17.7655,17.9449,2017-08-09
106876,Aditya Birla Sun Life International Equity Fund - Plan B - Growth - Regular Plan,INF209K01546,,17.5150,17.3398,17.5150,2017-08-09
133514,Aditya Birla Sun Life Manufacturing Equity Fund - Direct Plan - Dividend,INF209KA1YL8,INF209KA1YM6,12.62,12.49,12.62,2017-08-09
133516,Aditya Birla Sun Life Manufacturing Equity Fund - Direct Plan - Growth,INF209KA1YK0,,13.68,13.54,13.68,2017-08-09
133515,Aditya Birla Sun Life Manufacturing Equity Fund - Regular Plan - Dividend,INF209KA1YI4,INF209KA1YJ2,12.29,12.17,12.29,2017-08-09
133513,Aditya Birla Sun Life Manufacturing Equity Fund - Regular Plan - Growth,INF209KA1YH6,,13.35,13.22,13.35,2017-08-09
119647,Aditya Birla Sun Life MNC Fund - Dividend - Direct Plan,INF209K01Q06,INF209K01VU1,240.22,237.82,240.22,2017-08-09
100063,Aditya Birla Sun Life MNC Fund - Dividend - Regular Plan,INF209K01314,INF209K01CL0,169.59,167.89,169.59,2017-08-09
119646,Aditya Birla Sun Life MNC Fund - Growth - Direct Plan,INF209K01VT3,,708.32,701.24,708.32,2017-08-09
100064,Aditya Birla Sun Life MNC Fund - Growth - Regular Plan,INF209K01322,,679.38,672.59,679.38,2017-08-09
125114,Baroda Banking And Financial Services Fund - Plan A - Bonus Option,INF955L01DD1,,20.57,20.36,20.57,2017-08-09
117547,Baroda Banking and Financial Services Fund - Plan A - Dividend,INF955L01831,,17.49,17.32,17.49,2017-08-09
117549,Baroda Banking and Financial Services Fund - Plan A - Growth Option,INF955L01856,,20.57,20.36,20.57,2017-08-09
119334,Baroda Banking and Financial Services Fund - Plan B (Direct) - Dividend,INF955L01955,,18.21,18.03,18.21,2017-08-09
119333,Baroda Banking and Financial Services Fund - Plan B (Direct) - Growth Option,INF955L01971,,21.35,21.14,21.35,2017-08-09
119364,BOI AXA Manufacturing & Infrastructure Fund-Direct Plan-Growth,INF761K01702,,15.79,15.63,15.79,2017-08-09
119365,BOI AXA Manufacturing & Infrastructure Fund-Direct Plan-Quarterly Dividend,INF761K01728,INF761K01710,15.57,15.41,15.57,2017-08-09
119363,BOI AXA Manufacturing & Infrastructure Fund-Direct Plan-Regular Dividend,INF761K01694,INF761K01686,15.02,14.87,15.02,2017-08-09
112359,BOI AXA Manufacturing & Infrastructure Fund-Growth,INF761K01199,,14.98,14.83,14.98,2017-08-09
112360,BOI AXA Manufacturing & Infrastructure Fund-Quarterly Dividend,INF761K01231,INF761K01223,13.26,13.13,13.26,2017-08-09
112361,BOI AXA Manufacturing & Infrastructure Fund-Regular Dividend,INF761K01215,INF761K01207,13.89,13.75,13.89,2017-08-09
118274,Canara Robeco Consumer Trends Fund - Direct Plan - Dividend,INF760K01DS5,INF760K01DT3,33.1700,33.1700,33.1700,2017-08-09
118273,Canara Robeco Consumer Trends Fund - Direct Plan - Growth,INF760K01DU1,,35.7100,35.7100,35.7100,2017-08-09
112153,Canara Robeco Consumer Trends Fund - Regular Plan - Dividend Option,INF760K01225,INF760K01233,23.8600,23.8600,23.8600,2017-08-09
112152,Canara Robeco Consumer Trends Fund - Regular Plan - Growth Option,INF760K01241,,34.4100,34.4100,34.4100,2017-08-09
103389,Canara Robeco Infrastructure - Regular Plan - DIVIDEND,INF760K01258,INF760K01266,28.9100,28.9100,28.9100,2017-08-09
103390,Canara Robeco Infrastructure - Regular Plan - GROWTH,INF760K01274,,47.2600,47.2600,47.2600,2017-08-09
118268,Canara Robeco Infrastructure-Direct Plan - Dividend,INF760K01FM3,INF760K01FN1,35.0700,35.0700,35.0700,2017-08-09
118267,Canara Robeco Infrastructure-Direct Plan - Growth,INF760K01FO9,,48.7600,48.7600,48.7600,2017-08-09
119248,DSP India T.I.G.E.R. Fund - Direct Plan - Dividend,INF740K01PV5,INF740K01PW3,33.691,33.354,33.691,2017-08-09
119247,DSP India T.I.G.E.R. Fund - Direct Plan - Growth,INF740K01PU7,,93.624,92.688,93.624,2017-08-09
102435,DSP India T.I.G.E.R. Fund - Regular Plan - Dividend,INF740K01136,INF740K01144,19.504,19.309,19.504,2017-08-09
102434,DSP India T.I.G.E.R. Fund - Regular Plan - Growth,INF740K01151,,91.409,90.495,91.409,2017-08-09
119029,DSP Natural Resources and New Energy Fund - Direct Plan - Dividend,INF740K01QB5,INF740K01QC3,20.735,20.528,20.735,2017-08-09
119028,DSP Natural Resources and New Energy Fund - Direct Plan - Growth,INF740K01QA7,,34.367,34.023,34.367,2017-08-09
108202,DSP Natural Resources And New Energy Fund - Regular - Growth,INF740K01060,,33.479,33.144,33.479,2017-08-09
108203,DSP Natural Resources And New Energy Fund - Regular Plan - Dividend,INF740K01045,INF740K01052,20.250,20.048,20.250,2017-08-09
118558,Franklin Asian Equity Fund - Direct - Dividend,INF090I01IX0,INF090I01IY8,14.4813,14.3365,14.4813,2017-08-09
118559,Franklin Asian Equity Fund - Direct - Growth,INF090I01IZ5,,20.8757,20.6669,20.8757,2017-08-09
106978,Franklin Asian Equity Fund - Dividend Plan,INF090I01999,INF090I01AA5,14.0551,13.9145,14.0551,2017-08-09
106979,Franklin Asian Equity Fund - Growth Plan,INF090I01AB3,,20.2599,20.0573,20.2599,2017-08-09
118556,Franklin Build India Fund - Direct - Dividend,INF090I01JD0,INF090I01JE8,25.3915,25.1376,25.3915,2017-08-09
118557,Franklin Build India Fund - Direct - Growth,INF090I01JF5,,40.4546,40.0501,40.4546,2017-08-09
112093,Franklin Build India Fund Dividend Plan,INF090I01AC1,INF090I01AD9,23.8591,23.6205,23.8591,2017-08-09
112092,Franklin Build India Fund Growth Plan,INF090I01AE7,,38.3840,38.0002,38.3840,2017-08-09
118538,Franklin India Opportunities Fund - Direct - Dividend,INF090I01GD6,INF090I01GE4,21.7737,21.5560,21.7737,2017-08-09
118539,Franklin India Opportunities Fund - Direct - Growth,INF090I01GC8,,71.5904,70.8745,71.5904,2017-08-09
100524,Franklin India Opportunities Fund - Dividend,INF090I01858,INF090I01866,21.0912,20.8803,21.0912,2017-08-09
103151,Franklin India Opportunities Fund - Growth,INF090I01841,,69.5924,68.8965,69.5924,2017-08-09
118536,Franklin India Technology Fund - Direct - Dividend,INF090I01FF3,INF090I01FG1,23.1980,22.9660,23.1980,2017-08-09
118537,Franklin India Technology Fund - Direct - Growth,INF090I01FE6,,122.4736,121.2489,122.4736,2017-08-09
100521,Franklin India Technology Fund-Dividend,INF090I01759,INF090I01767,22.5964,22.3704,22.5964,2017-08-09
100522,Franklin India Technology Fund-Growth,INF090I01742,,119.3642,118.1706,119.3642,2017-08-09
107525,HDFC Infrastructure Fund - Dividend Option,INF179K01GE1,INF179K01GG6,14.6180,14.4720,14.6180,2017-08-09
107524,HDFC Infrastructure Fund - Growth Option,INF179K01GF8,,19.4070,19.2130,19.4070,2017-08-09
118978,HDFC Infrastructure Fund -Direct Plan - Dividend Option,INF179K01WP4,INF179K01WR0,18.4660,18.2810,18.4660,2017-08-09
118979,HDFC Infrastructure Fund -Direct Plan - Growth Option,INF179K01WQ2,,20.1480,19.9470,20.1480,2017-08-09
120033,HSBC Infrastructure Equity Fund - Dividend Direct,INF336L01DI3,INF336L01DJ1,19.7444,19.7444,19.7444,2017-08-09
103407,HSBC Infrastructure Equity Fund - Growth,INF336L01255,,22.4646,22.4646,22.4646,2017-08-09
120034,HSBC Infrastructure Equity Fund - Growth Direct,INF336L01DK9,,23.2238,23.2238,23.2238,2017-08-09
103406,HSBC Infrastructure Equity Fund- Dividend,INF336L01248,INF336L01230,19.1083,19.1083,19.1083,2017-08-09
109446,ICICI Prudential Banking and Financial Services Fund -  Dividend,INF109K01DY3,INF109K01BV3,39.37,38.98,39.37,2017-08-09
109445,ICICI Prudential Banking and Financial Services Fund -  Growth,INF109K01BU5,,59.37,58.78,59.37,2017-08-09
120245,ICICI Prudential Banking and Financial Services Fund - Direct Plan -  Dividend,INF109K011J5,INF109K012J3,55.48,54.93,55.48,2017-08-09
120244,ICICI Prudential Banking and Financial Services Fund - Direct Plan -  Growth,INF109K013J1,,62.15,61.53,62.15,2017-08-09
120687,ICICI Prudential Exports & Services Fund - Direct Plan - Dividend,INF109K01W09,INF109K01W17,35.31,34.96,35.31,2017-08-09
120688,ICICI Prudential Exports & Services Fund - Direct Plan - Growth,INF109K01W25,,54.03,53.49,54.03,2017-08-09
103313,ICICI Prudential Exports & Services Fund - Dividend,INF109K01FL5,INF109K01BA7,24.47,24.23,24.47,2017-08-09
103312,ICICI Prudential Exports & Services Fund - Growth,INF109K01BB5,,52.31,51.79,52.31,2017-08-09
120588,ICICI Prudential FMCG Fund - Direct Plan -  Dividend,INF109K01Y98,INF109K01Z06,97.76,96.78,97.76,2017-08-09
120587,ICICI Prudential FMCG Fund - Direct Plan -  Growth,INF109K01Z14,,207.32,205.25,207.32,2017-08-09
100351,ICICI Prudential FMCG Fund - Dividend,INF109K01EO2,INF109K01423,72.39,71.67,72.39,2017-08-09
100352,ICICI Prudential FMCG Fund - Growth,INF109K01415,,201.20,199.19,201.20,2017-08-09
120622,ICICI Prudential Infrastructure Fund - Direct Plan -  Dividend,INF109K016M8,INF109K017M6,17.76,17.58,17.76,2017-08-09
120621,ICICI Prudential Infrastructure Fund - Direct Plan -  Growth,INF109K018M4,,50.77,50.26,50.77,2017-08-09
103150,ICICI Prudential Infrastructure Fund - Dividend,INF109K01FB6,INF109K01AT9,15.18,15.03,15.18,2017-08-09
103149,ICICI Prudential Infrastructure Fund - Growth,INF109K01AV5,,49.28,48.79,49.28,2017-08-09
120595,ICICI Prudential Technology Fund - Direct Plan -  Dividend,INF109K01Z22,INF109K01Z30,38.96,38.57,38.96,2017-08-09
120594,ICICI Prudential Technology Fund - Direct Plan -  Growth,INF109K01Z48,,41.69,41.27,41.69,2017-08-09
115294,ICICI Prudential Technology Fund - Dividend,INF109K01FO9,INF109K01514,27.12,26.85,27.12,2017-08-09
100363,ICICI Prudential Technology Fund - Growth,INF109K01506,,40.31,39.91,40.31,2017-08-09
120185,ICICI Prudential US Bluechip Equity Fund - Direct Plan -  Dividend,INF109K01Z55,INF109K01Z63,21.45,20.81,21.45,2017-08-09
120186,ICICI Prudential US Bluechip Equity Fund - Direct Plan -  Growth,INF109K01Z71,,21.45,20.81,21.45,2017-08-09
117619,ICICI Prudential US Bluechip Equity Fund - Dividend,INF109K01E43,INF109K01E50,20.66,20.04,20.66,2017-08-09
117620,ICICI Prudential US Bluechip Equity Fund - Growth,INF109K01E35,,20.66,20.04,20.66,2017-08-09
118468,IDFC  Infrastructure Fund-Direct Plan-Dividend,INF194K01X53,INF194K01X61,17.6089,17.6089,17.6089,2017-08-09
118469,IDFC  Infrastructure Fund-Direct Plan-Growth,INF194K01X46,,17.6207,17.6207,17.6207,2017-08-09
114477,IDFC  Infrastructure Fund-Regular Plan-Dividend,INF194K01BZ6,INF194K01CA7,16.6632,16.6632,16.6632,2017-08-09
114476,IDFC  Infrastructure Fund-Regular Plan-Growth,INF194K01BY9,,16.6561,16.6561,16.6561,2017-08-09
120384,Invesco India Financial Services Fund - Direct Plan - Dividend,INF205K01KW8,INF205K01KX6,30.75,30.44,30.75,2017-08-09
120385,Invesco India Financial Services Fund - Direct Plan - Growth,INF205K01KY4,,53.9,53.36,53.9,2017-08-09
108377,Invesco India Financial Services Fund - Retail Dividend,INF205K01171,INF205K01163,28.66,28.37,28.66,2017-08-09
108378,Invesco India Financial Services Fund - Retail Growth,INF205K01155,,50.38,49.88,50.38,2017-08-09
120404,Invesco India Infrastructure Fund - Direct Pan - Dividend Option,INF205K01MB8,INF205K01MC6,17.37,17.2,17.37,2017-08-09
120405,Invesco India Infrastructure Fund - Direct Pan - Growth Option,INF205K01MD4,,17.44,17.27,17.44,2017-08-09
106653,Invesco India Infrastructure Fund - Dividend Option,INF205K01CE3,INF205K01CF0,16.31,16.15,16.31,2017-08-09
106654,Invesco India Infrastructure Fund - Growth Option,INF205K01CD5,,16.3,16.14,16.3,2017-08-09
120394,Invesco India PSU Equity Fund - Direct Plan - Dividend,INF205K01NE0,INF205K01NF7,16.33,16.17,16.33,2017-08-09
120395,Invesco India PSU Equity Fund - Direct Plan - Growth,INF205K01NG5,,20.17,19.97,20.17,2017-08-09
112173,Invesco India PSU Equity Fund - Dividend,INF205K01353,INF205K01346,15.34,15.19,15.34,2017-08-09
112171,Invesco India PSU Equity Fund - Growth,INF205K01338,,18.94,18.75,18.94,2017-08-09
133799,Kotak Infrastructure & Economic Reform Fund - Standard Plan-Dividend,INF178L01079,INF178L01087,19.164,18.972,19.164,2017-08-09
133796,Kotak Infrastructure & Economic Reform Fund - Standard Plan-Growth,INF178L01095,,20.395,20.191,20.395,2017-08-09
133800,Kotak Infrastructure & Economic Reform Fund- Direct Plan- Dividend Option,INF178L01AK1,INF178L01AJ3,21.579,21.363,21.579,2017-08-09
133801,Kotak Infrastructure & Economic Reform Fund- Direct Plan- Growth Option,INF178L01AL9,,21.594,21.378,21.594,2017-08-09
130828,L&T Business Cycles Fund - Direct Plan - Dividend,INF917K01RK8,INF917K01RJ0,14.836,14.688,14.836,2017-08-09
130825,L&T Business Cycles Fund - Direct Plan - Growth,INF917K01RI2,,15.836,15.678,15.836,2017-08-09
130826,L&T Business Cycles Fund - Regular Plan - Dividend,INF917K01RH4,INF917K01RG6,14.535,14.39,14.535,2017-08-09
130827,L&T Business Cycles Fund - Regular Plan - Growth,INF917K01RF8,,15.536,15.381,15.536,2017-08-09
112601,L&T Infrastructure Fund - Regular Plan - Dividend,INF917K01544,INF917K01551,15.77,15.61,15.77,2017-08-09
112600,L&T Infrastructure Fund - Regular Plan - Growth,INF917K01536,,15.77,15.61,15.77,2017-08-09
119413,L&T Infrastructure Fund -Direct Plan-Growth,INF917K01FW8,,16.31,16.15,16.31,2017-08-09
119412,L&T Infrastructure Fund-Direct Plan-Dividend,INF917K01FU2,,16.31,16.15,16.31,2017-08-09
133908,LIC MF Banking and Financial Services Fund-Direct Plan-Dividend,INF767K01NJ8,INF767K01NL4,11.9611,11.8415,11.9611,2017-08-09
134017,LIC MF Banking and Financial Services Fund-Direct Plan-Growth,INF767K01NK6,,11.9718,11.8521,11.9718,2017-08-09
134015,LIC MF Banking and Financial Services Fund-Regular Plan-Dividend,INF767K01NG4,INF767K01NI0,11.7502,11.6327,11.7502,2017-08-09
134016,LIC MF Banking and Financial Services Fund-Regular Plan-Growth,INF767K01NH2,,11.7509,11.6334,11.7509,2017-08-09
120350,LIC MF Infrastructure Fund-Direct Plan-Dividend,INF767K01GV7,INF767K01GX3,14.4035,14.2595,14.4035,2017-08-09
120351,LIC MF Infrastructure Fund-Direct Plan-Growth,INF767K01GW5,,14.4851,14.3402,14.4851,2017-08-09
107764,LIC MF Infrastructure Fund-Regular Plan-Dividend,INF767K01485,INF767K01493,13.8915,13.7526,13.8915,2017-08-09
107763,LIC MF Infrastructure Fund-Regular Plan-Growth,INF767K01501,,13.8907,13.7518,13.8907,2017-08-09
118838,Mirae Asset Great Consumer Fund - Direct Plan - Dividend,INF769K01BM3,INF769K01BN1,30.924,30.615,30.924,2017-08-09
118837,Mirae Asset Great Consumer Fund - Direct Plan - Growth,INF769K01BL5,,31.122,30.811,31.122,2017-08-09
114930,Mirae Asset Great Consumer Fund - Regular Plan - Dividend Option,INF769K01150,INF769K01143,16.408,16.244,16.408,2017-08-09
114931,Mirae Asset Great Consumer Fund - Regular Plan - Growth option,INF769K01135,,29.423,29.129,29.423,2017-08-09
118591,Nippon India Banking Fund - Direct Plan Dividend Plan,INF204K01XM5,INF204K01XN3,69.6591,68.9625,69.6591,2017-08-09
118588,Nippon India Banking Fund - Direct Plan Growth Plan - Bonus Option,INF204K01D22,,267.4887,264.8138,267.4887,2017-08-09
118589,Nippon India Banking Fund - Direct Plan Growth Plan - Growth Option,INF204K01XO1,,267.4887,264.8138,267.4887,2017-08-09
101864,Nippon India Banking Fund-Dividend Plan-Dividend Option,INF204K01893,INF204K01901,57.6353,57.0589,57.6353,2017-08-09
101863,Nippon India Banking Fund-Growth Plan-Bonus Option,INF204K01919,,260.2237,257.6215,260.2237,2017-08-09
101862,Nippon India Banking Fund-Growth Plan-Growth Option,INF204K01927,,260.2237,257.6215,260.2237,2017-08-09
118725,Nippon India Consumption Fund - Direct Plan Dividend Plan,INF204K01G37,INF204K01G45,25.7317,25.4744,25.7317,2017-08-09
118722,Nippon India Consumption Fund - Direct Plan Growth Plan - Bonus,INF204K01G29,,62.8063,62.1782,62.8063,2017-08-09
118724,Nippon India Consumption Fund - Direct Plan Growth Plan - Growth Option,INF204K01G52,,62.8063,62.1782,62.8063,2017-08-09
102753,Nippon India Consumption Fund-Dividend Plan,INF204K01AN1,INF204K01AO9,20.9136,20.7045,20.9136,2017-08-09
102752,Nippon India Consumption Fund-Growth Plan-Bonus Option,INF204K01AP6,,60.6744,60.0677,60.6744,2017-08-09
102751,Nippon India Consumption Fund-Growth Plan-Growth Option,INF204K01AQ4,,60.6744,60.0677,60.6744,2017-08-09
130864,Nippon India Japan Equity Fund- Direct Plan- Dividend Plan,INF204KA1SM3,,11.2040,11.0920,11.2040,2017-08-09
130861,Nippon India Japan Equity Fund- Direct Plan- Growth Plan- Bonus Option,INF204KA1SK7,,11.2040,11.0920,11.2040,2017-08-09
130860,Nippon India Japan Equity Fund- Direct Plan- Growth Plan- Growth Option,INF204KA1SI1,,11.2040,11.0920,11.2040,2017-08-09
130859,Nippon India Japan Equity Fund- Dividend Plan,INF204KA1SL5,,10.9835,10.8737,10.9835,2017-08-09
130858,Nippon India Japan Equity Fund- Growth Plan- Bonus Option,INF204KA1SJ9,,10.9835,10.8737,10.9835,2017-08-09
130863,Nippon India Japan Equity Fund- Growth Plan- Growth Option,INF204KA1SH3,,10.9835,10.8737,10.9835,2017-08-09
118756,Nippon India Pharma Fund - Direct Plan Dividend Plan,INF204K01I35,INF204K01I43,60.6316,60.0253,60.6316,2017-08-09
118758,Nippon India Pharma Fund - Direct Plan Growth Plan - Bonus Option,INF204K01I27,,127.3421,126.0687,127.3421,2017-08-09
118759,Nippon India Pharma Fund - Direct Plan Growth Plan - Growth Option,INF204K01I50,,127.3421,126.0687,127.3421,2017-08-09
102433,Nippon India Pharma Fund-Dividend Plan,INF204K01935,INF204K01943,51.5776,51.0618,51.5776,2017-08-09
102432,Nippon India Pharma Fund-Growth Plan-Bonus Option,INF204K01950,,122.7383,121.5109,122.7383,2017-08-09
102431,Nippon India Pharma Fund-Growth Plan-Growth Option,INF204K01968,,122.7383,121.5109,122.7383,2017-08-09
118760,Nippon India Power & Infra Fund - Direct Plan Dividend Plan,INF204K01I76,INF204K01I84,37.0161,36.6459,37.0161,2017-08-09
118762,Nippon India Power & Infra Fund - Direct Plan Growth Plan - Bonus Option,INF204K01I68,,106.4094,105.3453,106.4094,2017-08-09
118763,Nippon India Power & Infra Fund - Direct Plan Growth Plan - Growth Option,INF204K01I92,,106.4094,105.3453,106.4094,2017-08-09
101264,Nippon India Power & Infra Fund-Dividend Plan,INF204K01AB6,INF204K01AC4,35.6267,35.2704,35.6267,2017-08-09
101262,Nippon India Power & Infra Fund-Growth Plan -Growth Option,INF204K01AE0,,103.5362,102.5008,103.5362,2017-08-09
101263,Nippon India Power & Infra Fund-Growth Plan-Bonus Option,INF204K01AD2,,103.5362,102.5008,103.5362,2017-08-09
118767,Nippon India Quant Fund - Direct Plan Dividend Plan,INF204K01J18,INF204K01J26,14.1650,14.1296,14.1650,2017-08-09
118770,Nippon India Quant Fund - Direct Plan Growth Plan - Bonus Option,INF204K01J00,,24.6214,24.5598,24.6214,2017-08-09
118769,Nippon India Quant Fund - Direct Plan Growth Plan - Growth Option,INF204K01J34,,24.6214,24.5598,24.6214,2017-08-09
108252,Nippon India Quant Fund -Dividend Plan,INF204K01745,INF204K01752,12.7847,12.7527,12.7847,2017-08-09
108249,Nippon India Quant Fund -Growth Plan - Growth Option,INF204K01760,,23.9787,23.9188,23.9787,2017-08-09
108258,Nippon India Quant Fund -Growth Plan -Bonus Option,INF204K01737,,23.9787,23.9188,23.9787,2017-08-09
134925,Nippon India US Equity Opportunites Fund- Direct Plan- Dividend  Plan,INF204KA16G3,INF204KA17G1,11.5853,11.4694,11.5853,2017-08-09
134923,Nippon India US Equity Opportunites Fund- Direct Plan- Growth Plan- Growth Option,INF204KA15G5,,11.5853,11.4694,11.5853,2017-08-09
134924,Nippon India US Equity Opportunites Fund- Dividend  Plan,INF204KA13G0,INF204KA14G8,11.3675,11.2538,11.3675,2017-08-09
134922,Nippon India US Equity Opportunites Fund- Growth Plan- Growth Option,INF204KA12G2,,11.3675,11.2538,11.3675,2017-08-09
109831,Quant Consumption Fund - Dividend Option,INF966L01432,INF966L01440,18.5925,18.4066,18.5925,2017-08-09
120842,Quant Consumption Fund - Dividend Option-Direct Plan,INF966L01895,INF966L01903,18.2667,18.0840,18.2667,2017-08-09
109830,Quant Consumption Fund - Growth Option,INF966L01457,,25.9636,25.7040,25.9636,2017-08-09
120843,Quant Consumption Fund - Growth Option-Direct Plan,INF966L01911,,26.7604,26.4928,26.7604,2017-08-09
106169,Quant Infrastructure Fund - Dividend,INF966L01507,INF966L01515,8.0880,8.0071,8.0880,2017-08-09
120832,Quant Infrastructure Fund - Dividend Option-Direct Plan,INF966L01705,INF966L01713,8.1476,8.0661,8.1476,2017-08-09
106170,Quant Infrastructure Fund - Growth Option,,INF966L01523,8.1150,8.0339,8.1150,2017-08-09
120833,Quant Infrastructure Fund - Growth Option-Direct Plan,,INF966L01721,8.1374,8.0560,8.1374,2017-08-09
133857,SBI BANKING & FINANCIAL SERVICES FUND - DIRECT PLAN - DIVIDEND,INF200KA1515,INF200KA1523,14.9454,14.7959,14.9454,2017-08-09
133859,SBI BANKING & FINANCIAL SERVICES FUND - DIRECT PLAN - GROWTH,INF200KA1507,,14.9464,14.7969,14.9464,2017-08-09
133860,SBI BANKING & FINANCIAL SERVICES FUND - REGULAR PLAN - DIVIDEND,INF200KA1481,INF200KA1499,14.6771,14.5303,14.6771,2017-08-09
133858,SBI BANKING & FINANCIAL SERVICES FUND - REGULAR PLAN - GROWTH,INF200KA1473,,14.6762,14.5294,14.6762,2017-08-09
119730,SBI CONSUMPTION OPPORTUNITIES FUND - DIRECT PLAN - DIVIDEND,INF200K01RK9,INF200K01RL7,84.6520,84.2287,84.6520,2017-08-09
120575,SBI CONSUMPTION OPPORTUNITIES FUND - DIRECT PLAN - GROWTH,INF200K01RM5,,101.7763,101.2674,101.7763,2017-08-09
120576,SBI CONSUMPTION OPPORTUNITIES FUND - REGULAR - GROWTH,INF200K01VR6,,97.3027,96.8162,97.3027,2017-08-09
100645,SBI CONSUMPTION OPPORTUNITIES FUND - REGULAR PLAN - DIVIDEND,INF200K01404,INF200K01412,69.2300,68.8839,69.2300,2017-08-09
119782,SBI HEALTHCARE OPPORTUNITIES FUND - DIRECT PLAN -DIVIDEND,INF200K01UN7,INF200K01UO5,104.3916,103.8696,104.3916,2017-08-09
119783,SBI HEALTHCARE OPPORTUNITIES FUND - DIRECT PLAN -GROWTH,INF200K01UP2,,126.7643,126.1305,126.7643,2017-08-09
100644,SBI HEALTHCARE OPPORTUNITIES FUND - REGULAR PLAN - DIVIDEND,INF200K01453,INF200K01461,90.1712,89.7203,90.1712,2017-08-09
102823,SBI HEALTHCARE OPPORTUNITIES FUND - REGULAR PLAN -GROWTH,INF200K01446,,120.7371,120.1334,120.7371,2017-08-09
119700,SBI INFRASTRUCTURE FUND -  DIRECT PLAN - GROWTH,INF200K01RS2,,15.0026,14.8526,15.0026,2017-08-09
106096,SBI INFRASTRUCTURE FUND -  REGULAR PLAN - GROWTH,INF200K01CT2,,14.6420,14.4956,14.6420,2017-08-09
119695,SBI INFRASTRUCTURE FUND - DIRECT PLAN - DIVIDEND,INF200K01RQ6,INF200K01RR4,14.9848,14.8350,14.9848,2017-08-09
106095,SBI INFRASTRUCTURE FUND - REGULAR PLAN - DIVIDEND,INF200K01CU0,INF200K01CV8,14.6434,14.4970,14.6434,2017-08-09
119613,SBI Magnum COMMA Fund - DIRECT PLAN - Dividend,INF200K01RZ7,INF200K01SA8,25.3201,25.0669,25.3201,2017-08-09
119705,SBI Magnum COMMA Fund - DIRECT PLAN - Growth,INF200K01SB6,,37.4622,37.0876,37.4622,2017-08-09
103146,SBI Magnum COMMA Fund - REGULAR PLAN - Dividend,INF200K01313,INF200K01321,24.6372,24.3908,24.6372,2017-08-09
103145,SBI Magnum COMMA Fund - REGULAR PLAN - Growth,INF200K01339,,36.4790,36.1142,36.4790,2017-08-09
119708,SBI Magnum Equity ESG Fund - DIRECT PLAN -Dividend,INF200K01SC4,INF200K01SD2,37.7096,37.3325,37.7096,2017-08-09
119709,SBI Magnum Equity ESG Fund - DIRECT PLAN -GROWTH,INF200K01SE0,,94.1722,93.2305,94.1722,2017-08-09
101295,SBI Magnum Equity ESG Fund - REGULAR PLAN - Dividend,INF200K01198,INF200K01206,31.8605,31.5419,31.8605,2017-08-09
104523,SBI Magnum Equity ESG Fund- REGULAR PLAN - Growth,INF200K01214,,91.2159,90.3037,91.2159,2017-08-09
119710,SBI MAGNUM GLOBAL FUND - DIRECT PLAN - DIVIDEND,INF200K01SL5,INF200K01SM3,61.4936,60.8787,61.4936,2017-08-09
119711,SBI MAGNUM GLOBAL FUND - DIRECT PLAN -GROWTH,INF200K01SN1,,157.5197,155.9445,157.5197,2017-08-09
103114,SBI MAGNUM GLOBAL FUND - REGULAR PLAN -DIVIDEND,INF200K01255,INF200K01263,50.6834,50.1766,50.6834,2017-08-09
103034,SBI MAGNUM GLOBAL FUND - REGULAR PLAN -GROWTH,INF200K01271,,151.7108,150.1937,151.7108,2017-08-09
119733,SBI PSU Fund - DIRECT PLAN - DIVIDEND,INF200K01UW8,INF200K01UX6,12.2988,12.1758,12.2988,2017-08-09
119732,SBI PSU Fund - DIRECT PLAN - GROWTH,INF200K01UY4,,12.3113,12.1882,12.3113,2017-08-09
112923,SBI PSU Fund - REGULAR PLAN -Dividend,INF200K01BD8,INF200K01BE6,12.0468,11.9263,12.0468,2017-08-09
113099,SBI PSU Fund - REGULAR PLAN -Growth,INF200K01BC0,,12.0479,11.9274,12.0479,2017-08-09
119731,SBI TECHNOLOGY OPPORTUNITIES FUND - DIRECT PLAN - DIVIDEND,INF200K01RT0,INF200K01RU8,38.7254,38.5318,38.7254,2017-08-09
120578,SBI TECHNOLOGY OPPORTUNITIES FUND - DIRECT PLAN - GROWTH,INF200K01RV6,,46.4157,46.1836,46.4157,2017-08-09
100643,SBI TECHNOLOGY OPPORTUNITIES FUND - REGULAR PLAN - DIVIDEND,INF200K01420,INF200K01438,31.4206,31.2635,31.4206,2017-08-09
120577,SBI TECHNOLOGY OPPORTUNITIES FUND - REGULAR PLAN - GROWTH,INF200K01VS4,,44.4919,44.2694,44.4919,2017-08-09
119596,Sundaram Financial Services Opportunities Fund - Direct Plan - Dividend Option,INF903J01MZ9,INF903J01NA0,21.2454,21.0329,21.2454,2017-08-09
119597,Sundaram Financial Services Opportunities Fund - Direct Plan - Growth Option,INF903J01NB8,,39.2412,38.8488,39.2412,2017-08-09
109060,Sundaram Financial Services Opportunities Fund Inst  Dividend,INF903J01637,INF903J01645,21.5392,21.3238,21.5392,2017-08-09
109061,Sundaram Financial Services Opportunities Fund Inst  Growth,INF903J01652,,40.3486,39.9451,40.3486,2017-08-09
109058,Sundaram Financial Services Opportunities Fund Reg Dividend,INF903J01603,INF903J01611,20.6563,20.4497,20.6563,2017-08-09
109059,Sundaram Financial Services Opportunities Fund Reg Growth,INF903J01629,,38.3253,37.9420,38.3253,2017-08-09
129212,Sundaram Infrastructure Advantage Fund (Erstwhile Sundaram Capex Opportunities) Direct Plan Growth,INF903J01F92,,32.7047,32.3777,32.7047,2017-08-09
129213,Sundaram Infrastructure Advantage Fund (Erstwhile Sundaram Capex Opportunities) Regular Plan Growth,INF903J01F68,,32.0956,31.7746,32.0956,2017-08-09
129211,Sundaram Infrastructure Advantage Fund (Merger of Capex & Energy Opportunities) Direct Plan Dividend,INF903J01G00,INF903J01G18,30.1428,29.8414,30.1428,2017-08-09
129210,Sundaram Infrastructure Advantage Fund (Merger of Capex & Energy Opportunities) Regular Plan Dividend,INF903J01F76,INF903J01F84,29.5554,29.2598,29.5554,2017-08-09
102142,Sundaram Rural and Consumption  Regular  Growth,INF903J01561,,40.3999,39.9959,40.3999,2017-08-09
119594,Sundaram Rural and Consumption Fund - Direct Plan - Dividend Option,INF903J01NF9,INF903J01NG7,23.4620,23.2274,23.4620,2017-08-09
119595,Sundaram Rural and Consumption Fund - Direct Plan - Growth Option,INF903J01NH5,,41.4370,41.0226,41.4370,2017-08-09
113373,Sundaram Rural and Consumption Fund Inst Dividend,INF903J01579,INF903J01587,36.2148,35.8527,36.2148,2017-08-09
103743,Sundaram Rural and Consumption Fund- Regular Dividend,INF903J01546,INF903J01553,22.8102,22.5821,22.8102,2017-08-09
135789,Tata Banking And Financial Services Fund-Direct Plan-Dividend Payout,INF277K01Z28,,17.4226,17.4226,17.4226,2017-08-09
135792,Tata Banking And Financial Services Fund-Direct Plan-Dividend Reinvestment,,INF277K01Z36,17.4226,17.4226,17.4226,2017-08-09
135793,Tata Banking And Financial Services Fund-Direct Plan-Growth,INF277K01Z10,,17.4226,17.4226,17.4226,2017-08-09
135790,Tata Banking And Financial Services Fund-Regular Plan -Dividend Payout,INF277K01Y94,,16.9348,16.9348,16.9348,2017-08-09
135791,Tata Banking And Financial Services Fund-Regular Plan-Dividend Reinvestment,,INF277K01Z02,16.9348,16.9348,16.9348,2017-08-09
135794,Tata Banking And Financial Services Fund-Regular Plan-Growth,INF277K01Y86,,16.9348,16.9348,16.9348,2017-08-09
135795,Tata Digital India Fund-Direct Plan-Dividend Payout,INF277K01Z85,,9.8736,9.8736,9.8736,2017-08-09
135798,Tata Digital India Fund-Direct Plan-Dividend Reinvetsment,,INF277K01Z93,9.8736,9.8736,9.8736,2017-08-09
135800,Tata Digital India Fund-Direct Plan-Growth,INF277K01Z77,,9.8736,9.8736,9.8736,2017-08-09
135796,Tata Digital India Fund-Regular Plan-Dividend Payout,INF277K01Z51,,9.6028,9.6028,9.6028,2017-08-09
135799,Tata Digital India Fund-Regular Plan-Dividend Reinvestment,,INF277K01Z69,9.6028,9.6028,9.6028,2017-08-09
135797,Tata Digital India Fund-Regular Plan-Growth,INF277K01Z44,,9.6028,9.6028,9.6028,2017-08-09
119171,Tata Ethical Fund -Direct Plan Dividend,INF277K01NE9,INF277K01NF6,90.8383,89.9299,90.8383,2017-08-09
119172,Tata Ethical Fund -Direct Plan Growth,INF277K01NG4,,151.0874,149.5765,151.0874,2017-08-09
101833,Tata Ethical Fund Regular Plan - Dividend,INF277K01EH1,INF277K01949,70.3112,69.6081,70.3112,2017-08-09
100415,Tata Ethical Fund Regular Plan  - Growth,INF277K01956,,145.4208,143.9666,145.4208,2017-08-09
135806,Tata India Consumer Fund-Direct Plan-Dividend Payout,INF277K014A4,,15.0761,15.0761,15.0761,2017-08-09
135801,Tata India Consumer Fund-Direct Plan-Dividend Reinvestment,,INF277K015A1,15.0761,15.0761,15.0761,2017-08-09
135805,Tata India Consumer Fund-Direct Plan-Growth,INF277K013A6,,15.0761,15.0761,15.0761,2017-08-09
135802,Tata India Consumer Fund-Regular Plan-Dividend Payout,INF277K011A0,,14.6472,14.6472,14.6472,2017-08-09
135803,Tata India Consumer Fund-Regular Plan-Dividend Reinvestment,,INF277K012A8,14.6472,14.6472,14.6472,2017-08-09
135804,Tata India Consumer Fund-Regular Plan-Growth,INF277K010A2,,14.6472,14.6472,14.6472,2017-08-09
135807,Tata India Pharma & Healthcare Fund-Direct Plan-Dividend Payout,INF277K010B0,,8.4719,8.4719,8.4719,2017-08-09
135808,Tata India Pharma & Healthcare Fund-Direct Plan-Dividend Reinvestment,,INF277K011B8,8.4719,8.4719,8.4719,2017-08-09
135810,Tata India Pharma & Healthcare Fund-Direct Plan-Growth,INF277K019A3,,8.4719,8.4719,8.4719,2017-08-09
135809,Tata India Pharma & Healthcare Fund-Regular Plan-Dividend Payout,INF277K017A7,,8.2454,8.2454,8.2454,2017-08-09
135811,Tata India Pharma & Healthcare Fund-Regular Plan-Dividend Reinvestment,,INF277K018A5,8.2454,8.2454,8.2454,2017-08-09
135812,Tata India Pharma & Healthcare Fund-Regular Plan-Growth,INF277K016A9,,8.2454,8.2454,8.2454,2017-08-09
119244,Tata Infrastructure Fund -Direct Plan Dividend,INF277K01PO3,INF277K01PP0,31.3916,31.3916,31.3916,2017-08-09
119243,Tata Infrastructure Fund -Direct Plan Growth,INF277K01PQ8,,55.7568,55.7568,55.7568,2017-08-09
101852,Tata Infrastructure Fund-Regular Plan - Dividend,INF277K01DY8,INF277K01774,28.1410,28.1410,28.1410,2017-08-09
101766,Tata Infrastructure Fund-Regular Plan- Growth,INF277K01782,,54.5136,54.5136,54.5136,2017-08-09
135817,Tata Resources & Energy Fund-Direct Plan-Dividend Payout,INF277K016B7,,14.8851,14.8851,14.8851,2017-08-09
135816,Tata Resources & Energy Fund-Direct Plan-Dividend Reinvestment,,INF277K017B5,14.8851,14.8851,14.8851,2017-08-09
135813,Tata Resources & Energy Fund-Direct Plan-Growth,INF277K015B9,,14.8851,14.8851,14.8851,2017-08-09
135814,Tata Resources & Energy Fund-Regular Plan-Dividend Payout,INF277K013B4,,14.4621,14.4621,14.4621,2017-08-09
135818,Tata Resources & Energy Fund-Regular Plan-Dividend Reinvestment,,INF277K014B2,14.4621,14.4621,14.4621,2017-08-09
135815,Tata Resources & Energy Fund-Regular Plan-Growth,INF277K012B6,,14.4621,14.4621,14.4621,2017-08-09
117313,Taurus Banking & Financial Services Fund - Regular Plan - Dividend Option,INF044D01BJ2,INF044D01BK0,19.49,19.39,19.49,2017-08-09
117312,Taurus Banking & Financial Services Fund - Regular Plan - Growth Option,INF044D01BI4,,21.78,21.67,21.78,2017-08-09
118869,Taurus Banking & Financial Services Fund-Direct Plan-Dividend Option,INF044D01CO0,INF044D01CP7,22.61,22.50,22.61,2017-08-09
118868,Taurus Banking & Financial Services Fund-Direct Plan-Growth Option,INF044D01CN2,,22.87,22.76,22.87,2017-08-09
111903,Taurus Ethical Fund -  Regular Plan - Bonus Option,INF044D01823,,44.32,44.10,44.32,2017-08-09
111788,Taurus Ethical Fund - Regular Plan - Dividend Option,INF044D01831,INF044D01849,29.95,29.80,29.95,2017-08-09
111787,Taurus Ethical Fund - Regular Plan - Growth Option,INF044D01864,,44.33,44.11,44.33,2017-08-09
118878,Taurus Ethical Fund-Direct Plan-Bonus Option #,INF044D01CM4,,15.05,14.97,15.05,2017-08-09
118877,Taurus Ethical Fund-Direct Plan-Dividend Option,INF044D01CK8,INF044D01CL6,30.79,30.64,30.79,2017-08-09
118876,Taurus Ethical Fund-Direct Plan-Growth Option,INF044D01CJ0,,45.89,45.66,45.89,2017-08-09
105417,Taurus Infrastructure Fund - Regular Plan - Growth Option,INF044D01906,,23.22,23.10,23.22,2017-08-09
105418,Taurus Infrastructure Fund -Regular Plan - Dividend Option,INF044D01872,INF044D01880,21.85,21.74,21.85,2017-08-09
118880,Taurus Infrastructure Fund-Direct Plan-Dividend Option,INF044D01CE1,INF044D01CF8,22.40,22.29,22.40,2017-08-09
118879,Taurus Infrastructure Fund-Direct Plan-Growth Option,INF044D01CD3,,24.05,23.93,24.05,2017-08-09
120733,UTI Banking and Financial Services Fund - Direct Plan - Growth Option,INF789F01SN3,,98.5849,98.5849,98.5849,2017-08-09
120732,UTI Banking and Financial Services Fund - Direct Plan - Income Option,INF789F01SL7,INF789F01SM5,38.5816,38.5816,38.5816,2017-08-09
102401,UTI Banking and Financial Services Fund - Regular Plan - Growth Option,INF789F01372,,94.0999,94.0999,94.0999,2017-08-09
102402,UTI Banking and Financial Services Fund - Regular Plan - Income Option,INF789F01356,INF789F01364,36.6236,36.6236,36.6236,2017-08-09
120782,UTI Healthcare Fund - Direct Plan - Growth Option,INF789F01TO9,,84.4936,84.4936,84.4936,2017-08-09
100807,UTI Healthcare Fund - Regular Plan - Growth Option,INF789F01695,,81.253,81.253,81.253,2017-08-09
100806,UTI Healthcare Fund - Regular Plan - Income Option,INF789F01679,INF789F01687,62.7974,62.7974,62.7974,2017-08-09
120783,UTI Healthcare Fund -Direct Plan - Income Option,INF789F01TM3,INF789F01TN1,65.3069,65.3069,65.3069,2017-08-09
120781,UTI India Consumer Fund - Direct Plan - Dividend Option,INF789F01VG1,INF789F01VH9,22.6075,22.6075,22.6075,2017-08-09
120780,UTI India Consumer Fund - Direct Plan - Growth Option,INF789F01VF3,,24.1126,24.1126,24.1126,2017-08-09
106426,UTI India Consumer Fund - Regular Plan - Dividend Option,INF789F01CF3,INF789F01CG1,21.9965,21.9965,21.9965,2017-08-09
106425,UTI India Consumer Fund - Regular Plan - Growth Option,INF789F01CE6,,23.4851,23.4851,23.4851,2017-08-09
102395,UTI Infrastructure Fund-Growth Option,INF789F01752,,52.9683,52.9683,52.9683,2017-08-09
120728,UTI Infrastructure Fund-Growth Option- Direct,INF789F01TU6,,54.0368,54.0368,54.0368,2017-08-09
102396,UTI Infrastructure Fund-Income Option,INF789F01737,INF789F01745,27.6836,27.6836,27.6836,2017-08-09
120729,UTI Infrastructure Fund-Income Option- Direct,INF789F01TS0,INF789F01TT8,28.2774,28.2774,28.2774,2017-08-09
120682,UTI - MNC Fund - Growth Option - Direct,INF789F01UD0,,182.5023,182.5023,182.5023,2017-08-09
100740,UTI - MNC Fund - Regular Plan - Growth Option,INF789F01844,,175.7121,175.7121,175.7121,2017-08-09
100739,UTI - MNC Fund - Regular Plan - Income Option,INF789F01828,INF789F01836,96.873,96.873,96.873,2017-08-09
120681,UTI - MNC Fund -Income Option- Direct,INF789F01UB4,INF789F01UC2,100.869,100.869,100.869,2017-08-09
102397,UTI-Transportation and Logistics Fund-Income Option,INF789F01273,INF789F01281,52.0474,52.0474,52.0474,2017-08-09
120730,UTI-Transportation and Logistics Fund-Income Option- Direct,INF789F01SF9,INF789F01SG7,54.6011,54.6011,54.6011,2017-08-09
102398,UTI-Transpotation and Logistics  Fund-Growth Option,INF789F01299,,112.8731,112.8731,112.8731,2017-08-09
120731,UTI-Transpotation and Logistics  Fund-Growth Option- Direct,INF789F01SH5,,118.0731,118.0731,118.0731,2017-08-09
119660,Aditya Birla Sun Life Tax Plan - Direct Plan - Dividend Option,INF209K01Q14,INF209K01VW7,121.10,121.10,121.10,2017-08-09
119661,Aditya Birla Sun Life Tax Plan - Direct Plan - Growth Option,INF209K01VV9,,36.79,36.79,36.79,2017-08-09
100067,Aditya Birla Sun Life Tax Plan - Regular Plan - Dividend Option,INF209K01330,INF209K01CM8,84.62,84.62,84.62,2017-08-09
104331,Aditya Birla Sun Life Tax Plan - Regular Plan - Growth Option,INF209K01348,,35.15,35.15,35.15,2017-08-09
119543,Aditya Birla Sun Life Tax Relief '96 - Dividend - Direct Plan,INF209K01P23,INF209K01UM0,201.05,201.05,201.05,2017-08-09
103164,Aditya Birla Sun Life Tax Relief '96 - Dividend Option,INF209K01090,INF209K01CB1,158.38,158.38,158.38,2017-08-09
119544,Aditya Birla Sun Life Tax Relief '96 - Growth - Direct Plan,INF209K01UN8,,29.15,29.15,29.15,2017-08-09
107745,Aditya Birla Sun Life Tax Relief '96 - Growth Option,INF209K01108,,28.05,28.05,28.05,2017-08-09
120502,Axis Long Term Equity Fund - Direct Plan - Dividend option,INF846K01EX0,INF846K01EY8,34.1281,34.1281,34.1281,2017-08-09
120503,Axis Long Term Equity Fund - Direct Plan - Growth Option,INF846K01EW2,,40.0602,40.0602,40.0602,2017-08-09
112322,Axis Long Term Equity Fund - Regular Plan - Dividend,INF846K01149,INF846K01156,22.2029,22.2029,22.2029,2017-08-09
112323,Axis Long Term Equity Fund - Regular Plan - Growth,INF846K01131,,37.9519,37.9519,37.9519,2017-08-09
100068,BARODA ELSS 96 - Plan A - Dividend,INF955L01641,,32.31,32.31,32.31,2017-08-09
119339,BARODA ELSS 96 - Plan B (Direct) - Dividend,INF955L01914,,37.70,37.70,37.70,2017-08-09
125111,Baroda ELSS 96 - Plan B (Direct)- Bonus Option,INF955L01DA7,,47.32,47.32,47.32,2017-08-09
125110,Baroda ELSS 96 Fund - Plan A- Bonus Option,INF955L01CZ6,,44.77,44.77,44.77,2017-08-09
134044,Baroda ELSS 96 Plan A -Growth Option,INF955L01GD4,,44.77,44.77,44.77,2017-08-09
134045,Baroda ELSS 96 Plan B(Direct) -Growth Option,INF955L01GE2,,47.32,47.32,47.32,2017-08-09
120146,BNP Paribas Long Term Equity Fund - Direct Plan - Dividend Option,INF251K01HH9,INF251K01HG1,17.7190,17.7190,17.7190,2017-08-09
120147,BNP Paribas Long Term Equity Fund - Direct Plan - Growth Option,INF251K01HF3,,36.7560,36.7560,36.7560,2017-08-09
113463,BNP Paribas Long Term Equity Fund - Growth Option,INF251K01985,,35.8830,35.8830,35.8830,2017-08-09
113464,BNP Paribas Long Term Equity Fund-Dividend Option,INF251K01AA9,INF251K01993,17.6060,17.6060,17.6060,2017-08-09
119352,BOI AXA Tax Advantage Fund-Direct Plan-Dividend,INF761K01876,INF761K01868,26.24,26.24,26.24,2017-08-09
111711,BOI AXA Tax Advantage Fund-ECO Plan-Dividend,INF761K01132,INF761K01140,15.27,15.27,0.00,2017-08-09
111709,BOI AXA Tax Advantage Fund-ECO Plan-Growth,INF761K01157,,49.72,49.72,0.00,2017-08-09
111710,BOI AXA Tax Advantage Fund-Regular Plan- Growth,INF761K01181,,47.73,47.73,47.73,2017-08-09
111708,BOI AXA Tax Advantage Fund-Regular Plan-Dividend,INF761K01165,INF761K01173,15.25,15.25,15.25,2017-08-09
119351,OI AXA Tax Advantage Fund-Direct Plan- Growth,INF761K01884,,50.81,50.81,50.81,2017-08-09
118286,Canara Robeco Equity Taxsaver Fund - Direct Plan - Dividend Option,INF760K01EJ2,INF760K01EK0,37.8200,37.8200,37.8200,2017-08-09
118285,Canara Robeco Equity Taxsaver Fund - Direct Plan - Growth Option,INF760K01EL8,,56.6500,56.6500,56.6500,2017-08-09
100593,Canara Robeco Equity Taxsaver Fund - Regular Plan - Dividend,INF760K01084,INF760K01092,25.5200,25.5200,25.5200,2017-08-09
111722,Canara Robeco Equity Taxsaver Fund - Regular Plan - Growth,INF760K01100,,55.3100,55.3100,55.3100,2017-08-09
119241,DSP Tax Saver Fund - Direct Plan - Dividend,INF740K01OL9,INF740K01OM7,32.532,32.532,32.532,2017-08-09
119242,DSP Tax Saver Fund - Direct Plan - Growth,INF740K01OK1,,45.570,45.570,45.570,2017-08-09
104773,DSP Tax Saver Fund - Regular Plan - Dividend,INF740K01169,INF740K01177,17.410,17.410,17.410,2017-08-09
104772,DSP Tax Saver Fund - Regular Plan - Growth,INF740K01185,,44.306,44.306,44.306,2017-08-09
118619,Edelweiss Long Term Equity Fund (Tax Savings) - Direct Plan-Dividend Option,INF754K01BX2,INF754K01BY0,21.23,21.23,21.23,2017-08-09
118620,Edelweiss Long Term Equity Fund (Tax Savings) - Direct Plan-Growth Option,INF754K01CA8,,45.28,45.28,45.28,2017-08-09
111639,Edelweiss Long Term Equity Fund (Tax Savings) - Regular Plan - Dividend Option,INF754K01525,INF754K01541,17.56,17.56,17.56,2017-08-09
111638,Edelweiss Long Term Equity Fund (Tax Savings) - Regular Plan - Growth Option,INF754K01517,,43.54,43.54,43.54,2017-08-09
140240,Edelweiss Tax Advantage Fund - Direct Plan - Dividend Option,INF843K01AS5,INF843K01AT3,29.424,29.424,29.424,2017-08-09
140241,Edelweiss Tax Advantage Fund - Direct Plan - Growth Option,INF843K01AR7,,39.35,39.35,39.35,2017-08-09
140239,Edelweiss Tax Advantage Fund - Regular Plan - Dividend Option,INF843K01112,INF843K01120,28.28,28.28,28.28,2017-08-09
140238,Edelweiss Tax Advantage Fund - Regular Plan - Growth Option,INF843K01104,,37.515,37.515,37.515,2017-08-09
135653,Essel Long Term Advantage Fund- Direct Plan- Dividend Option,INF959L01CE3,,13.5754,13.5754,13.5754,2017-08-09
135654,Essel Long Term Advantage Fund- Direct Plan- Growth Option,INF959L01CD5,,13.6480,13.6480,13.6480,2017-08-09
135652,Essel Long Term Advantage Fund- Regular Plan- Dividend Option,INF959L01CG8,,13.2980,13.2980,13.2980,2017-08-09
135655,Essel Long Term Advantage Fund- Regular Plan- Growth Option,INF959L01CF0,,13.2971,13.2971,13.2971,2017-08-09
118541,Franklin India TAXSHIELD - Direct - Dividend,INF090I01JT6,INF090I01JU4,47.7208,47.7208,47.7208,2017-08-09
118540,Franklin India TAXSHIELD - Direct - Growth,INF090I01JS8,,544.5442,544.5442,544.5442,2017-08-09
100525,Franklin India Taxshield-Dividend,INF090I01783,INF090I01791,45.5947,45.5947,45.5947,2017-08-09
100526,Franklin India Taxshield-Growth,INF090I01775,,523.9809,523.9809,523.9809,2017-08-09
100997,HDFC  Long Term Advantage Fund - Dividend Option,INF179K01970,INF179K01988,42.9140,42.9140,42.9140,2017-08-09
100998,HDFC  Long Term Advantage Fund - Growth Option,INF179K01996,,319.2810,319.2810,319.2810,2017-08-09
118928,HDFC Long Term Advantage Fund -Direct Plan - Dividend Option,INF179K01WV2,INF179K01WW0,45.1440,45.1440,45.1440,2017-08-09
118929,HDFC Long Term Advantage Fund -Direct Plan - Growth Option,INF179K01WX8,,327.8130,327.8130,327.8130,2017-08-09
119059,HDFC TaxSaver -Direct Plan - Dividend Option,INF179K01YQ8,INF179K01YR6,67.3220,67.3220,67.3220,2017-08-09
119060,HDFC TaxSaver -Direct Plan - Growth Option,INF179K01YS4,,516.1190,516.1190,516.1190,2017-08-09
101980,HDFC TaxSaver-Dividend Plan,INF179K01AZ9,INF179K01BA0,64.9800,64.9800,64.9800,2017-08-09
101979,HDFC TaxSaver-Growth Plan,INF179K01BB8,,502.2140,502.2140,502.2140,2017-08-09
104706,HSBC Tax Saver Equity Fund - Dividend,INF336L01AZ3,,23.5065,23.5065,23.5065,2017-08-09
120078,HSBC Tax Saver Equity Fund - Dividend Direct,INF336L01ER2,,24.4936,24.4936,24.4936,2017-08-09
104707,HSBC Tax Saver Equity Fund - Growth,INF336L01BA4,,35.3837,35.3837,35.3837,2017-08-09
120079,HSBC Tax Saver Equity Fund - Growth Direct,INF336L01EE0,,36.5896,36.5896,36.5896,2017-08-09
120593,ICICI Prudential Long Term Equity Fund (Tax Saving) - Direct Plan -  Dividend,INF109K01Y15,INF109K01Y23,29.62,29.62,29.62,2017-08-09
120592,ICICI Prudential Long Term Equity Fund (Tax Saving) - Direct Plan -  Growth,INF109K01Y31,,338.74,338.74,338.74,2017-08-09
100354,ICICI Prudential Long Term Equity Fund (Tax Saving) - Growth,INF109K01464,,323.85,323.85,323.85,2017-08-09
100353,ICICI Prudential Long Term Equity Fund (Tax Saving)- Dividend,INF109K01FN1,INF109K01472,22.91,22.91,22.91,2017-08-09
123635,IDBI Equity Advantage Fund - Dividend Direct,INF397L01ED4,INF397L01EE2,21.0100,21.0100,21.0100,2017-08-09
123636,IDBI Equity Advantage Fund - Dividend Regular,INF397L01DZ9,INF397L01EA0,20.2000,20.2000,20.2000,2017-08-09
123637,IDBI Equity Advantage Fund - Growth Direct,INF397L01EC6,,25.3500,25.3500,25.3500,2017-08-09
123638,IDBI Equity Advantage Fund - Growth Regular,INF397L01DY2,,24.4500,24.4500,24.4500,2017-08-09
118472,IDFC Tax Advantage  (ELSS) Fund-Direct Plan-Dividend,INF194K01Y37,INF194K01Y45,20.5036,20.5036,20.5036,2017-08-09
118473,IDFC Tax Advantage  (ELSS) Fund-Direct Plan-Growth,INF194K01Y29,,53.8529,53.8529,53.8529,2017-08-09
111570,IDFC Tax Advantage  (ELSS) Fund-Regular Plan-Dividend,INF194K01300,INF194K01318,17.0772,17.0772,17.0772,2017-08-09
111569,IDFC Tax Advantage  (ELSS) Fund-Regular Plan-Growth,INF194K01292,,51.4115,51.4115,51.4115,2017-08-09
120417,Invesco India Tax Plan - Direct Plan - Dividend,INF205K01NR2,INF205K01NS0,21.11,21.11,21.11,2017-08-09
120416,Invesco India Tax Plan - Direct Plan - Growth,INF205K01NT8,,47.27,47.27,47.27,2017-08-09
104635,Invesco India Tax Plan - Dividend,INF205K01296,INF205K01288,20,20,20,2017-08-09
104636,Invesco India Tax Plan - Growth,INF205K01270,,44.24,44.24,44.24,2017-08-09
120493,JM Tax Gain Fund (Direct) - Dividend Option,INF192K01CD5,,16.1309,16.1309,16.1309,2017-08-09
120494,JM Tax Gain Fund (Direct) - Growth Option,INF192K01CE3,,16.5392,16.5392,16.5392,2017-08-09
107287,JM Tax Gain Fund - Dividend option,INF192K01643,,15.5510,15.5510,15.5510,2017-08-09
107288,JM Tax Gain Fund - Growth option,INF192K01650,,15.5511,15.5511,15.5511,2017-08-09
103338,Kotak Tax Saver-Scheme-Dividend,INF174K01385,INF174K01377,19.719,19.719,19.719,2017-08-09
119772,Kotak Tax Saver-Scheme-Dividend - Direct,INF174K01LJ1,,22.663,22.663,22.663,2017-08-09
103339,Kotak Tax Saver-Scheme-Growth,INF174K01369,,39.989,39.989,39.989,2017-08-09
119773,Kotak Tax Saver-Scheme-Growth - Direct,INF174K01LI3,,42.459,42.459,42.459,2017-08-09
119417,L&T  Tax Advantage Fund-Direct Plan-Growth,INF917K01GP0,,52.92,52.92,52.92,2017-08-09
118047,L&T  Tax Advantage Fund-Regular Plan-Growth,INF677K01064,,51.402,51.402,51.402,2017-08-09
119418,L&T Tax Advantage Fund-Direct Plan-Dividend,INF917K01GO3,INF917K01GN5,28.859,28.859,28.859,2017-08-09
118048,L&T Tax Advantage Fund-Regular Plan-Dividend,INF677K01072,INF677K01080,24.51,24.51,24.51,2017-08-09
120269,LIC MF Tax Plan-Direct Plan-Dividend,INF767K01EL3,INF767K01EN9,18.2191,18.2191,18.2191,2017-08-09
120270,LIC MF Tax Plan-Direct Plan-Growth,INF767K01EM1,,61.0957,61.0957,61.0957,2017-08-09
100864,LIC MF Tax Plan-Regular Plan-Dividend,INF767K01931,INF767K01949,17.4937,17.4937,17.4937,2017-08-09
100865,LIC MF Tax Plan-Regular Plan-Growth,INF767K01956,,58.7362,58.7362,58.7362,2017-08-09
134878,LIC MF ULIS (10 Yrs. Regular Premium Reducing Cover Half-Yearly)-Direct Plan-Dividend Reinvestment,,INF767K01DR2,17.1602,17.1602,17.1602,2017-08-09
134865,LIC MF ULIS (10 Yrs. Regular Premium Reducing Cover Half-Yearly)-Regular Plan-Dividend Reinvestment,,INF767K01998,16.6704,16.6704,16.6704,2017-08-09
134876,LIC MF ULIS (10 Yrs. Regular Premium Reducing Cover Monthly)-Direct Plan-Dividend Reinvestment,,INF767K01DQ4,17.1602,17.1602,17.1602,2017-08-09
134847,LIC MF ULIS (10 Yrs. Regular Premium Reducing Cover Monthly)-Regular Plan-Dividend Reinvestment,,INF767K01980,16.6704,16.6704,16.6704,2017-08-09
135976,LIC MF ULIS (10 Yrs. Regular Premium Reducing Cover Quarterly)-Direct Plan-Dividend Reinvestment,,INF767K01OY5,17.1602,17.1602,17.1602,2017-08-09
135979,LIC MF ULIS (10 Yrs. Regular Premium Reducing Cover Quarterly)-Regular Plan-Dividend Reinvestment,,INF767K01OV1,16.6704,16.6704,16.6704,2017-08-09
134877,LIC MF ULIS (10 Yrs. Regular Premium Reducing Cover Yearly)-Direct Plan-Dividend Reinvestment,,INF767K01DS0,17.1602,17.1602,17.1602,2017-08-09
134864,LIC MF ULIS (10 Yrs. Regular Premium Reducing Cover Yearly)-Regular Plan-Dividend Reinvestment,,INF767K01AA4,16.6704,16.6704,16.6704,2017-08-09
134879,LIC MF ULIS (10 Yrs. Regular Premium Uniform Cover Half-Yearly)-Direct Plan-Dividend Reinvestment,,INF767K01DU6,17.1602,17.1602,17.1602,2017-08-09
134867,LIC MF ULIS (10 Yrs. Regular Premium Uniform Cover Half-Yearly)-Regular Plan-Dividend Reinvestment,,INF767K01AC0,16.6704,16.6704,16.6704,2017-08-09
134881,LIC MF ULIS (10 Yrs. Regular Premium Uniform Cover Monthly)-Direct Plan-Dividend Reinvestment,,INF767K01DT8,17.1602,17.1602,17.1602,2017-08-09
134863,LIC MF ULIS (10 Yrs. Regular Premium Uniform Cover Monthly)-Regular Plan-Dividend Reinvestment,,INF767K01AB2,16.6704,16.6704,16.6704,2017-08-09
135977,LIC MF ULIS (10 Yrs. Regular Premium Uniform Cover Quarterly)-Direct Plan-Dividend Reinvestment,,INF767K01PB0,17.1602,17.1602,17.1602,2017-08-09
135983,LIC MF ULIS (10 Yrs. Regular Premium Uniform Cover Quarterly)-Regular Plan-Dividend Reinvestment,,INF767K01PA2,16.6704,16.6704,16.6704,2017-08-09
134880,LIC MF ULIS (10 Yrs. Regular Premium Uniform Cover Yearly)-Direct Plan-Dividend Reinvestment,,INF767K01DV4,17.1602,17.1602,17.1602,2017-08-09
134868,LIC MF ULIS (10 Yrs. Regular Premium Uniform Cover Yearly)-Regular Plan-Dividend Reinvestment,,INF767K01AD8,16.6704,16.6704,16.6704,2017-08-09
134875,LIC MF ULIS (10 Yrs. Single Premium)-Direct Plan-Dividend Reinvestment,,INF767K01DP6,17.1602,17.1602,17.1602,2017-08-09
134846,LIC MF ULIS (10 Yrs. Single Premium)-Regular Plan-Dividend Reinvestment,,INF767K01972,16.6704,16.6704,16.6704,2017-08-09
134882,LIC MF ULIS (15 Yrs. Regular Premium Reducing Cover Half-Yearly)-Direct Plan-Dividend Reinvestment,,INF767K01DX0,17.1602,17.1602,17.1602,2017-08-09
134870,LIC MF ULIS (15 Yrs. Regular Premium Reducing Cover Half-Yearly)-Regular Plan-Dividend Reinvestment,,INF767K01AF3,16.6704,16.6704,16.6704,2017-08-09
134884,LIC MF ULIS (15 Yrs. Regular Premium Reducing Cover Monthly)-Direct Plan-Dividend Reinvestment,,INF767K01DW2,17.1602,17.1602,17.1602,2017-08-09
134869,LIC MF ULIS (15 Yrs. Regular Premium Reducing Cover Monthly)-Regular Plan-Dividend Reinvestment,,INF767K01AE6,16.6704,16.6704,16.6704,2017-08-09
135978,LIC MF ULIS (15 Yrs. Regular Premium Reducing Cover Quarterly)-Direct Plan-Dividend Reinvestment,,INF767K01OX7,17.1602,17.1602,17.1602,2017-08-09
135981,LIC MF ULIS (15 Yrs. Regular Premium Reducing Cover Quarterly)-Regular Plan-Dividend Reinvestment,,INF767K01OU3,16.6704,16.6704,16.6704,2017-08-09
134883,LIC MF ULIS (15 Yrs. Regular Premium Reducing Cover Yearly)-Direct Plan-Dividend Reinvestment,,INF767K01DY8,17.1602,17.1602,17.1602,2017-08-09
134871,LIC MF ULIS (15 Yrs. Regular Premium Reducing Cover Yearly)-Regular Plan-Dividend Reinvestment,,INF767K01AG1,16.6704,16.6704,16.6704,2017-08-09
134885,LIC MF ULIS (15 Yrs. Regular Premium Uniform Cover Half-Yearly)-Direct Plan-Dividend Reinvestment,,INF767K01EA6,17.1602,17.1602,17.1602,2017-08-09
134873,LIC MF ULIS (15 Yrs. Regular Premium Uniform Cover Half-Yearly)-Regular Plan-Dividend Reinvestment,,INF767K01AI7,16.6704,16.6704,16.6704,2017-08-09
134887,LIC MF ULIS (15 Yrs. Regular Premium Uniform Cover Monthly)-Direct Plan-Dividend Reinvestment,,INF767K01DZ5,17.1602,17.1602,17.1602,2017-08-09
134872,LIC MF ULIS (15 Yrs. Regular Premium Uniform Cover Monthly)-Regular Plan-Dividend Reinvestment,,INF767K01AH9,16.6704,16.6704,16.6704,2017-08-09
135980,LIC MF ULIS (15 Yrs. Regular Premium Uniform Cover Quarterly)-Direct Plan-Dividend Reinvestment,,INF767K01OZ2,17.1602,17.1602,17.1602,2017-08-09
135982,LIC MF ULIS (15 Yrs. Regular Premium Uniform Cover Quarterly)-Regular Plan-Dividend Reinvestment,,INF767K01OW9,16.6704,16.6704,16.6704,2017-08-09
134886,LIC MF ULIS (15 Yrs. Regular Premium Uniform Cover Yearly)-Direct Plan-Dividend Reinvestment,,INF767K01EB4,17.1602,17.1602,17.1602,2017-08-09
134874,LIC MF ULIS (15Yrs. Regular Premium Uniform Cover Yearly)-Regular Plan-Dividend Reinvestment,,INF767K01AJ5,16.6704,16.6704,16.6704,2017-08-09
120259,LIC MF ULIS (5 Yrs. Single Premium)-Direct Plan-Dividend Reinvestment,,INF767K01DO9,17.1602,17.1602,17.1602,2017-08-09
100325,LIC MF ULIS (5 Yrs. Single Premium)-Regular Plan-Dividend Reinvestment,,INF767K01964,16.6704,16.6704,16.6704,2017-08-09
139782,Mahindra Manulife ELSS Kar Bachat Yojana Direct Plan - Dividend Payout,INF174V01101,,11.8253,11.8253,11.8253,2017-08-09
139781,Mahindra Manulife ELSS Kar Bachat Yojana Direct Plan - Growth,INF174V01093,,11.8410,11.8410,11.8410,2017-08-09
139780,Mahindra Manulife ELSS Kar Bachat Yojana Regular Plan - Dividend Payout,INF174V01085,,11.6097,11.6097,11.6097,2017-08-09
139783,Mahindra Manulife ELSS Kar Bachat Yojana Regular Plan - Growth,INF174V01077,,11.6099,11.6099,11.6099,2017-08-09
135781,Mirae Asset Tax Saver Fund-Direct Plan -Growth,INF769K01DM9,,15.539,0.000,15.539,2017-08-09
135782,Mirae Asset Tax Saver Fund-Direct Plan-Dividend,INF769K01DN7,,14.919,0.000,14.919,2017-08-09
135783,Mirae Asset Tax Saver Fund-Regular Plan-Dividend Payout,INF769K01DL1,,14.535,0.000,14.535,2017-08-09
135784,Mirae Asset Tax Saver Fund-Regular Plan-Growth,INF769K01DK3,,15.169,0.000,15.169,2017-08-09
133384,Motilal Oswal Long Term Equity Fund (MOFLTE) - Direct Plan - Dividend Payout Option,INF247L01577,,16.7223,16.7223,16.7223,2017-08-09
133386,Motilal Oswal Long Term Equity Fund (MOFLTE) - Direct Plan - Growth Option,INF247L01569,,17.2951,17.2951,17.2951,2017-08-09
133385,Motilal Oswal Long Term Equity Fund (MOFLTE) - Regular Plan - Growth Option,INF247L01544,,16.6800,16.6800,16.6800,2017-08-09
133383,Motilal Oswal Long Term Equity Fund - Regular Plan - Dividend Payout Option,INF247L01551,,16.1102,16.1102,16.1102,2017-08-09
133865,Nippon India Tax Saver (ELSS) Fund- Direct Plan-Dividend Plan- Annual Dividend Payout Option,INF204KA1E12,,12.8972,12.8972,12.8972,2017-08-09
133866,Nippon India Tax Saver (ELSS) Fund- Dividend Plan- Annual Dividend Payout Option,INF204KA1E04,,12.7516,12.7516,12.7516,2017-08-09
103197,Nippon India Tax Saver (ELSS) Fund-Dividend Plan-Dividend Payout Option,INF204K01GL2,INF204K01GM0,23.2808,23.2808,23.2808,2017-08-09
103196,Nippon India Tax Saver (ELSS) Fund-Growth Plan-Growth Option,INF204K01GK4,,60.3311,60.3311,60.3311,2017-08-09
118801,Nippon India Tax Saver Fund - Direct Plan Dividend Plan - Dividend Payout Option,INF204K01L30,INF204K01L48,27.6927,27.6927,27.6927,2017-08-09
118803,Nippon India Tax Saver Fund - Direct Plan Growth Plan - Growth Option,INF204K01L55,,62.4201,62.4201,62.4201,2017-08-09
135600,PGIM India Long Term Equity Fund - Direct Plan - Dividend Option,INF663L01FO3,,12.4,12.4,12.4,2017-08-09
135601,PGIM India Long Term Equity Fund - Direct Plan - Growth Option,INF663L01FN5,,13.36,13.36,13.36,2017-08-09
135599,PGIM India Long Term Equity Fund - Regular Plan - Dividend Option,INF663L01FR6,,12.21,12.21,12.21,2017-08-09
135598,PGIM India Long Term Equity Fund - Regular Plan - Growth Option,INF663L01FQ8,,13.17,13.17,13.17,2017-08-09
138393,PGIM India Tax Plan - Bonus,INF223J01887,,18.28,18.28,18.28,2017-08-09
138396,PGIM India Tax Plan - Direct Plan - Bonus,INF223J01PD2,,18.94,18.94,18.94,2017-08-09
138395,PGIM India Tax Plan - Direct Plan - Dividend,INF223J01QY6,INF223J01QZ3,27.76,27.76,27.76,2017-08-09
138394,PGIM India Tax Plan - Direct Plan - Growth,INF223J01RA4,,30.43,30.43,30.43,2017-08-09
138392,PGIM India Tax Plan-DIVIDEND,INF223J01333,INF223J01341,23.76,23.76,23.76,2017-08-09
138391,PGIM India Tax Plan-GROWTH,INF223J01358,,28.76,28.76,28.76,2017-08-09
101815,Principal Personal Tax Saver Fund,INF173K01353,,187.44,187.44,187.44,2017-08-09
119486,Principal Personal Tax Saver Fund - Direct Plan,INF173K01FA4,,192.74,192.74,192.74,2017-08-09
100156,Principal Tax Savings Fund,INF173K01361,,192.88,192.88,192.88,2017-08-09
119489,Principal Tax Savings Fund - Direct Plan,INF173K01HZ7,,197.08,197.08,197.08,2017-08-09
100174,Quant Tax Plan-Dividend,INF966L01119,INF966L01127,14.7693,14.7693,14.7693,2017-08-09
120846,Quant Tax Plan-Dividend Option-Direct Plan,INF966L01960,,14.4346,14.4346,14.4346,2017-08-09
100175,Quant Tax Plan-Growth,INF966L01135,,87.5206,87.5206,87.5206,2017-08-09
120847,Quant Tax Plan-Growth Option-Direct Plan,INF966L01986,,88.2806,88.2806,88.2806,2017-08-09
111550,Quantum Tax Saving Fund - Direct Plan Dividend Option,INF082J01077,INF082J01085,50.50,50.50,50.50,2017-08-09
111549,Quantum Tax Saving Fund - Direct Plan Growth Option,INF082J01069,,50.50,50.50,50.50,2017-08-09
141071,Quantum Tax Saving Fund - Regular Plan Dividend Option,INF082J01374,,50.47,50.47,50.47,2017-08-09
141070,Quantum Tax Saving Fund - Regular Plan Growth Option,INF082J01366,,50.47,50.47,50.47,2017-08-09
119723,SBI LONG TERM EQUITY FUND - DIRECT PLAN -GROWTH,INF200K01UM9,,140.1520,140.1520,140.1520,2017-08-09
103883,SBI LONG TERM EQUITY FUND - REGULAR PLAN - DIVIDEND,INF200K01479,,44.7584,44.7584,44.7584,2017-08-09
105628,SBI LONG TERM EQUITY FUND - REGULAR PLAN- GROWTH,INF200K01495,,136.6089,136.6089,136.6089,2017-08-09
119722,SBI LONG TERM EQUITY FUND- DIRECT PLAN -DIVIDEND,INF200K01UK3,,56.0473,56.0473,56.0473,2017-08-09
119549,Sundaram Diversified Equity - A Long-term Tax Saver Fund - Direct Plan - Growth Option,INF903J01NN3,,100.3353,100.3353,100.3353,2017-08-09
100614,Sundaram Diversified Equity - A Long-term Tax Saver Fund - Dividend,INF903J01512,INF903J01520,14.4860,14.4860,14.4860,2017-08-09
119548,Sundaram Diversified Equity- A Long-term Tax Saver Fund - Direct Plan - Dividend Option,INF903J01NL7,INF903J01NM5,14.7902,14.7902,14.7902,2017-08-09
101853,Sundaram Diversified Equity-A Long-term Tax Saver Fund OE- App,INF903J01538,,98.7310,98.7310,98.7310,2017-08-09
100474,Tata India Tax Savings Fund-Dividend- Regular Plan,INF277K01I60,,70.9369,70.9369,70.9369,2017-08-09
132757,Tata India Tax Savings Fund-Growth-Regular Plan,INF277K01I52,,16.1854,16.1854,16.1854,2017-08-09
119281,Tata India Tax Savings Fund-Dividend -Direct Plan,INF277K01I94,,94.2849,94.2849,94.2849,2017-08-09
132756,Tata India Tax Savings Fund-Growth-Direct Plan,INF277K01I86,,16.7607,16.7607,16.7607,2017-08-09
100480,Taurus Tax Shield- Regular Plan - Growth Option,INF044D01AC9,,69.57,69.57,69.57,2017-08-09
108402,Taurus Tax Shield- Regular Plan -Dividend Option,INF044D01997,,32.59,32.59,32.59,2017-08-09
118867,Taurus Tax Shield-Direct Plan-Dividend Option,INF044D01CH4,INF044D01CI2,33.15,33.15,33.15,2017-08-09
118866,Taurus Tax Shield-Direct Plan-Growth Option,INF044D01CG6,INF044D01AA3,71.93,71.93,71.93,2017-08-09
119306,Union Long Term Equity Fund - Direct Plan - Dividend Option,INF582M01781,INF582M01773,23.04,23.04,23.04,2017-08-09
119307,Union Long Term Equity Fund - Direct Plan - Growth Option,INF582M01765,,23.04,23.04,23.04,2017-08-09
116052,Union Long Term Equity Fund - Dividend Option,INF582M01328,INF582M01310,15.17,15.17,15.17,2017-08-09
116051,Union Long Term Equity Fund - Growth Option,INF582M01302,,22.39,22.39,22.39,2017-08-09
120715,UTI - Long Term Equity Fund (Tax Saving) - Direct Plan - Growth Option,INF789F01TF7,,83.4235,83.4235,83.4235,2017-08-09
100820,UTI - Long Term Equity Fund (Tax Saving) - Regular Plan - Dividend Option,INF789F01521,INF789F01539,20.8268,20.8268,20.8268,2017-08-09
100821,UTI - Long Term Equity Fund (Tax Saving) - Regular Plan - Growth Option,INF789F01547,,80.365,80.365,80.365,2017-08-09
120714,UTI - Long Term Equity fund (Tax Saving) Direct Plan - Dividend Option,INF789F01TD2,INF789F01TE0,25.0465,25.0465,25.0465,2017-08-09
101997,HDFC Overnight Fund - Dividend option (Daily),,,1042.6600,1042.6600,1042.6600,2017-08-09
119109,HDFC Overnight Fund - Dividend Option - Direct Plan,,,1042.6600,1042.6600,1042.6600,2017-08-09
101996,HDFC Overnight Fund - Growth Option,INF179KB1HS3,,2552.4684,2552.4684,2552.4684,2017-08-09
119110,HDFC Overnight Fund - Growth Option - Direct Plan,INF179KB1HT1,,2559.3613,2559.3613,2559.3613,2017-08-09
118066,L&T Overnight Fund  - Regular Plan - Monthly Dividend,INF917K01EL4,INF917K01EM2,1028.6268,1028.6268,1028.6268,2017-08-09
119283,L&T Overnight Fund - Direct Plan - Growth,INF917K01EN0,,1338.5026,1338.5026,1338.5026,2017-08-09
119284,L&T Overnight Fund - Direct Plan- Daily Dividend,,INF917K01EO8,1023.3,1023.3,1023.3,2017-08-09
119282,L&T Overnight Fund - Direct Plan- Monthly Dividend,INF917K01ER1,,1055.6137,1055.6137,1055.6137,2017-08-09
119285,L&T Overnight Fund - Direct Plan- Weekly Dividend,,INF917K01EP5,1001.7443,1001.7443,1001.7443,2017-08-09
118056,L&T Overnight Fund - Regular Plan - Daily Dividend,,INF917K01EJ8,1023.3,1023.3,1023.3,2017-08-09
118058,L&T Overnight Fund - Regular Plan - Growth,INF917K01EI0,,1302.1372,1302.1372,1302.1372,2017-08-09
118065,L&T Overnight Fund - Regular Plan - Weekly Dividend,,INF917K01EK6,1000.3065,1000.3065,1000.3065,2017-08-09
119831,SBI OVERNIGHT FUND - DIRECT PLAN - DAILY DIVIDEND,,INF200K01TJ7,1009.9100,1009.9100,1009.9100,2017-08-09
119833,SBI OVERNIGHT FUND - DIRECT PLAN - GROWTH,INF200K01TK5,,2802.2463,2802.2463,2802.2463,2017-08-09
119832,SBI OVERNIGHT FUND - DIRECT PLAN - WEEKLY DIVIDEND,INF200K01TL3,INF200K01TM1,1031.8439,1031.8439,1031.8439,2017-08-09
101206,SBI OVERNIGHT FUND - REGULAR PLAN - GROWTH,INF200K01LQ9,,2782.3980,2782.3980,2782.3980,2017-08-09
103140,SBI OVERNIGHT FUND - REGULAR PLAN - WEEKLY DIVIDEND,INF200K01LO4,INF200K01LP1,1031.8318,1031.8318,1031.8318,2017-08-09
114297,SBI OVERNIGHT FUND - REGULAR PLAN -DAILY DIVIDEND,,INF200K01LN6,1009.9100,1009.9100,1009.9100,2017-08-09
100814,UTI - Overnight  Fund - Regular Plan - Growth Option,INF789F01604,,23.6766,23.6766,23.6766,2017-08-09
120785,UTI - Overnight Fund - Direct Plan - Growth Option,INF789FB1S71,,23.8077,23.8077,23.8077,2017-08-09
120786,UTI - Overnight Fund - Direct Plan - Periodic Div Option,INF789FB1T05,INF789FB1S97,14.0129,14.0129,14.0129,2017-08-09
124265,UTI - Overnight Fund - Regular Plan - Daily Div Option,,INF789FB1T13,12.9807,12.9807,0,2017-08-09
100813,UTI - Overnight Fund - Regular Plan - Periodic Div Option,INF789F01588,INF789F01596,13.7196,13.7196,13.7196,2017-08-09
100046,Aditya Birla Sun Life Liquid Fund - Daily Dividend,INF209K01KQ2,INF209K01SQ5,100.1950,100.1950,100.1950,2017-08-09
119569,Aditya Birla Sun Life Liquid Fund - Daily Dividend - Direct Plan,INF209K01UZ2,,100.1950,100.1950,100.1950,2017-08-09
103885,Aditya Birla Sun Life Liquid Fund - Dividend,INF209KA1LI1,,111.5704,111.5704,111.5704,2017-08-09
119571,Aditya Birla Sun Life Liquid Fund - Dividend - Direct Plan,INF209K01VD7,,145.2628,145.2628,145.2628,2017-08-09
100047,Aditya Birla Sun Life Liquid Fund - Growth,INF209K01RU9,,266.6687,266.6687,266.6687,2017-08-09
119568,Aditya Birla Sun Life Liquid Fund - Growth - Direct Plan,INF209K01VA3,,267.5548,267.5548,267.5548,2017-08-09
100041,Aditya Birla Sun Life Liquid Fund - Institutional Dividend,,INF209K01KN9,108.0230,108.0230,108.0230,2017-08-09
100051,Aditya Birla Sun Life Liquid Fund - Weekly Dividend,INF209K01KU4,INF209KA1LJ9,100.3144,100.3144,100.3144,2017-08-09
119570,Aditya Birla Sun Life Liquid Fund - Weekly Dividend - Direct Plan,INF209K01VC9,,100.3155,100.3155,100.3155,2017-08-09
112014,Aditya Birla Sun Life Liquid Fund- Discipline Advantage Plan,INF209K01KZ3,,179.2051,179.2051,179.2051,2017-08-09
100043,Aditya Birla Sun Life Liquid Fund-Institutional (Growth),INF209K01RT1,,444.0822,444.0822,444.0822,2017-08-09
100048,Aditya Birla Sun Life Liquid Fund-Institutional -  Weekly Dividend,INF209KA1LK7,INF209K01KY6,108.1644,108.1644,108.1644,2017-08-09
100044,Aditya Birla Sun Life Liquid Fund-Retail (Dividend),,INF209K01KP4,163.6940,163.6940,163.6940,2017-08-09
100042,Aditya Birla Sun Life Liquid Fund-Retail (Growth),INF209K01ME4,,432.7417,432.7417,432.7417,2017-08-09
128954,Axis Liquid Fund - Direct plan - Bonus Option,INF846K01NH4,,1846.3074,1846.3074,1846.3074,2017-08-09
120388,Axis Liquid Fund - Direct Plan - Daily Dividend Option,,INF846K01DA0,1000.6413,1000.6413,1000.6413,2017-08-09
120389,Axis Liquid Fund - Direct Plan - Growth Option,INF846K01CX4,,1846.4231,1846.4231,1846.4231,2017-08-09
120391,Axis Liquid Fund - Direct Plan - Monthly Dividend Option,INF846K01CY2,INF846K01CZ9,1002.9168,1002.9168,1002.9168,2017-08-09
120390,Axis Liquid Fund - Direct Plan - Weekly Dividend Option,INF846K01DB8,INF846K01DC6,1002.4574,1002.4574,1002.4574,2017-08-09
112211,Axis Liquid Fund - Regular Plan - Daily Dividend Option,,INF846K01420,1000.8759,1000.8759,1000.8759,2017-08-09
112210,Axis Liquid Fund - Regular Plan - Growth Option,INF846K01412,,1840.5672,1840.5672,1840.5672,2017-08-09
112213,Axis Liquid Fund - Regular Plan - Monthly Dividend Option,INF846K01453,INF846K01461,1003.2662,1003.2662,1003.2662,2017-08-09
112212,Axis Liquid Fund - Regular Plan - Weekly Dividend Option,INF846K01438,INF846K01446,1002.4543,1002.4543,1002.4543,2017-08-09
112712,Axis Liquid Fund - Retail Plan - Daily Dividend Option,,INF846K01362,1000.6413,1000.6413,1000.6413,2017-08-09
112713,Axis Liquid Fund - Retail Plan - Growth Option,INF846K01354,,1754.0276,1754.0276,1754.0276,2017-08-09
112714,Axis Liquid Fund - Retail Plan - Monthly Dividend Option,INF846K01396,INF846K01404,1002.6382,1002.6382,1002.6382,2017-08-09
112715,Axis Liquid Fund - Retail Plan - Weekly Dividend Option,INF846K01370,INF846K01388,1000.8534,1000.8534,1000.8534,2017-08-09
111707,BARODA LIQUID FUND - Plan A - DAILY DIVIDEND OPTION,INF955L01468,INF955L01476,1001.1191,1001.1191,1001.1191,2017-08-09
111704,BARODA LIQUID FUND - Plan A - GROWTH OPTION,INF955L01484,,1906.6022,1906.6022,1906.6022,2017-08-09
111705,BARODA LIQUID FUND - PLAN A - WEEKLY DIVIDEND OPTION,INF955L01492,INF955L01500,1000.3987,1000.3987,1000.3987,2017-08-09
125129,Baroda Liquid Fund - Plan B (Direct) - Bonus Option,INF955L01DS9,,1915.1006,1915.1006,1915.1006,2017-08-09
119414,BARODA LIQUID FUND - PLAN B (DIRECT) - DAILY DIVIDEND OPTION,INF955L01AK2,,1001.8422,1001.8422,1001.8422,2017-08-09
119415,BARODA LIQUID FUND - PLAN B (DIRECT) - GROWTH OPTION,INF955L01AL0,,1914.7739,1914.7739,1914.7739,2017-08-09
119416,BARODA LIQUID FUND - PLAN B (DIRECT) - WEEKLY DIVIDEND OPTION,INF955L01AN6,,1219.4514,1219.4514,1219.4514,2017-08-09
101408,BARODA LIQUID FUND- Regular Growth Option,INF955L01575,,2805.5574,2805.5574,2805.5574,2017-08-09
101409,BARODA LIQUID FUND-Regular Daily Dividend Option,INF955L01518,INF955L01526,1006.0602,1006.0602,1006.0602,2017-08-09
101407,BARODA LIQUID FUND-Regular Dividend Option,INF955L01559,INF955L01567,2403.6794,2403.6794,2403.6794,2017-08-09
130473,BNP PARIBAS LIQUID FUND - DAILY DIVIDEND OPTION,,INF251K01NK1,1000.4900,1000.4900,1000.4900,2017-08-09
130489,BNP PARIBAS LIQUID Fund - DIRECT PLAN - MONTHLY DIVIDEND OPTION,INF251K01NR6,INF251K01NS4,1002.3396,1002.3396,1002.3396,2017-08-09
130486,BNP PARIBAS LIQUID FUND - DIRECT PLAN -- DAILY DIVIDEND OPTION,,INF251K01NP0,1000.8845,1000.8845,1000.8845,2017-08-09
130472,BNP PARIBAS LIQUID FUND - GROWTH OPTION,INF251K01NJ3,,2548.7087,2548.7087,2548.7087,2017-08-09
130476,BNP PARIBAS LIQUID FUND - MONTHLY DIVIDEND OPTION,INF251K01NM7,INF251K01NN5,1002.2765,1002.2765,1002.2765,2017-08-09
130459,BNP PARIBAS LIQUID FUND - REGULAR PLAN - GROWTH OPTION,INF251K01NF1,,2412.8315,2412.8315,2412.8315,2017-08-09
130471,BNP PARIBAS LIQUID FUND - REGULAR PLAN - MONTHLY DIVIDEND OPTION,INF251K01NH7,INF251K01NI5,1002.2658,1002.2658,1002.2658,2017-08-09
130465,BNP PARIBAS LIQUID FUND - REGULAR PLAN - WEEKLY DIVIDEND OPTION,,INF251K01NG9,1001.2621,1001.2621,1001.2621,2017-08-09
130474,BNP PARIBAS LIQUID FUND - WEEKLY DIVIDEND OPTION,,INF251K01NL9,1001.2668,1001.2668,1001.2668,2017-08-09
130479,BNP PARIBAS LIQUID FUND -- DIRECT PLAN - GROWTH OPTION,INF251K01NO3,,2557.8428,2557.8428,2557.8428,2017-08-09
130487,BNP PARIBAS LIQUID FUND -- DIRECT PLAN - WEEKLY DIVIDEND OPTION,,INF251K01NQ8,1001.2959,1001.2959,1001.2959,2017-08-09
139562,BNP PARIBAS LIQUID FUND SPECIAL UNCLAIMED DIV 36A -- GROWTH OPTION,INF251K01OL7,,1073.6794,1073.6794,1073.6794,2017-08-09
139561,BNP PARIBAS LIQUID FUND SPECIAL UNCLAIMED DIV 36B -- GROWTH OPTION,INF251K01OM5,,1076.8770,1076.8770,1076.8770,2017-08-09
139560,BNP PARIBAS LIQUID FUND SPECIAL UNCLAIMED RED 36A-- GROWTH OPTION,INF251K01OJ1,,1072.2683,1072.2683,1072.2683,2017-08-09
139563,BNP PARIBAS LIQUID FUND SPECIAL UNCLAIMED RED 36B -- GROWTH OPTION,INF251K01OK9,,1073.8149,1073.8149,1073.8149,2017-08-09
119368,BOI AXA Liquid Fund- Direct Plan- Daily Dividend,,INF761K01CL0,1002.6483,1002.6483,1002.6483,2017-08-09
119369,BOI AXA Liquid Fund- Direct Plan- Growth,INF761K01785,,1918.5279,1918.5279,1918.5279,2017-08-09
119370,BOI AXA Liquid Fund- Direct Plan- Weekly Dividend,,INF761K01CM8,1061.9399,1061.9399,1061.9399,2017-08-09
111971,BOI AXA Liquid Fund- Regular Plan- Daily Dividend,,INF761K01CO4,1002.1069,1002.1069,1002.1069,2017-08-09
109254,BOI AXA Liquid Fund- Regular Plan- Growth,INF761K01306,,1909.7498,1909.7498,1909.7498,2017-08-09
109255,BOI AXA Liquid Fund- Regular Plan- Weekly Dividend,,INF761K01CP1,1001.6732,1001.6732,1001.6732,2017-08-09
118305,Canara Robeco Liquid Fund - Direct Plan-Growth,INF760K01FU6,,2015.5009,2015.5009,2015.5009,2017-08-09
139235,Canara Robeco Liquid Fund -Unclaimed Redemption and Dividend Plan -Direct Growth Option,INF760K01IC8,,1095.2397,1095.2397,1095.2397,2017-08-09
118308,Canara Robeco Liquid Fund- Direct Plan-Weekly dividend,INF760K01FY8,INF760K01FX0,1000.0401,1000.0401,1000.0401,2017-08-09
118307,Canara Robeco Liquid Fund-Direct Plan-Daily Dividend Reinvestment,,INF760K01FS0,1005.5000,1005.5000,1005.5000,2017-08-09
118304,Canara Robeco Liquid Fund-Direct Plan-Dividend Payout,INF760K01FT8,,1442.9712,1442.9712,1442.9712,2017-08-09
118306,Canara Robeco Liquid Fund-Direct Plan-Monthly Dividend,INF760K01FV4,INF760K01FW2,1002.4729,1002.4729,1002.4729,2017-08-09
109349,Canara Robeco Liquid Fund-Regular Plan-Daily Div Reinvest.,,INF760K01CU3,1005.5000,1005.5000,1005.5000,2017-08-09
109353,Canara Robeco Liquid Fund-Regular Plan-Growth,INF760K01CW9,,2011.6193,2011.6193,2011.6193,2017-08-09
109351,Canara Robeco Liquid Fund-Regular Plan-Monthly Div Reinvest.,INF760K01CX7,INF760K01CY5,1002.4613,1002.4613,1002.4613,2017-08-09
109350,Canara Robeco Liquid Fund-Regular Plan-Weekly Div Reinvest.,INF760K01BZ4,INF760K01CZ2,1000.0401,1000.0401,1000.0401,2017-08-09
119124,DSP Liquidity Fund - Direct Plan - Daily Dividend,,INF740KA1OB6,1000.8071,1000.8071,1000.8071,2017-08-09
119125,DSP Liquidity Fund - Direct Plan - Growth,INF740K01QL4,,2381.2472,2381.2472,2381.2472,2017-08-09
119123,DSP Liquidity Fund - Direct Plan - Weekly Dividend,INF740KA1OC4,INF740KA1OD2,1001.9031,1001.9031,1001.9031,2017-08-09
103347,DSP Liquidity Fund - Regular Plan - Growth,INF740K01FK9,,2372.0355,2372.0355,2372.0355,2017-08-09
103348,DSP Liquidity Fund - Regular Plan - Weekly Dividend,,,1001.8767,1001.8767,1001.8767,2017-08-09
103349,DSP Liquidity Fund- Regular Plan - Daily Dividend,,INF740KA1OE0,1000.8071,1000.8071,1000.8071,2017-08-09
100943,DSP BlackRock Liquidity Fund - Regular Plan - Daily Dividend,,,10.0206,10.0206,10.0206,2017-08-09
100940,DSP BlackRock Liquidity Fund - Regular Plan - Growth,INF740K01CN0,,38.9108,38.9108,38.9108,2017-08-09
100941,DSP BlackRock Liquidity Fund - Regular Plan Weekly Dividend,,,12.4235,12.4235,12.4235,2017-08-09
140197,Edelweiss  Liquid Fund - Direct Plan - Monthly Dividend Option,INF754K01GW3,INF754K01GS1,1011.1366,1011.1366,1011.1366,2017-08-09
140194,Edelweiss Liquid Fund - Direct Plan - Bonus Option,INF754K01GY9,,1244.9397,1244.9397,1244.9397,2017-08-09
140193,Edelweiss Liquid Fund - Direct Plan - Daily Dividend Option,,INF754K01GP7,1001.01,1001.01,1001.01,2017-08-09
140196,Edelweiss Liquid Fund - Direct Plan - Growth Option,INF754K01GM4,,2139.8668,2139.8668,2139.8668,2017-08-09
140188,Edelweiss Liquid Fund - Regular Plan - Annual Dividend Option,INF754K01HQ3,INF754K01HP5,1473.3594,1473.3594,1473.3594,2017-08-09
140189,Edelweiss Liquid Fund - Regular Plan - Bonus Option,INF754K01HR1,,1240.5321,1240.5321,1240.5321,2017-08-09
140181,Edelweiss Liquid Fund - Regular Plan - Daily Dividend Option,,INF754K01HA7,1002.79,1002.79,1002.79,2017-08-09
140182,Edelweiss Liquid Fund - Regular Plan - Growth Option,INF754K01GZ6,,2129.5896,2129.5896,2129.5896,2017-08-09
140183,Edelweiss Liquid Fund - Regular Plan - Monthly Dividend Option,INF754K01HL4,INF754K01HD1,1005.7593,1005.7593,1005.7593,2017-08-09
140185,Edelweiss Liquid Fund - Regular Plan - Weekly Dividend Option,INF754K01HJ8,INF754K01HB5,1018,1018,1018,2017-08-09
140177,Edelweiss Liquid Fund - Retail Plan - Daily Dividend Option,,INF754K01HF6,1001.9,1001.9,1001.9,2017-08-09
140176,Edelweiss Liquid Fund - Retail Plan - Growth Option,INF754K01HE9,,1937.0538,1937.0538,1937.0538,2017-08-09
140180,Edelweiss Liquid Fund - Retail Plan - Monthly Dividend Option,,INF754K01HI0,1010.1225,1010.1225,1010.1225,2017-08-09
140178,Edelweiss Liquid Fund - Retail Plan - Weekly Dividend Option,,INF754K01HG4,1004.4264,1004.4264,1004.4264,2017-08-09
141159,Edelweiss Liquid Fund - Unclaimed Dividend Plan- Above 3 years,,,1000,1000,1000,2017-08-09
141161,Edelweiss Liquid Fund - Unclaimed Dividend Plan- Upto 3 years,,,1023.8291,1023.8291,1023.8291,2017-08-09
141162,Edelweiss Liquid Fund - Unclaimed Redemption Plan- Above 3 years,,,1000,1000,1000,2017-08-09
141160,Edelweiss Liquid Fund - Unclaimed Redemption Plan- Upto 3 years,,,1023.8275,1023.8275,1023.8275,2017-08-09
119163,Essel Liquid Fund-Direct Plan-Dividend Option-Daily,,INF959L01AX7,1001.2900,1001.2900,1001.2900,2017-08-09
119161,Essel Liquid Fund-Direct Plan-Dividend Option-Monthly,INF959L01AR9,INF959L01AS7,1003.5181,1003.5181,1003.5181,2017-08-09
119162,Essel Liquid Fund-Direct Plan-Dividend Option-Weekly,INF959L01AU3,INF959L01AW9,1000.7977,1000.7977,1000.7977,2017-08-09
119164,Essel Liquid Fund-Direct Plan-Growth Option,INF959L01AT5,,1834.1480,1834.1480,1834.1480,2017-08-09
112647,Essel Liquid Fund-Regular Plan- Monthly Dividend Option,INF959L01BD7,INF959L01BE5,1003.4809,1003.4809,1003.4809,2017-08-09
112645,Essel Liquid Fund-Regular Plan-Daily Dividend Option,,INF959L01BB1,1001.2900,1001.2900,1001.2900,2017-08-09
112636,Essel Liquid Fund-Regular Plan-Growth Option,INF959L01AV1,,1827.2695,1827.2695,1827.2695,2017-08-09
112646,Essel Liquid Fund-Regular Plan-Weekly Dividend Option,INF959L01AZ2,INF959L01BA3,1000.8313,1000.8313,1000.8313,2017-08-09
140437,Essel Liquid Fund-Unclaimed Redemption and Dividend Plan greater than 3 years,INF959L01CO2,,1000.0000,1000.0000,1000.0000,2017-08-09
139386,Essel Liquid Fund-Unclaimed Redemption and Dividend Plan less than 3 years,INF959L01CN4,,1831.3891,1831.3891,1831.3891,2017-08-09
100541,Franklin India Liquid Fund - Regular Plan - Daily Dividend,,INF090I01BA3,1512.2956,1512.2956,1512.2956,2017-08-09
100538,Franklin India Liquid Fund - Regular Plan - Growth,INF090I01BB1,,3939.0486,3939.0486,3939.0486,2017-08-09
100537,Franklin India Liquid Fund - Regular Plan - Weekly Dividend,INF090I01BL0,INF090I01BI6,1244.9309,1244.9309,1244.9309,2017-08-09
118577,Franklin India Liquid Fund - Super Instittutional - Direct - Growth,INF090I01JV2,,2491.0181,2491.0181,2491.0181,2017-08-09
118578,Franklin India Liquid Fund - Super Institutional - Direct - Daily Dividend,,INF090I01JW0,1001.8422,1001.8422,1001.8422,2017-08-09
118579,Franklin India Liquid Fund - Super Institutional - Direct - Weekly Dividend,INF090I01JX8,INF090I01JY6,1021.9483,1021.9483,1021.9483,2017-08-09
100547,Franklin India Liquid Fund - Super Institutional Plan - Daily Dividend,,INF090I01BF2,1000.7051,1000.7051,1000.7051,2017-08-09
100546,Franklin India Liquid Fund - Super Institutional Plan - Growth,INF090I01BG0,,2484.1706,2484.1706,2484.1706,2017-08-09
100548,Franklin India Liquid Fund - Super Institutional Plan - Weekly Dividend,INF090I01BM8,INF090I01BH8,1021.6775,1021.6775,1021.6775,2017-08-09
139890,Franklin India Liquid Fund - Unclaimed Dividend Plan - Growth,INF090I01LP0,,10.5997,10.5997,10.5997,2017-08-09
139889,Franklin India Liquid Fund - Unclaimed Redemption Plan - Growth,INF090I01LO3,,10.5997,10.5997,10.5997,2017-08-09
102443,Franklin India Liquid Fund - Institution-Daily,,INF090I01BC9,1000.6505,1000.6505,1000.6505,2017-08-09
102441,Franklin India Liquid Fund - Institution-Growth,INF090I01BD7,,2543.5528,2543.5528,2543.5528,2017-08-09
102442,Franklin India Liquid Fund - Institution-Weekly,INF090I01BJ4,INF090I01BE5,1055.2545,1055.2545,1055.2545,2017-08-09
119089,HDFC Liquid Fund -Direct Plan - Daily Dividend Option,,INF179KB1HV7,1019.8200,1019.8200,1019.8200,2017-08-09
119091,HDFC Liquid Fund -Direct Plan - Growth Option,INF179KB1HP9,,3284.0438,3284.0438,3284.0438,2017-08-09
119090,HDFC Liquid Fund -Direct Plan - Monthly Dividend Option,INF179KB1HO2,INF179KB1HQ7,1027.9093,1027.9093,1027.9093,2017-08-09
119088,HDFC Liquid Fund -Direct Plan - Weekly Dividend Option,,,1031.3917,1031.3917,1031.3917,2017-08-09
100875,HDFC Liquid Fund-Dividend - Daily,,INF179KB1IC5,1019.8200,1019.8200,1019.8200,2017-08-09
100876,HDFC Liquid Fund-Dividend - Monthly,INF179KB1HM6,INF179KB1HL8,1027.8839,1027.8839,1027.8839,2017-08-09
100874,HDFC Liquid Fund-Dividend - Weekly,INF179KB1ID3,,1031.3865,1031.3865,1031.3865,2017-08-09
100868,HDFC Liquid Fund-GROWTH,INF179KB1HK0,,3273.3719,3273.3719,3273.3719,2017-08-09
100877,HDFC Liquid Fund-Premium Plan - Dividend-Daily,,INF179K01KN4,1225.9800,1225.9800,1225.9800,2017-08-09
100873,HDFC Liquid Fund-PREMIUM- Growth,INF179KB1HN4,,3335.3098,3335.3098,3335.3098,2017-08-09
118902,HSBC Cash Fund -  Growth,INF336L01BN7,,1655.1606,1655.1606,1655.1606,2017-08-09
120038,HSBC Cash Fund -  Growth Direct,INF336L01CC8,,1658.7999,1658.7999,1658.7999,2017-08-09
118901,HSBC Cash Fund - Daily Dividend,,INF336L01BM9,1000.56,1000.56,1000.56,2017-08-09
120037,HSBC Cash Fund - Daily Dividend Direct,,INF336L01CB0,1000.56,1000.56,1000.56,2017-08-09
118910,HSBC Cash Fund - Institutional Plan - Growth,INF336L01BT4,,2612.854,2612.854,2612.854,2017-08-09
118903,HSBC Cash Fund - Monthly Dividend,INF336L01BP2,INF336L01BO5,1002.9368,1002.9368,1002.9368,2017-08-09
120039,HSBC Cash Fund - Monthly Dividend Direct,INF336L01BZ1,INF336L01CA2,1011.3662,1011.3662,1011.3662,2017-08-09
118908,HSBC Cash Fund - Regular - Weekly Dividend,,INF336L01BR8,1001.7264,1001.7264,1001.7264,2017-08-09
118906,HSBC Cash Fund - Regular- Dividend,INF336L01BK3,,1019.3,1019.3,1019.3,2017-08-09
139238,HSBC Cash Fund - Unclaimed Dividend Above 3 years,,,1000,1000,1000,2017-08-09
139237,HSBC Cash Fund - Unclaimed Dividend Below 3 years,,,1090.9598,1090.9598,1090.9598,2017-08-09
139239,HSBC Cash Fund - Unclaimed Redemption Above 3 years,,,1000,1000,1000,2017-08-09
139240,HSBC Cash Fund - Unclaimed Redemption Below 3 years,,,1090.9598,1090.9598,1090.9598,2017-08-09
118904,HSBC Cash Fund - Weekly Dividend,INF336L01LJ4,INF336L01BQ0,1110.6965,1110.6965,1110.6965,2017-08-09
120040,HSBC Cash Fund - Weekly Dividend Direct,INF336L01LK2,INF336L01CD6,1110.6995,1110.6995,1110.6995,2017-08-09
118909,HSBC Cash Fund-Institutional Plan - Daily Dividend,,INF336L01BS6,1230.2692,1230.2692,1230.2692,2017-08-09
118907,HSBC Cash Fund-Regular-Growth,INF336L01BL1,,2493.0393,2493.0393,2493.0393,2017-08-09
100357,ICICI Prudential Liquid Fund -Quarterly Dividend,INF109K01UU5,INF109K01UT7,101.0974,101.0974,101.0974,2017-08-09
100359,ICICI Prudential Liquid Institutional Plus Fund - Div - Daily,INF109K01VJ6,,118.5152,118.5152,118.5152,2017-08-09
103343,ICICI Prudential Liquid Fund - Daily Dividend,INF109K01VP3,,100.0989,100.0989,100.0989,2017-08-09
120198,ICICI Prudential Liquid Fund - Direct Plan -  Annual Dividend,INF109K01P99,INF109K01Q07,105.9625,105.9625,105.9625,2017-08-09
120191,ICICI Prudential Liquid Fund - Direct Plan -  Dividend Others,INF109K01Q31,INF109K01Q23,124.3278,124.3278,124.3278,2017-08-09
120187,ICICI Prudential Liquid Fund - Direct Plan -  Half Yearly Dividend,INF109K01Q56,INF109K01Q64,107.0253,107.0253,107.0253,2017-08-09
120188,ICICI Prudential Liquid Fund - Direct Plan - Daily Dividend,,INF109K01Q15,100.0685,100.0685,100.0685,2017-08-09
120197,ICICI Prudential Liquid Fund - Direct Plan - Growth,INF109K01Q49,,246.3947,246.3947,246.3947,2017-08-09
120189,ICICI Prudential Liquid Fund - Direct Plan - Monthly Dividend,INF109K01R06,,100.4196,100.4196,100.4196,2017-08-09
120196,ICICI Prudential Liquid Fund - Direct Plan - Quarterly Dividend,INF109K01Q72,INF109K01Q80,101.8553,101.8553,101.8553,2017-08-09
120190,ICICI Prudential Liquid Fund - Direct Plan - Weekly Dividend,INF109K01Q98,,100.2195,100.2195,100.2195,2017-08-09
130934,ICICI Prudential Liquid Fund - Direct Plan Bonus,INF109KA1G86,,124.6286,124.6286,124.6286,2017-08-09
115505,ICICI Prudential Liquid Fund - Dividend Others,INF109K01VU3,INF109K01VT5,124.1540,124.1540,124.1540,2017-08-09
103340,ICICI Prudential Liquid Fund - Growth,INF109K01VQ1,,245.7853,245.7853,245.7853,2017-08-09
104308,ICICI Prudential Liquid Fund - Half Yearly Dividend,INF109K01UX9,INF109K01UW1,105.9665,105.9665,105.9665,2017-08-09
103344,ICICI Prudential Liquid Fund - Institutional Option - I,INF109K01VH0,,232.6710,232.6710,232.6710,2017-08-09
139434,ICICI Prudential Liquid Fund - Unclaimed Dividend,INF109KB1WR9,,108.4421,108.4421,108.4421,2017-08-09
139433,ICICI Prudential Liquid Fund - Unclaimed Redemption,INF109KB1WQ1,,108.4421,108.4421,108.4421,2017-08-09
103342,ICICI Prudential Liquid Fund - Weekly Dividend,INF109K01VS7,,100.1942,100.1942,100.1942,2017-08-09
103341,ICICI Prudential Liquid Fund -Monthly Dividend,INF109K01VR9,,100.2843,100.2843,100.2843,2017-08-09
112119,ICICI Prudential Liquid Fund-Annual Dividend,INF109K01VD9,INF109K01VC1,105.9254,105.9254,105.9254,2017-08-09
101748,ICICI Prudential Liquid Fund - Institutional - Daily - Div,INF109K01VE7,,118.5022,118.5022,118.5022,2017-08-09
101754,ICICI Prudential Liquid Fund Retail Daily Dividend,INF109K01UR1,,118.5142,118.5142,118.5142,2017-08-09
101750,ICICI Prudential Liquid Fund Retail Growth,INF109K01UQ3,,381.2605,381.2605,381.2605,2017-08-09
101755,ICICI Prudential Liquid Fund Retail Monthly Dividend,INF109K01US9,,100.3192,100.3192,100.3192,2017-08-09
101752,ICICI Prudential Liquid Fund Retail Weekly Dividend,INF109K01UV3,,118.8634,118.8634,118.8634,2017-08-09
101751,ICICI Prudential Liquid Institutional Fund - Growth,INF109K01VF4,,391.0296,391.0296,391.0296,2017-08-09
126163,IDBI Liquid Fund Bonus Direct,INF397L01FP5,,1336.8999,1336.8999,1336.8999,2017-08-09
126164,IDBI Liquid Fund Bonus Regular,INF397L01FO8,,1330.8006,1330.8006,1330.8006,2017-08-09
118345,IDBI Liquid Fund Growth Direct,INF397L01AH3,,1782.5359,1782.5359,1782.5359,2017-08-09
113104,IDBI Liquid Fund- Monthly Dividend,INF397L01976,INF397L01968,1006.2322,1006.2322,1006.2322,2017-08-09
118449,IDBI Liquid Fund- Monthly Dividend Direct,INF397L01AK7,INF397L01AJ9,1004.8301,1004.8301,1004.8301,2017-08-09
113102,IDBI Liquid Fund-Daily Dividend,,INF397L01935,1005.2683,1005.2683,1005.2683,2017-08-09
118450,IDBI Liquid Fund-Daily Dividend Direct,,INF397L01AI1,1002.3548,1002.3548,1002.3548,2017-08-09
113096,IDBI Liquid Fund-Growth,INF397L01984,,1774.3962,1774.3962,1774.3962,2017-08-09
113103,IDBI Liquid Fund-Weekly Dividend,INF397L01950,INF397L01943,1011.1584,1011.1584,1011.1584,2017-08-09
118451,IDBI Liquid Fund-Weekly Dividend Direct,INF397L01AM3,INF397L01AL5,1003.3386,1003.3386,1003.3386,2017-08-09
118366,IDFC Cash Fund -Direct Plan -Daily Dividend,,INF194K01I78,1001.6663,1001.6663,1001.6663,2017-08-09
118364,IDFC Cash Fund -Direct Plan -Growth,INF194K01I60,,2022.3881,2022.3881,2022.3881,2017-08-09
118365,IDFC Cash Fund -Direct Plan -Monthly Dividend,INF194K01J36,INF194K01J28,1009.1847,1009.1847,1009.1847,2017-08-09
118363,IDFC Cash Fund -Direct Plan -Periodic Dividend,INF194K01J02,INF194K01I94,1249.9360,1249.9360,1249.9360,2017-08-09
118367,IDFC Cash Fund -Direct Plan -Weekly Dividend,,INF194K01J51,1007.8471,1007.8471,1007.8471,2017-08-09
108692,IDFC Cash Fund -Regular Plan-Daily Dividend,INF194K01VZ4,INF194K01VY7,1001.0846,1001.0846,1001.0846,2017-08-09
108690,IDFC Cash Fund -Regular Plan-Growth,INF194K01VX9,,2016.8987,2016.8987,2016.8987,2017-08-09
108693,IDFC Cash Fund -Regular Plan-Monthly Dividend,INF194K01WF4,INF194K01WE7,1002.4293,1002.4293,1002.4293,2017-08-09
115489,IDFC Cash Fund -Regular Plan-Periodic Dividend,INF194K01WC1,INF194K01WB3,1330.0169,1330.0169,1330.0169,2017-08-09
108691,IDFC Cash Fund -Regular Plan-Weekly Dividend,INF194K01WI8,INF194K01WH0,1001.9588,1001.9588,1001.9588,2017-08-09
139582,IDFC Cash Fund -Unclaimed Dividend Less than Three Years,INF194KA14C0,,1.0761,1.0761,1.0761,2017-08-09
139583,IDFC Cash Fund -Unclaimed Dividend More than Three Years,INF194KA15C7,,1.0000,1.0000,1.0000,2017-08-09
139584,IDFC Cash Fund -Unclaimed Redemption Less than Three Years,INF194KA12C4,,1.0761,1.0761,1.0761,2017-08-09
139585,IDFC Cash Fund -Unclaimed Redemption More than Three Years,INF194KA13C2,,1.0000,1.0000,1.0000,2017-08-09
125349,IIFL LIQUID FUND DIRECT PLAN  DAILY DIVIDEND REINVESTMENT,,INF579M01688,1000.0479,1000.0479,1000.0479,2017-08-09
125345,IIFL LIQUID FUND DIRECT PLAN  GROWTH,INF579M01621,,1315.6453,1315.6453,1315.6453,2017-08-09
125342,IIFL LIQUID FUND REGULAR PLAN  DAILY DIVIDEND REINVESTMENT,,INF579M01563,1000.0978,1000.0978,1000.0978,2017-08-09
125259,IIFL LIQUID FUND REGULAR PLAN  GROWTH,INF579M01506,,1313.1794,1313.1794,1313.1794,2017-08-09
125337,IIFL LIQUID FUND REGULAR PLAN  WEEKLY DIVIDEND,INF579M01514,INF579M01571,1005.1823,1005.1823,1005.1823,2017-08-09
115992,Indiabulls Liquid Fund - Daily Dividend Option,,INF666M01022,1001.1451,1001.1451,1001.1451,2017-08-09
119136,Indiabulls Liquid Fund - Direct Plan - Daily Dividend Option,,INF666M01469,1001.0600,1001.0600,1001.0600,2017-08-09
119138,Indiabulls Liquid Fund - Direct Plan - Fortnightly Dividend Option,INF666M01501,INF666M01485,1002.9248,1002.9248,1002.9248,2017-08-09
119135,Indiabulls Liquid Fund - Direct Plan - Growth Option,INF666M01451,,1627.1855,1627.1855,1627.1855,2017-08-09
119139,Indiabulls Liquid Fund - Direct Plan - Monthly Dividend Option,INF666M01519,INF666M01493,1030.8586,1030.8586,1030.8586,2017-08-09
119137,Indiabulls Liquid Fund - Direct Plan - Weekly Dividend Option,INF666M01527,INF666M01477,1000.9102,1000.9102,1000.9102,2017-08-09
115994,Indiabulls Liquid Fund - Fortnightly Dividend Option,INF666M01063,INF666M01048,1003.0420,1003.0420,1003.0420,2017-08-09
115991,Indiabulls Liquid Fund - Growth Option,INF666M01014,,1619.9953,1619.9953,1619.9953,2017-08-09
115995,Indiabulls Liquid Fund - Monthly Dividend Option,INF666M01071,INF666M01055,1002.3180,1002.3180,1002.3180,2017-08-09
115993,Indiabulls Liquid Fund - Weekly Dividend Option,INF666M01089,INF666M01030,1001.9757,1001.9757,1001.9757,2017-08-09
122786,Invesco India Liquid Fund - Bonus Option,INF205K01UX5,,2285.2032,2285.2032,2285.2032,2017-08-09
104484,Invesco India Liquid Fund - Daily Dividend,,INF205K01HN3,1001.6232,1001.6232,1001.6232,2017-08-09
120537,Invesco India Liquid Fund - Direct Plan - Growth,INF205K01MF9,,2292.2849,2292.2849,2292.2849,2017-08-09
120536,Invesco India Liquid Fund - Direct Plan - Monthly Dividend,INF205K01MG7,INF205K01MH5,1024.1733,1024.1733,1024.1733,2017-08-09
120535,Invesco India Liquid Fund - Direct Plan - Weekly Dividend,,INF205K01MI3,1000.8686,1000.8686,1000.8686,2017-08-09
120534,Invesco India Liquid Fund - Direct Plan-  Daily Dividend,,INF205K01ME2,1000.79,1000.79,1000.79,2017-08-09
104486,Invesco India Liquid Fund - Growth,INF205K01HM5,,2285.2774,2285.2774,2285.2774,2017-08-09
104492,Invesco India Liquid Fund - Monthly Dividend,INF205K01HQ6,INF205K01HP8,1005.1016,1005.1016,1005.1016,2017-08-09
104488,Invesco India Liquid Fund - Regular - Growth,INF205K01HG7,,2110.78,2110.78,2110.78,2017-08-09
104489,Invesco India Liquid Fund - Regular - Weekly Dividend,,INF205K01HH5,1001.2449,1001.2449,1001.2449,2017-08-09
139389,Invesco India Liquid Fund - Unclaimed Dividend Plan - Below 3 Years,,,1086.2323,1086.2323,1086.2323,2017-08-09
139387,Invesco India Liquid Fund - Unclaimed Redemption Plan - Below 3 years,,,1086.2336,1086.2336,1086.2336,2017-08-09
104485,Invesco India Liquid Fund - Weekly Dividend,,INF205K01HO1,1001.5633,1001.5633,1001.5633,2017-08-09
120407,JM Liquid Fund (Direct)  - Weekly Dividend Option,INF192K01CI4,INF192K01CJ2,11.0081,11.0081,11.0081,2017-08-09
120410,JM Liquid Fund (Direct) - Bonus Option - Bonus Option - Principal units,INF192K01CN4,,14.6529,14.6529,14.6529,2017-08-09
120411,JM Liquid Fund (Direct) - Daily Dividend Option,,INF192K01CH6,10.4302,10.4302,10.4302,2017-08-09
120406,JM Liquid Fund (Direct) - Growth Option,INF192K01CM6,,45.5941,45.5941,45.5941,2017-08-09
120408,JM Liquid Fund (Direct) - Quarterly Dividend Option,INF192K01CK0,INF192K01CL8,25.8856,25.8856,25.8856,2017-08-09
100234,JM Liquid Fund - Growth Option,INF192K01882,,45.4282,45.4282,45.4282,2017-08-09
100244,JM Liquid Fund - Quarterly Dividend Option,INF192K01866,INF192K01874,25.7126,25.7126,25.7126,2017-08-09
100233,JM Liquid Fund - Weekly Dividend Option,INF192K01841,INF192K01858,11.0055,11.0055,11.0055,2017-08-09
139258,JM Liquid Fund Unclaimed Dividend (Direct) Growth Plan,INF192K01LB0,,45.5958,45.5958,45.5958,2017-08-09
139260,JM Liquid Fund Unclaimed Dividend IEF (Direct) Growth Plan,INF192K01LD6,,41.4437,41.4437,41.4437,2017-08-09
139257,JM Liquid Fund Unclaimed Redemption (Direct) Growth Plan,INF192K01LA2,,45.5958,45.5958,45.5958,2017-08-09
139259,JM Liquid Fund Unclaimed Redemption IEF (Direct) Growth Plan,INF192K01LC8,,41.4437,41.4437,41.4437,2017-08-09
100247,JM Liquid Fund-Super Institutional Plan- Growth,INF192K01981,,26.1222,26.1222,26.1222,2017-08-09
101549,JM Liquid Fund- Bonus Option-Principal Units,INF192K01890,,14.5461,14.5461,14.5461,2017-08-09
101078,JM LIQUID FUND - DAILY DIVIDEND OPTION,,INF192K01833,10.4302,10.4302,10.4302,2017-08-09
119764,Kotak Liquid - Daily Dividend - Direct,INF174K01NH1,,1222.81,1222.81,1222.81,2017-08-09
119766,Kotak Liquid - Growth - Direct,INF174K01NE8,,3375.4441,3375.4441,3375.4441,2017-08-09
119765,Kotak Liquid - Weekly Dividend - Direct,INF174K01NF5,INF174K01NG3,1005.4831,1005.4831,1005.4831,2017-08-09
100833,Kotak Liquid Regular Plan Daily Dividend,INF174K01NL3,,1222.81,1222.81,1222.81,2017-08-09
100835,Kotak Liquid Regular Plan Growth,INF174K01NI9,,3367.8385,3367.8385,3367.8385,2017-08-09
100834,Kotak Liquid Regular Plan Weekly Dividend,INF174K01NK5,,1000.3841,1000.3841,1000.3841,2017-08-09
122235,L&T Liquid Fund - Direct Plan - Weekly Dividend,,INF917K01HE2,1000.8021,1000.8021,1000.8021,2017-08-09
119791,L&T Liquid Fund - Direct Plan -Daily Dividend,INF917K01HG7,,1012.8887,1012.8887,1012.8887,2017-08-09
119790,L&T Liquid Fund - Direct Plan -Growth,INF917K01HF9,,2283.3025,2283.3025,2283.3025,2017-08-09
112458,L&T Liquid Fund - Regular Plan - Weekly Dividend,INF917K01BK2,INF917K01JG3,1001.9889,1001.9889,1001.9889,2017-08-09
129924,L&T Liquid Fund -Regular Plan - Bonus,INF917K01QH6,,2277.5415,2277.5415,2277.5415,2017-08-09
112445,L&T Liquid Fund -Regular Plan - Daily Dividend,INF917K01JB4,,1011.7794,1011.7794,1011.7794,2017-08-09
112457,L&T Liquid Fund -Regular Plan - Growth,INF917K01JH1,,2277.4149,2277.4149,2277.4149,2017-08-09
120248,LIC MF Liquid Fund-Direct Plan-Dividend,INF767K01DL5,INF767K01DM3,1098.0000,1098.0000,1098.0000,2017-08-09
120249,LIC MF Liquid Fund-Direct Plan-Growth,INF767K01DN1,,3019.4996,3019.4996,3019.4996,2017-08-09
101184,LIC MF Liquid Fund-Regular Plan-Dividend,INF767K01IQ3,INF767K01IR1,1098.0000,1098.0000,1098.0000,2017-08-09
101185,LIC MF Liquid Fund-Regular Plan-Growth,INF767K01IS9,,3007.1237,3007.1237,3007.1237,2017-08-09
139535,Mahindra Manulife Liquid Fund - Direct Plan - Daily Dividend Reinvestment,,INF174V01051,1000.1594,1000.1594,1000.1594,2017-08-09
139536,Mahindra Manulife Liquid Fund - Direct Plan - Weekly Dividend Reinvestment,,INF174V01069,1004.0962,1004.0962,1004.0962,2017-08-09
139538,Mahindra Manulife Liquid Fund - Direct Plan -Growth,INF174V01044,,1078.0349,1078.0349,1078.0349,2017-08-09
139534,Mahindra Manulife Liquid Fund - Regular Plan - Daily Dividend Reinvestment,,INF174V01028,1000.1594,1000.1594,1000.1594,2017-08-09
139537,Mahindra Manulife Liquid Fund - Regular Plan - Growth,INF174V01010,,1076.3965,1076.3965,1076.3965,2017-08-09
139541,Mahindra Manulife Liquid Fund - Regular Plan - Weekly Dividend Reinvestment,,INF174V01036,1010.4988,1010.4988,1010.4988,2017-08-09
111647,Mirae Asset Cash Management Fund - Daily Dividend,,INF769K01804,1065.6149,1065.6149,1065.6149,2017-08-09
118861,Mirae Asset Cash Management Fund - Direct Plan - Daily Dividend,,INF769K01CO7,1074.9968,1074.9968,1074.9968,2017-08-09
118859,Mirae Asset Cash Management Fund - Direct Plan - Growth,INF769K01CM1,,1756.7137,1756.7137,1756.7137,2017-08-09
118860,Mirae Asset Cash Management Fund - Direct Plan - Monthly Dividend,INF769K01CN9,INF769K01CQ2,1119.4668,1119.4668,1119.4668,2017-08-09
118862,Mirae Asset Cash Management Fund - Direct Plan - Weekly Dividend,,INF769K01CP4,1215.8304,1215.8304,1215.8304,2017-08-09
111646,Mirae Asset Cash Management Fund - Growth,INF769K01788,,1740.0468,1740.0468,1740.0468,2017-08-09
111645,Mirae Asset Cash Management Fund - Monthly Dividend,INF769K01838,INF769K01820,1154.7667,1154.7667,1154.7667,2017-08-09
111644,Mirae Asset Cash Management Fund - Weekly Dividend,,INF769K01812,1153.1348,1153.1348,1153.1348,2017-08-09
118695,Nippon India Liquid Fund - Direct Plan Daily Dividend Reinvestment Option,,INF204K01ZG2,1528.7400,1528.7400,1528.7400,2017-08-09
118701,Nippon India Liquid Fund - Direct Plan Growth Plan - Growth Option,INF204K01ZH0,,4062.1443,4062.1443,4062.1443,2017-08-09
118696,Nippon India Liquid Fund - Direct Plan Monthly Dividend Plan,INF204K01ZI8,INF204K01ZJ6,1593.7086,1593.7086,1593.7086,2017-08-09
118698,Nippon India Liquid Fund - Direct Plan Quarterly Dividend Plan,INF204K01ZK4,INF204K01ZL2,1015.1195,1015.1195,1015.1195,2017-08-09
118700,Nippon India Liquid Fund - Direct Plan Weekly Dividend Reinvestment Option,,INF204K01ZM0,1531.6816,1531.6816,1531.6816,2017-08-09
112340,Nippon India Liquid Fund - Quarterly Dividend Plan,INF204K01UQ2,INF204K01UR0,1012.7237,1012.7237,1012.7237,2017-08-09
100842,Nippon India Liquid Fund - Retail Option - Daily Dividend Reinvestmetn Option,,INF204K01UJ7,1524.2800,1524.2800,1524.2800,2017-08-09
100837,Nippon India Liquid Fund - Retail Option - Growth Plan,INF204K01UL3,,3778.9282,3778.9282,3778.9282,2017-08-09
100838,Nippon India Liquid Fund - Retail Plan - Weekly Dividend Reinvestment Option,,INF204K01UK5,1034.9673,1034.9673,1034.9673,2017-08-09
100843,Nippon India Liquid Fund - Retail Plan Monthly Dividend Plan,INF204K01UT6,INF204K01UU4,1331.4929,1331.4929,1331.4929,2017-08-09
100844,Nippon India Liquid Fund - Retail Plan Quarterly Dividend Plan,INF204K01UV2,INF204K01UW0,1225.5769,1225.5769,1225.5769,2017-08-09
100852,Nippon India Liquid Fund -Daily Dividend Reinvestment Option,,INF204K01UM1,1528.7400,1528.7400,1528.7400,2017-08-09
100851,Nippon India Liquid Fund -Growth Plan,INF204K01UN9,,4047.2784,4047.2784,4047.2784,2017-08-09
100855,Nippon India Liquid Fund -Monthly Dividend Plan,INF204K01UO7,INF204K01UP4,1590.3428,1590.3428,1590.3428,2017-08-09
100853,Nippon India Liquid Fund -Weekly Dividend Reinvestment Option,,INF204K01US8,1531.6644,1531.6644,1531.6644,2017-08-09
118610,Reliance Liquid Fund - Cash Plan - Direct Plan - Growth Plan - Growth Option,,,2688.0799,2688.0799,2688.0799,2017-08-09
118618,Reliance Liquid Fund - Cash Plan - Direct Plan Daily Dividend Reinvestment Option,,,1114.1500,1114.1500,1114.1500,2017-08-09
118609,Reliance Liquid Fund - Cash Plan - Direct Plan Monthly Dividend Plan,,,1005.8948,1005.8948,1005.8948,2017-08-09
118612,Reliance Liquid Fund - Cash Plan - Direct Plan Quarterly Dividend Plan,,,1018.9471,1018.9471,1018.9471,2017-08-09
118611,Reliance Liquid Fund - Cash Plan - Direct Plan Weekly Dividend Reinvestment Option,,,1092.7001,1092.7001,1092.7001,2017-08-09
100849,Reliance Liquid Fund-Cash Plan-Daily Dividend Reinvestment Option,,,1114.1500,1114.1500,1114.1500,2017-08-09
100845,Reliance Liquid Fund-Cash Plan-Growth Plan,,,2596.0526,2596.0526,2596.0526,2017-08-09
114251,Reliance Liquid Fund-Cash Plan-Monthly Dividend Plan,,,1003.6991,1003.6991,1003.6991,2017-08-09
114252,Reliance Liquid Fund-Cash Plan-Quarterly Dividend Plan,,,1011.6511,1011.6511,1011.6511,2017-08-09
100848,Reliance Liquid Fund-Cash Plan-Weekly Dividend Reinvestment Option,,,1092.5536,1092.5536,1092.5536,2017-08-09
138306,PGIM India INSTA CASH FUND - Annual Bonus Option,INF223J01WV0,,128.2287,128.2287,128.2287,2017-08-09
138286,PGIM India INSTA CASH FUND - BONUS OPTION,INF223J01BQ4,,147.4786,147.4786,147.4786,2017-08-09
138305,PGIM India Insta Cash Fund - Direct Plan -  Annual Bonus Option,INF223J01WW8,,130.7973,130.7973,130.7973,2017-08-09
138296,PGIM India Insta Cash Fund - Direct Plan - Annual Dividend,INF223J01NO4,INF223J01NP1,135.7531,135.7531,135.7531,2017-08-09
138297,PGIM India Insta Cash Fund - Direct Plan - Daily Dividend,INF223J01NR7,,100.304,100.304,100.304,2017-08-09
138299,PGIM India Insta Cash Fund - Direct Plan - Growth,INF223J01NS5,,216.4062,216.4062,216.4062,2017-08-09
138298,PGIM India Insta Cash Fund - Direct Plan - Monthly Dividend,INF223J01NT3,INF223J01NU1,106.1944,106.1944,106.1944,2017-08-09
138300,PGIM India Insta Cash Fund - Direct Plan - Quarterly Dividend,INF223J01NX5,,143.9468,143.9468,143.9468,2017-08-09
138301,PGIM India Insta Cash Fund - Direct Plan - Weekly Dividend,INF223J01NV9,INF223J01NW7,100.5976,100.5976,100.5976,2017-08-09
138287,PGIM India Insta Cash Fund - Monthly Dividend,INF223J01BL5,,105.7635,105.7635,105.7635,2017-08-09
138294,PGIM India Insta Cash Fund - Quarterly Dividend Option,INF223J01IN6,INF223J01IO4,141.8213,141.8213,141.8213,2017-08-09
138284,PGIM India INSTA CASH FUND - Regular Plan BONUS OPTION,INF223J01BH3,,13.1828,13.1828,13.1828,2017-08-09
139603,PGIM India Insta Cash Fund - Unclaimed Dividend Plan - Below 3 years,,,106.8699,106.8699,106.8699,2017-08-09
139604,PGIM India Insta Cash Fund - Unclaimed Redemption Plan - Above 3 years,,,103.157,103.157,103.157,2017-08-09
139605,PGIM India Insta Cash Fund - Unclamied Dividend Plan - Above 3 years,,,102.2092,102.2092,102.2092,2017-08-09
139602,PGIM India Insta Cash Fund - Unlcaimed Redemption Plan - Below 3 years,,,106.8805,106.8805,106.8805,2017-08-09
138289,PGIM India Insta Cash Fund - Weekly Dividend,INF223J01BU6,,100.5969,100.5969,100.5969,2017-08-09
138288,PGIM India Insta Cash Fund -Growth,INF223J01BP6,,215.7244,215.7244,215.7244,2017-08-09
138292,PGIM India Insta Cash Fund- Annual Dividend Option,INF223J01IP1,INF223J01IQ9,135.7346,135.7346,135.7346,2017-08-09
138285,PGIM India Insta Cash Fund-Daily Dividend,,INF223J01BO9,100.304,100.304,100.304,2017-08-09
138280,PGIM India Insta Cash Fund-DIVIDEND-Daily Dividend,,INF223J01BI1,10.301,10.301,10.301,2017-08-09
138279,PGIM India Insta Cash Fund-DIVIDEND-MONTHLY DIVIDEND,INF223J01BR2,INF223J01BS0,10.0223,10.0223,10.0223,2017-08-09
138278,PGIM India Insta Cash Fund-DIVIDEND-WEEKLY DIVIDEND,INF223J01BN1,,10.3577,10.3577,10.3577,2017-08-09
138281,PGIM India Insta Cash Fund-Growth-GROWTH,INF223J01BJ9,,24.9713,24.9713,24.9713,2017-08-09
138283,PGIM India Insta Cash Fund-Institutional Plan-Daily Dividend,INF223J01BA8,,10.0516,10.0516,10.0516,2017-08-09
138282,PGIM India Insta Cash Fund-Institutional Plan-Growth,INF223J01BB6,,23.6809,23.6809,23.6809,2017-08-09
138304,PGIM India INSTA CASH FUND-Monthly Bonus Option,INF223J01VD0,,123.1612,123.1612,123.1612,2017-08-09
100895,Principal Cash Management Fund - Daily Dividend,,INF173K01DB7,1000.8893,1000.8893,1000.8893,2017-08-09
119467,Principal Cash Management Fund - Direct Plan - Dividend Option - Daily,,INF173K01GT2,1000.6367,1000.6367,1000.6367,2017-08-09
119469,Principal Cash Management Fund - Direct Plan - Dividend Option - Weekly,,INF173K01GY2,1008.0168,1008.0168,1008.0168,2017-08-09
119468,Principal Cash Management Fund - Direct Plan - Growth Option,INF173K01GU0,,1622.1233,1622.1233,1622.1233,2017-08-09
100897,Principal Cash Management Fund - Monthly Dividend Option,INF173K01BV9,INF173K01BW7,1026.9430,1026.9430,1026.9430,2017-08-09
100896,Principal Cash Management Fund - Weekly Dividend Option,,INF173K01DC5,1007.4941,1007.4941,1007.4941,2017-08-09
119466,Principal Cash Management Fund -Direct Plan - Dividend Option - Monthly,INF173K01GV8,INF173K01GW6,1027.0057,1027.0057,1027.0057,2017-08-09
100898,Principal Cash Management Fund -Growth Option,INF173K01DA9,,1616.1637,1616.1637,1616.1637,2017-08-09
103226,Quant Liquid Fund-Daily Dividend Option,,INF966L01275,13.6765,13.6765,13.6765,2017-08-09
120836,Quant Liquid Fund-Daily Dividend Option-Direct Plan,,INF966L01770,13.7648,13.7648,13.7648,2017-08-09
103225,Quant Liquid Fund-Growth Option,INF966L01317,,26.0092,26.0092,26.0092,2017-08-09
120837,Quant Liquid Fund-Growth Option-Direct Plan,INF966L01820,,26.1278,26.1278,26.1278,2017-08-09
103228,Quant Liquid Fund-Monthly Dividend Option,INF966L01291,INF966L01309,15.1406,15.1406,15.1406,2017-08-09
120838,Quant Liquid Fund-Monthly Dividend Option-Direct Plan,INF966L01796,INF966L01812,15.2467,15.2467,15.2467,2017-08-09
103227,Quant Liquid Fund-Weekly Dividend Option,,INF966L01283,13.5453,13.5453,13.5453,2017-08-09
120839,Quant Liquid Fund-Weekly Dividend Option-Direct Plan,INF966L01788,INF966L01804,13.7618,13.7618,13.7618,2017-08-09
103736,Quantum Liquid Fund - Direct Plan Daily Dividend Re-investment Option,,INF082J01135,10.0056,10.0056,10.0056,2017-08-09
103734,Quantum Liquid Fund - Direct Plan Growth Option,INF082J01127,,22.9961,22.9961,22.9961,2017-08-09
103735,Quantum Liquid Fund - Direct Plan Monthly Dividend Option,INF082J01143,INF082J01200,10.0303,10.0303,10.0303,2017-08-09
141065,Quantum Liquid Fund - Regular Plan Daily Dividend Re-Investment Option,,INF082J01317,10.0042,10.0042,10.0042,2017-08-09
141066,Quantum Liquid Fund - Regular Plan Growth Option,INF082J01309,,22.9913,22.9913,22.9913,2017-08-09
141067,Quantum Liquid Fund - Regular Plan Monthly Dividend Option,INF082J01325,INF082J01333,10.0296,10.0296,10.0296,2017-08-09
119799,SBI Liquid Fund - DIRECT PLAN - Weekly Dividend,INF200K01UU2,INF200K01UV0,1061.8314,1061.8314,1061.8314,2017-08-09
119805,SBI Liquid Fund - DIRECT PLAN -Daily Dividend,,INF200K01UQ0,1003.2500,1003.2500,1003.2500,2017-08-09
119804,SBI Liquid Fund - DIRECT PLAN -Fortnightly Dividend,INF200K01UR8,INF200K01US6,1013.8515,1013.8515,1013.8515,2017-08-09
119800,SBI Liquid Fund - DIRECT PLAN -Growth,INF200K01UT4,,2611.9609,2611.9609,2611.9609,2017-08-09
105279,SBI Liquid Fund - Institutional  - Fortnightly Dividend,INF200K01LS5,INF200K01LT3,1025.1603,1025.1603,1025.1603,2017-08-09
105278,SBI Liquid Fund - Institutional  - Weekly Dividend,INF200K01LV9,INF200K01LW7,1061.1163,1061.1163,1061.1163,2017-08-09
105275,SBI Liquid Fund - Institutional - Daily Dividend,,INF200K01LR7,1003.2500,1003.2500,1003.2500,2017-08-09
105274,SBI Liquid Fund - Institutional - Growth,INF200K01LU1,,2629.1132,2629.1132,2629.1132,2017-08-09
105281,SBI Liquid Fund - REGULAR PLAN - Daily Dividend,,INF200K01LX5,1003.2500,1003.2500,1003.2500,2017-08-09
105283,SBI Liquid Fund - REGULAR PLAN - Fortnightly Dividend,INF200K01LY3,INF200K01LZ0,1013.8326,1013.8326,1013.8326,2017-08-09
105280,SBI Liquid Fund - REGULAR PLAN -Growth,INF200K01MA1,,2604.6178,2604.6178,2604.6178,2017-08-09
105282,SBI Liquid Fund - REGULAR PLAN -Weekly Dividend,INF200K01MB9,INF200K01MC7,1061.8261,1061.8261,1061.8261,2017-08-09
118328,Sundaram Money Fund - Bonus Option,INF903J01MB0,,12.5089,12.5089,12.5089,2017-08-09
119690,Sundaram Money Fund - Direct Plan - Bonus Option,INF903J01RL8,,12.5653,12.5653,12.5653,2017-08-09
119688,Sundaram Money Fund - Direct Plan - Daily Dividend Reinvestment Option,,INF903J01QA3,10.1025,10.1025,10.1025,2017-08-09
119692,Sundaram Money Fund - Direct Plan - Fortnightly Dividend Reinvestment Option,,INF903J01QB1,25.9236,25.9236,25.9236,2017-08-09
119686,Sundaram Money Fund - Direct Plan - Growth Option,INF903J01QF2,,35.1113,35.1113,35.1113,2017-08-09
119687,Sundaram Money Fund - Direct Plan - Monthly Dividend Option,INF903J01QC9,INF903J01QD7,10.6778,10.6778,10.6778,2017-08-09
119689,Sundaram Money Fund - Direct Plan - Quarterly Dividend Reinvestment Option,,INF903J01QE5,34.1220,34.1220,34.1220,2017-08-09
119691,Sundaram Money Fund - Direct Plan - Weekly Dividend Reinvestment Option,,INF903J01QG0,11.6487,11.6487,11.6487,2017-08-09
140006,SUNDARAM MONEY FUND - UNCLAIMED AMOUNT PLAN - UNCLAIMED DIVIDEND LESS THAN THREE YEARS,INF903JA1567,,10.5457,10.5457,10.5457,2017-08-09
140005,SUNDARAM MONEY FUND - UNCLAIMED AMOUNT PLAN - UNCLAIMED DIVIDEND MORE THAN THREE YEARS,INF903JA1575,,10.0000,10.0000,10.0000,2017-08-09
140003,SUNDARAM MONEY FUND - UNCLAIMED AMOUNT PLAN - UNCLAIMED REDEMPTION LESS THAN THREE YEARS,INF903JA1542,,10.5544,10.5544,10.5544,2017-08-09
140004,SUNDARAM MONEY FUND - UNCLAIMED AMOUNT PLAN - UNCLAIMED REDEMPTION MORE THAN THREE YEARS,INF903JA1559,,10.0000,10.0000,10.0000,2017-08-09
103392,Sundaram Money Fund Regular Daily Div. Reinvest (Formerly Super Institutional Plan),,INF903J01GW8,10.0953,10.0953,10.0953,2017-08-09
103395,Sundaram Money Fund Regular fortnightly Div.Rein (Formerly Super Institutional Plan),,INF903J01GY4,10.9679,10.9679,10.9679,2017-08-09
103397,Sundaram Money Fund Regular Growth (Formerly Super Institutional Plan),INF903J01GU2,,34.9939,34.9939,34.9939,2017-08-09
103396,Sundaram Money Fund Regular monthly Div. (Formerly Super Institutional Plan),INF903J01GV0,INF903J01GZ1,10.5351,10.5351,10.5351,2017-08-09
103393,Sundaram Money Fund Regular Qrtly Div. Reinvest (Formerly Super Institutional Plan),,INF903J01HA2,34.0487,34.0487,34.0487,2017-08-09
100618,Sundaram Money Fund- Retail Appreciation,INF903J01GG1,,32.7037,32.7037,32.7037,2017-08-09
100620,Sundaram Money Fund- Retail Daily Dividend Reinvestment,,INF903J01GI7,10.0953,10.0953,10.0953,2017-08-09
100622,Sundaram Money Fund- Retail Fortnightly Div Reinvst,,INF903J01GK3,10.9354,10.9354,10.9354,2017-08-09
100623,Sundaram Money Fund- Retail Monthly Div. Reinvst,INF903J01GH9,INF903J01GL1,10.5482,10.5482,10.5482,2017-08-09
100619,Sundaram Money Fund- Retail Quarterly Dividend Reinvestment,,INF903J01GM9,12.1139,12.1139,12.1139,2017-08-09
100621,Sundaram Money Fund- Retail Weekly Div. Reinvst,,INF903J01GJ5,11.5877,11.5877,11.5877,2017-08-09
102701,Sundaram Money Fund-Institutional Plan-Daily Div. Reinvestment,,INF903J01GP2,10.0953,10.0953,10.0953,2017-08-09
102703,Sundaram Money Fund-Institutional Plan-Growth Option,INF903J01GN7,,34.1262,34.1262,34.1262,2017-08-09
103394,Sundaram Money Fund Regular weekly Dividend. Rein (Formerly Super Institutional Plan),,INF903J01GX6,11.6301,11.6301,11.6301,2017-08-09
102672,Tata Liquid Fund -Regular Plan  -  Growth,INF277K01YD8,,2614.0244,2614.0244,2614.0244,2017-08-09
101714,Tata Liquid Fund Regular Plan  - Daily Dividend,,INF277K011D4,1001.5157,1001.5157,1001.5157,2017-08-09
119862,Tata Liquid Fund- Direct Plan-Daily Dividend,,INF277K012D2,1001.5187,1001.5187,1001.5187,2017-08-09
119861,Tata Liquid Fund- Direct Plan-Growth,INF277K01YE6,,2623.9746,2623.9746,2623.9746,2017-08-09
111915,Taurus Liquid Fund - Regular Plan - SI Growth Option,INF044D01534,,1701.1315,1701.1315,1701.1315,2017-08-09
113248,Taurus Liquid Fund - Regular Plan - SI Weekly Dividend Option,,INF044D01526,974.6101,974.6101,974.6101,2017-08-09
111703,Taurus Liquid Fund - Regular Plan -SI Daily Dividend Option,,INF044D01518,974.2394,974.2394,974.2394,2017-08-09
111760,Taurus Liquid Fund Insti Growth,INF044D01500,,1725.4556,1725.4556,1725.4556,2017-08-09
118891,Taurus Liquid Fund-Direct Plan-SI Daily Dividend Option,,INF044D01DI0,974.5939,974.5939,974.5939,2017-08-09
118893,Taurus Liquid Fund-Direct Plan-SI Growth Option,INF044D01DK6,,1706.1336,1706.1336,1706.1336,2017-08-09
118892,Taurus Liquid Fund-Direct Plan-SI Weekly Dividend Option,,INF044D01DJ8,975.4279,975.4279,975.4279,2017-08-09
104240,Taurus Liquid Fund-Dividend,INF044D01542,INF044D01559,973.9405,973.9405,973.9405,2017-08-09
104241,Taurus Liquid Fund-Growth,INF044D01575,,1996.1111,1996.1111,1996.1111,2017-08-09
115401,Union Liquid Fund - Daily Dividend Option,,INF582M01021,1000.6489,1000.6489,1000.6489,2017-08-09
119301,Union Liquid Fund - Direct Plan - Daily Dividend Option,,INF582M01682,1000.6506,1000.6506,1000.6506,2017-08-09
119305,Union Liquid Fund - Direct Plan - Fortnightly Dividend Option,INF582M01724,INF582M01708,1002.9469,1002.9469,1002.9469,2017-08-09
119303,Union Liquid Fund - Direct Plan - Growth Option,INF582M01674,,1663.2718,1663.2718,1663.2718,2017-08-09
119302,Union Liquid Fund - Direct Plan - Monthly Dividend Option,INF582M01732,INF582M01716,1002.9472,1002.9472,1002.9472,2017-08-09
119304,Union Liquid Fund - Direct Plan - Weekly Dividend Option,,INF582M01690,1000.6808,1000.6808,1000.6808,2017-08-09
115399,Union Liquid Fund - Fortnightly Dividend Option,INF582M01062,INF582M01047,1002.9285,1002.9285,1002.9285,2017-08-09
115398,Union Liquid Fund - Growth Option,INF582M01013,,1655.8003,1655.8003,1655.8003,2017-08-09
115400,Union Liquid Fund - Monthly Dividend Option,INF582M01070,INF582M01054,1002.9285,1002.9285,1002.9285,2017-08-09
115402,Union Liquid Fund - Weekly Dividend Option,,INF582M01039,1000.6790,1000.6790,1000.6790,2017-08-09
140913,UTI - Liquid Cash Plan - Direct Plan - Fortnightly Dividend Option,INF789FA1K06,INF789FA1K14,1065.379,1065.379,0,2017-08-09
140504,UTI - Liquid Cash Plan - Direct Plan - Half Yearly Dividend Option,INF789FA1K48,INF789FA1K55,1040.2816,1040.2816,0,2017-08-09
120794,UTI - Liquid Cash Plan - Direct Plan - Monthly Dividend Option,INF789F01XR4,INF789F01XS2,1026.6673,1026.6673,1026.6673,2017-08-09
140024,UTI - Liquid Cash Plan - Direct Plan - Quarterly Dividend Option,INF789FA1K22,INF789FA1K30,1132.4636,1132.4636,0,2017-08-09
133973,UTI - Liquid Cash Plan - Regular Plan - Annual Dividend Option,INF789FA1J66,INF789FA1J74,1199.0637,1199.0637,1199.0637,2017-08-09
139838,UTI - Liquid Cash Plan - Regular Plan - Fortnightly Dividend Option,INF789FA1J09,INF789FA1J17,1065.2744,1065.2744,0,2017-08-09
135721,UTI - Liquid Cash Plan - Regular Plan - Quarterly Dividend Option,INF789FA1J33,,1132.1316,1132.1316,0,2017-08-09
120558,UTI-  Liquid Cash Plan - Direct Plan - Daily Dividend Reinvestment Option,,INF789F01XP8,1019.4457,1019.4457,1019.4457,2017-08-09
120304,UTI-  Liquid Cash Plan - Direct Plan - Growth Option,INF789F01XQ6,,2726.4908,2726.4908,2726.4908,2017-08-09
120777,UTI-  Liquid Cash Plan - Direct Plan - Weekly Dividend Option,,INF789F01XT0,1052.9427,1052.9427,1052.9427,2017-08-09
102010,UTI-  Liquid Cash Plan - Regular Plan - Daily Dividend Reinvestment Option,,INF789F01PG3,1019.4457,1019.4457,1019.4457,2017-08-09
102012,UTI-  Liquid Cash Plan - Regular Plan - Growth Option,INF789F01PH1,,2719.2912,2719.2912,2719.2912,2017-08-09
102011,UTI-  Liquid Cash Plan - Regular Plan - Monthly Dividend Option,INF789F01PI9,INF789F01PJ7,1026.656,1026.656,1026.656,2017-08-09
102013,UTI-  Liquid Cash Plan - Regular Plan - Weekly Dividend Option,,INF789F01PK5,1052.9413,1052.9413,1052.9413,2017-08-09
102008,UTI-  Liquid Cash Plan- Discontinued - Regular Plan - Monthly Dividend Option,INF789F01BC2,INF789F01BA6,1174.5102,1174.5102,0,2017-08-09
102009,UTI-  Liquid Cash Plan- Discontinued - Regular Plan -Growth,INF789F01BB4,,2567.6782,2567.6782,0,2017-08-09
102007,UTI-  Liquid Cash Plan- Discontinued -Regular Plan Periodic Dividend Option,,INF789F01AZ5,1133.0865,1133.0865,0,2017-08-09
119500,Aditya Birla Sun Life Savings Fund - Daily Dividend - Direct Plan,INF209K01UQ1,,100.4732,100.4732,100.4732,2017-08-09
105888,Aditya Birla Sun Life Savings Fund - Daily Dividend - Regular Plan,INF209K01LY4,,100.6890,100.6890,100.6890,2017-08-09
112016,Aditya Birla Sun Life Savings Fund - Discipline Advantage Plan,INF209K01JT8,,187.9648,187.9648,187.9648,2017-08-09
119501,Aditya Birla Sun Life Savings Fund - Growth - Direct Plan,INF209K01UR9,,330.1188,330.1188,330.1188,2017-08-09
101317,Aditya Birla Sun Life Savings Fund - Growth - Regular Plan,INF209K01LZ1,,328.4411,328.4411,328.4411,2017-08-09
119499,Aditya Birla Sun Life Savings Fund - Weekly Dividend - Direct Plan,INF209K01US7,,100.5926,100.5926,100.5926,2017-08-09
105887,Aditya Birla Sun Life Savings Fund - Weekly Dividend - Regular Plan,INF209K01MA2,,100.5907,100.5907,100.5907,2017-08-09
105881,Aditya Birla Sun Life Savings Fund-Retail - Weekly Dividend,INF209K01MD6,,100.5907,100.5907,100.5907,2017-08-09
109108,Aditya Birla Sun Life Savings Fund-Retail Daily Dividend,INF209K01MB0,,100.4732,100.4732,100.4732,2017-08-09
101316,Aditya Birla Sun Life Savings Fund-Retail Growth,INF209K01MC8,,317.8046,317.8046,317.8046,2017-08-09
119380,BOI AXA Ultra Short Duration Fund- Direct Plan- Daily Dividend,,INF761K01CT3,1006.9034,1006.9034,1006.9034,2017-08-09
119379,BOI AXA Ultra Short Duration Fund- Direct Plan- Growth,INF761K01892,,2031.3746,2031.3746,2031.3746,2017-08-09
119381,BOI AXA Ultra Short Duration Fund- Direct Plan- Weekly Dividend,,INF761K01CU1,1007.9804,1007.9804,1007.9804,2017-08-09
126389,BOI AXA Ultra Short Duration Fund- Direct Plan-Bonus,INF761K01CS5,,2023.6621,2023.6621,2023.6621,2017-08-09
111970,BOI AXA Ultra Short Duration Fund- Regular Plan- Daily Dividend,,INF761K01CW7,1007.4498,1007.4498,1007.4498,2017-08-09
109269,BOI AXA Ultra Short Duration Fund- Regular Plan- Growth,INF761K01298,,2008.4425,2008.4425,2008.4425,2017-08-09
109264,BOI AXA Ultra Short Duration Fund- Regular Plan- Weekly Dividend,,INF761K01CX5,1008.5255,1008.5255,1008.5255,2017-08-09
118315,Canara Robeco Ultra Short Term Fund - Direct Plan- Daily Dividend Reinvestment,,INF760K01GL3,1240.7100,1240.7100,1240.7100,2017-08-09
118319,Canara Robeco Ultra Short Term Fund - Direct Plan- Dividend Payout,INF760K01GN9,,1461.7961,1461.7961,1461.7961,2017-08-09
118317,Canara Robeco Ultra Short Term Fund - Direct Plan- Growth option,INF760K01GM1,,2552.4538,2552.4538,2552.4538,2017-08-09
118318,Canara Robeco Ultra Short Term Fund - Direct Plan- Monthly Dividend,INF760K01GP4,INF760K01GO7,1003.1098,1003.1098,1003.1098,2017-08-09
118316,Canara Robeco Ultra Short Term Fund - Direct Plan- Weekly Dividend,INF760K01GQ2,INF760K01GR0,1240.7100,1240.7100,1240.7100,2017-08-09
109371,Canara Robeco Ultra Short Term Fund - Regular Plan - Growth,INF760K01DC9,,2508.2186,2508.2186,2508.2186,2017-08-09
109372,Canara Robeco Ultra Short Term Fund - Regular Plan- Daily Div Reinvest,,INF760K01DA3,1240.7100,1240.7100,1240.7100,2017-08-09
109370,Canara Robeco Ultra Short Term Fund - Regular Plan- Monthly Dividend,INF760K01CA5,INF760K01DD7,1002.5045,1002.5045,1002.5045,2017-08-09
109366,Canara Robeco Ultra Short Term Fund - Regular Plan- Weekly Div Reinvest,INF760K01DE5,INF760K01DF2,1240.7100,1240.7100,1240.7100,2017-08-09
140530,Canara Robeco Ultra Short Term Fund- Regular Plan - Dividend payout option,INF760K01IL9,,1030.3347,1030.3347,1030.3347,2017-08-09
119203,DSP Ultra Short Fund - Direct Plan - Daily Dividend,,INF740KA1NT0,1004.2306,1004.2306,1004.2306,2017-08-09
119206,DSP Ultra Short Fund - Direct Plan - Dividend,INF740K01OQ8,INF740K01OR6,1070.1428,1070.1428,1070.1428,2017-08-09
119205,DSP Ultra Short Fund - Direct Plan - Growth,INF740K01ON5,,2290.2848,2290.2848,2290.2848,2017-08-09
119204,DSP Ultra Short Fund - Direct Plan - Monthly Dividend,INF740K01OO3,INF740K01OP0,1044.3687,1044.3687,1044.3687,2017-08-09
119207,DSP Ultra Short Fund - Direct Plan - Weekly Dividend,INF740KA1NU8,INF740KA1NV6,1005.1701,1005.1701,1005.1701,2017-08-09
104140,DSP Ultra Short Fund - Regular Plan - Daily Dividend Reinvest,,INF740KA1NW4,1004.2306,1004.2306,1004.2306,2017-08-09
117995,DSP Ultra Short Fund - Regular Plan - Dividend Payout,INF740K01MK5,,1064.8769,1064.8769,1064.8769,2017-08-09
104138,DSP Ultra Short Fund - Regular Plan - Growth,INF740K01QQ3,,2230.3218,2230.3218,2230.3218,2017-08-09
117063,DSP Ultra Short Fund - Regular Plan - Monthly Dividend,INF740K01QS9,INF740K01QR1,1041.3331,1041.3331,1041.3331,2017-08-09
104139,DSP Ultra Short Fund - Regular Plan - Weekly Dividend Reinvest,,,1005.0352,1005.0352,1005.0352,2017-08-09
119185,Essel Ultra Short Term Fund - Direct Plan-Dividend Option-Daily,,INF959L01BL0,1006.6500,1006.6500,1006.6500,2017-08-09
119187,Essel Ultra Short Term Fund - Direct Plan-Dividend Option-Monthly,INF959L01BF2,INF959L01BG0,1018.1763,1018.1763,1018.1763,2017-08-09
119188,Essel Ultra Short Term Fund - Direct Plan-Dividend Option-Weekly,INF959L01BI6,INF959L01BJ4,1004.4783,1004.4783,1004.4783,2017-08-09
119186,Essel Ultra Short Term Fund - Direct Plan-Growth Option,INF959L01BC9,,1865.8516,1865.8516,1865.8516,2017-08-09
112648,Essel Ultra Short Term Fund - Regular Plan- Daily Dividend Option,,INF959L01BM8,1005.4600,1005.4600,1005.4600,2017-08-09
112649,Essel Ultra Short Term Fund - Regular Plan- Monthly Dividend Option,INF959L01BN6,INF959L01BP1,1003.0031,1003.0031,1003.0031,2017-08-09
112658,Essel Ultra Short Term Fund - Regular Plan- Weekly Dividend Option,INF959L01BQ9,INF959L01AY5,1003.7500,1003.7500,1003.7500,2017-08-09
112408,Essel Ultra Short Term Fund - Regular Plan-Growth Option,INF959L01BH8,,1820.4795,1820.4795,1820.4795,2017-08-09
107251,Franklin India Ultra Short Bond Fund - Institutional - Daily Dividend,,INF090I01CD5,10.0000,10.0000,10.0000,2017-08-09
107248,Franklin India Ultra Short Bond Fund - Institutional - Growth,INF090I01CG8,,22.3626,22.3626,22.3626,2017-08-09
107252,Franklin India Ultra Short Bond Fund - Retail - Daily Dividend,,INF090I01CH6,10.0633,10.0633,10.0633,2017-08-09
107247,Franklin India Ultra Short Bond Fund - Retail - Growth,INF090I01CK0,,21.9351,21.9351,21.9351,2017-08-09
109575,Franklin India Ultra Short Bond Fund - Retail - Weekly Dividend,INF090I01CI4,INF090I01CJ2,10.1337,10.1337,10.1337,2017-08-09
107250,Franklin India Ultra Short Bond Fund - Super Institutional - Daily Dividend,,INF090I01CL8,10.0901,10.0901,10.0901,2017-08-09
107249,Franklin India Ultra Short Bond Fund - Super Institutional - Growth,INF090I01CN4,,22.9743,22.9743,22.9743,2017-08-09
109576,Franklin India Ultra Short Bond Fund - Super Institutional - Weekly Dividend,,INF090I01CM6,10.1066,10.1066,10.1066,2017-08-09
118561,Franklin India Ultra Short Bond Fund - Super Institutional Plan - Direct - Daily Dividend,,INF090I01JB4,10.0723,10.0723,10.0723,2017-08-09
118560,Franklin India Ultra Short Bond Fund - Super Institutional Plan - Direct - Growth,INF090I01JA6,,23.0476,23.0476,23.0476,2017-08-09
118562,Franklin India Ultra Short Bond Fund - Super Institutional Plan - Direct - Weekly Dividend,,INF090I01JC2,10.0990,10.0990,10.0990,2017-08-09
120676,ICICI Prudential Ultra Short Term Fund - Direct Plan -  Growth,INF109K01T04,,17.5124,17.3373,17.5124,2017-08-09
120678,ICICI Prudential Ultra Short Term Fund - Direct Plan -  Half Yearly Dividend,INF109K01T12,INF109K01T20,10.6005,10.4945,10.6005,2017-08-09
120677,ICICI Prudential Ultra Short Term Fund - Direct Plan -  Monthly Dividend,INF109K01T38,INF109K01T46,10.6886,10.5817,10.6886,2017-08-09
120675,ICICI Prudential Ultra Short Term Fund - Direct Plan -  Quarterly Dividend,INF109K01T53,INF109K01T61,10.8227,10.7145,10.8227,2017-08-09
130942,ICICI Prudential Ultra Short Term Fund - Direct Plan Bonus,INF109KA1H69,,13.0826,12.9518,13.0826,2017-08-09
115092,ICICI Prudential Ultra Short Term Fund - Growth,INF109K01TP7,,16.8641,16.6955,16.8641,2017-08-09
115093,ICICI Prudential Ultra Short Term Fund - Half Yearly Dividend,INF109K01TV5,INF109K01TU7,10.4759,10.3711,10.4759,2017-08-09
115094,ICICI Prudential Ultra Short Term Fund - Monthly Dividend,INF109K01TR3,INF109K01TQ5,10.6368,10.5304,10.6368,2017-08-09
115091,ICICI Prudential Ultra Short Term Fund - Quarterly Dividend,INF109K01TT9,INF109K01TS1,10.6509,10.5444,10.6509,2017-08-09
126166,IDBI UST Bonus Direct,INF397L01FN0,,1797.4617,1797.4617,1797.4617,2017-08-09
126165,IDBI UST Bonus Regular,INF397L01FM2,,1754.2439,1754.2439,1754.2439,2017-08-09
113252,IDBI UST Daily Dividend,,INF397L01695,1017.0054,1017.0054,1017.0054,2017-08-09
118459,IDBI UST Daily Dividend Direct,,INF397L01AQ4,1031.1905,1031.1905,1031.1905,2017-08-09
113251,IDBI UST Growth,INF397L01745,,1754.2376,1754.2376,1754.2376,2017-08-09
118350,IDBI UST Growth Direct,INF397L01AV4,,1798.3141,1798.3141,1798.3141,2017-08-09
113254,IDBI UST Monthly Dividend,INF397L01711,INF397L01703,1053.1006,1053.1006,1053.1006,2017-08-09
118460,IDBI UST Monthly Dividend Direct,INF397L01AS0,INF397L01AR2,1351.6402,1351.6402,1351.6402,2017-08-09
113253,IDBI UST Weekly Dividend,INF397L01737,INF397L01729,1043.0530,1043.0530,1043.0530,2017-08-09
118461,IDBI UST Weekly Dividend Direct,INF397L01AU6,INF397L01AT8,1052.3901,1052.3901,1052.3901,2017-08-09
116610,Indiabulls Ultra Short Term Fund - Daily Dividend Option,,INF666M01196,1003.5210,1003.5210,1003.5210,2017-08-09
119144,Indiabulls Ultra Short Term Fund - Direct Plan - Daily Dividend Option,,INF666M01634,1004.3509,1004.3509,1004.3509,2017-08-09
119146,Indiabulls Ultra Short Term Fund - Direct Plan - Fortnightly Dividend Option,INF666M01584,INF666M01550,1004.7201,1004.7201,1004.7201,2017-08-09
119143,Indiabulls Ultra Short Term Fund - Direct Plan - Growth Option,INF666M01535,,1657.3931,1657.3931,1657.3931,2017-08-09
119147,Indiabulls Ultra Short Term Fund - Direct Plan - Monthly Dividend Option,INF666M01592,INF666M01568,1004.6742,1004.6742,1004.6742,2017-08-09
119145,Indiabulls Ultra Short Term Fund - Direct Plan - Weekly Dividend Option,INF666M01576,INF666M01543,1002.1856,1002.1856,1002.1856,2017-08-09
116426,Indiabulls Ultra Short Term Fund - Fortnightly Dividend Option,INF666M01147,INF666M01113,1004.7520,1004.7520,1004.7520,2017-08-09
116424,Indiabulls Ultra Short Term Fund - Growth Option,INF666M01097,,1620.5555,1620.5555,1620.5555,2017-08-09
116427,Indiabulls Ultra Short Term Fund - Monthly Dividend Option,INF666M01154,INF666M01121,1004.5825,1004.5825,1004.5825,2017-08-09
116425,Indiabulls Ultra Short Term Fund - Weekly Dividend Option,INF666M01139,INF666M01105,1002.8987,1002.8987,1002.8987,2017-08-09
114361,Invesco India Ultra Short Term Fund - Annual Dividend,INF205K01TD9,INF205K01TE7,1329.2556,1329.2556,1329.2556,2017-08-09
136111,Invesco India Ultra Short Term Fund - Daily Dividend Reinvestment,,INF205K018H7,1065.9348,1065.9348,1065.9348,2017-08-09
120543,Invesco India Ultra Short Term Fund - Direct Plan - Annual Dividend,INF205K01TF4,INF205K01TG2,1242.7638,1242.7638,1242.7638,2017-08-09
136112,Invesco India Ultra Short Term Fund - Direct Plan - Daily Dividend Reinvestment,,INF205K019H5,1031.2315,1031.2315,1031.2315,2017-08-09
120541,Invesco India Ultra Short Term Fund - Direct Plan - Growth,INF205K01TH0,,1745.0223,1745.0223,1745.0223,2017-08-09
120542,Invesco India Ultra Short Term Fund - Direct Plan - Monthly Dividend,INF205K01TI8,INF205K01TJ6,1271.1366,1271.1366,1271.1366,2017-08-09
120544,Invesco India Ultra Short Term Fund - Direct Plan - Quarterly Dividend,INF205K01TK4,INF205K01TL2,1038.4865,1038.4865,1038.4865,2017-08-09
114359,Invesco India Ultra Short Term Fund - Growth,INF205K01TM0,,1705.8724,1705.8724,1705.8724,2017-08-09
114362,Invesco India Ultra Short Term Fund - Monthly Dividend,INF205K01TN8,INF205K01TO6,1022.3072,1022.3072,1022.3072,2017-08-09
114360,Invesco India Ultra Short Term Fund - Quarterly Dividend,INF205K01TP3,INF205K01TQ1,1205.8879,1205.8879,1205.8879,2017-08-09
120459,JM Money Manager Fund - Super Plan (Direct) - Daily Dividend Option,,,10.0508,10.0508,10.0508,2017-08-09
120462,JM Money Manager Fund - Super Plan (Direct) - Fortnightly Dividend Option,,,10.3154,10.3154,10.3154,2017-08-09
120463,JM Money Manager Fund - Super Plan (Direct) - Growth Option,,,23.9141,23.9141,23.9141,2017-08-09
120460,JM Money Manager Fund - Super Plan (Direct) - Weekly Dividend Option,,,10.6613,10.6613,10.6613,2017-08-09
122319,JM Money Manager Fund - Super Plan - Bonus Option - Principal Units,,,13.1880,13.1880,13.1880,2017-08-09
104270,JM Money Manager Fund - Super Plan - Dividend option - Daily dividend,,,10.0406,10.0406,10.0406,2017-08-09
106100,JM Money Manager Fund - Super Plan - Dividend option - Fortnightly,,,10.3042,10.3042,10.3042,2017-08-09
106099,JM Money Manager Fund - Super Plan - Dividend option - Weekly dividend,,,10.6442,10.6442,10.6442,2017-08-09
104269,JM Money Manager Fund - Super Plan - Growth Plan,,,23.6724,23.6724,23.6724,2017-08-09
122320,JM Money Manager Fund - Super Plus Plan (Direct) - Bonus Option - Principal units,,,14.4094,14.4094,14.4094,2017-08-09
120464,JM Money Manager Fund - Super Plus Plan (Direct) - Daily Dividend Option,,,10.1079,10.1079,10.1079,2017-08-09
120456,JM Money Manager Fund - Super Plus Plan (Direct) - Fortnightly Dividend Option,,,10.3513,10.3513,10.3513,2017-08-09
120461,JM Money Manager Fund - Super Plus Plan (Direct) - Growth Option,,,23.9309,23.9309,23.9309,2017-08-09
120453,JM Money Manager Fund - Super Plus Plan (Direct) - Weekly Dividend Option,,,10.6568,10.6568,10.6568,2017-08-09
122321,JM Money Manager Fund - Super Plus Plan - Bonus Option - Principal units,,,14.3433,14.3433,14.3433,2017-08-09
104268,JM Money Manager Fund - Super Plus Plan - Dividend option - Daily dividend,,,10.1024,10.1024,10.1024,2017-08-09
106103,JM Money Manager Fund - Super Plus Plan - Dividend option - Fortnightly,,,10.3362,10.3362,10.3362,2017-08-09
106102,JM Money Manager Fund - Super Plus Plan - Dividend option - Weekly dividend,,,10.6391,10.6391,10.6391,2017-08-09
104267,JM Money Manager Fund - Super Plus Plan - Growth option,,,23.8095,23.8095,23.8095,2017-08-09
122318,JM Money Manger Fund - Super Plan (Direct) Bonus Option Principal Units,,,13.2757,13.2757,13.2757,2017-08-09
122316,JM Ultra Short Duration Fund (Direct) - Bonus Option - Principal Units,INF192K01FD8,,24.0408,24.0408,24.0408,2017-08-09
120457,JM Ultra Short Duration Fund (Direct) - Fortnightly Dividend Option,,INF192K01DN2,10.2609,10.2609,10.2609,2017-08-09
120458,JM Ultra Short Duration Fund - (Direct) - Growth Option,INF192K01DO0,,23.8155,23.8155,23.8155,2017-08-09
120454,JM Ultra Short Duration Fund - (Direct) -Daily Dividend Option,,INF192K01DL6,10.1043,10.1043,10.1043,2017-08-09
120455,JM Ultra Short Duration Fund - (Direct) -Weekly Dividend Option,,INF192K01DM4,10.6193,10.6193,10.6193,2017-08-09
122317,JM Ultra Short Duration Fund - Bonus Option - Principal Units,INF192K01FB2,,23.6371,23.6371,23.6371,2017-08-09
104272,JM Ultra Short Duration Fund - Daily Dividend,,INF192K01AN8,10.0764,10.0764,10.0764,2017-08-09
106101,JM Ultra Short Duration Fund - Fortnightly Dividend,,INF192K01AP3,10.2358,10.2358,10.2358,2017-08-09
104271,JM Ultra Short Duration Fund - Growth option,INF192K01AQ1,,23.4243,23.4243,23.4243,2017-08-09
106104,JM Ultra Short Duration Fund - Weekly Dividend,,INF192K01AO6,10.6100,10.6100,10.6100,2017-08-09
102591,Kotak Savings Fund -Growth,INF174K01FD6,,26.7323,26.7323,26.7323,2017-08-09
102592,Kotak Savings Fund -Monthly Dividend,INF174K01FH7,,10.237,10.237,10.237,2017-08-09
102590,Kotak Savings Fund -Weekly Dividend,INF174K01FF1,,10.1448,10.1448,10.1448,2017-08-09
119750,Kotak Savings Fund-Growth - Direct,INF174K01JP2,,27.0927,27.0927,27.0927,2017-08-09
119751,Kotak Savings Fund-Monthly Dividend - Direct,INF174K01JQ0,,12.2471,12.2471,12.2471,2017-08-09
119752,Kotak Savings Fund-Weekly Dividend - Direct,INF174K01JR8,,10.1609,10.1609,10.1609,2017-08-09
110575,Kotak Treasury Advantage Fund -Daily Dividend,INF174K01FE4,,10.0798,10.0798,10.0798,2017-08-09
119749,Kotak Treasury Advantage Fund -Daily Dividend - Direct,INF174K01JT4,,10.0805,10.0805,10.0805,2017-08-09
129925,L&T Ultra Short Term Fund - Direct Plan - Bonus,INF917K01QK0,,15.0788,15.0788,15.0788,2017-08-09
129926,L&T Ultra Short Term Fund - Regular Plan - Bonus,INF917K01QJ2,,14.8682,14.8682,14.8682,2017-08-09
112423,L&T Ultra Short Term Fund - Regular Plan - Growth,INF917K01AS7,,27.2582,27.2582,27.2582,2017-08-09
112422,L&T Ultra Short Term Fund -Regular - Cumulative,INF917K01AN8,,26.2303,26.2303,26.2303,2017-08-09
119848,L&T Ultra Short Term Fund- Direct Plan - Daily Dividend,,INF917K01HX2,10.439,10.439,10.439,2017-08-09
119850,L&T Ultra Short Term Fund- Direct Plan- Weekly Dividend,INF917K01HZ7,INF917K01HY0,11.0208,11.0208,11.0208,2017-08-09
112425,L&T Ultra Short Term Fund- Regular Plan - Daily Dividend,,INF917K01AX7,10.2568,10.2568,10.2568,2017-08-09
119849,L&T Ultra Short Term Fund-Direct Plan - Growth,INF917K01HS2,,27.644,27.644,27.644,2017-08-09
112424,L&T Ultra Short Term Fund-Regular Plan - Weekly Dividend,INF917K01AV1,INF917K01AW9,10.8639,10.8639,10.8639,2017-08-09
112461,L&T Ultra Short Term Fund - Regular Plan -Semi Annual Dividend,INF917K01AO6,INF917K01AP3,20.61,20.61,20.61,2017-08-09
112475,L&T Ultra Short Term Fund - Regular Plan - Monthly Dividend,INF917K01AQ1,INF917K01AR9,12.7265,12.7265,12.7265,2017-08-09
119851,L&T Ultra Short Term Fund-Direct Plan -Monthly Dividend,INF917K01HU8,INF917K01HT0,12.8376,12.8376,12.8376,2017-08-09
124234,Motilal Oswal Ultra Short Term Fund (MOFUSTF) -Direct Plan- Growth,INF247L01247,,13.2569,13.2569,13.2569,2017-08-09
124316,Motilal Oswal Ultra Short Term Fund (MOFUSTF)-Direct Plan-Daily Dividend Option,,INF247L01346,10.0063,10.0063,10.0063,2017-08-09
124311,Motilal Oswal Ultra Short Term Fund (MOFUSTF)-Direct Plan-Fortnightly Dividend Option,,INF247L01361,10.0201,10.0201,10.0201,2017-08-09
124308,Motilal Oswal Ultra Short Term Fund (MOFUSTF)-Direct Plan-Monthly Dividend Option,INF247L01395,INF247L01379,10.0203,10.0203,10.0203,2017-08-09
124312,Motilal Oswal Ultra Short Term Fund (MOFUSTF)-Direct Plan-Quarterly Dividend Option,INF247L01403,INF247L01387,10.0889,10.0889,10.0889,2017-08-09
124306,Motilal Oswal Ultra Short Term Fund (MOFUSTF)-Direct Plan-Weekly Dividend Option,,INF247L01353,10.0124,10.0124,10.0124,2017-08-09
124233,Motilal Oswal Ultra Short Term Fund (MOFUSTF)-Regular Plan- Growth,INF247L01213,,12.9601,12.9601,12.9601,2017-08-09
124303,Motilal Oswal Ultra Short Term Fund (MOFUSTF)-Regular Plan-Daily Dividend Option,,INF247L01270,10.0146,10.0146,10.0146,2017-08-09
124313,Motilal Oswal Ultra Short Term Fund (MOFUSTF)-Regular Plan-Fortnightly Dividend Option,,INF247L01296,10.0190,10.0190,10.0190,2017-08-09
124315,Motilal Oswal Ultra Short Term Fund (MOFUSTF)-Regular Plan-Monthly Dividend Plan,INF247L01320,INF247L01304,10.0194,10.0194,10.0194,2017-08-09
124305,Motilal Oswal Ultra Short Term Fund (MOFUSTF)-Regular Plan-Quarterly Dividend Plan,INF247L01338,INF247L01312,10.0929,10.0929,10.0929,2017-08-09
124310,Motilal Oswal Ultra Short Term Fund (MOFUSTF)-Regular Plan-Weekly Dividend Option,,INF247L01288,10.0127,10.0127,10.0127,2017-08-09
138368,PGIM India Ultra Short Term Fund - Annual Bonus,INF223J01XH7,,20.2334,20.2334,20.2334,2017-08-09
138345,PGIM India Ultra Short Term Fund - Bonus,INF223J01FN2,,15.18,15.18,15.18,2017-08-09
138342,PGIM India Ultra Short Term Fund - Daily Dividend,INF223J01FH4,,10.0203,10.0203,10.0203,2017-08-09
138367,PGIM India Ultra Short Term Fund - Direct Plan - Annual Bonus,INF223J01XI5,,13.5822,13.5822,13.5822,2017-08-09
138363,PGIM India Ultra Short Term Fund - Direct Plan - Bonus,INF223J01QK5,,15.3055,15.3055,15.3055,2017-08-09
138361,PGIM India Ultra Short Term Fund - Direct Plan - Daily Dividend,,INF223J01QL3,10.0179,10.0179,10.0179,2017-08-09
138358,PGIM India Ultra Short Term Fund - Direct Plan - Growth,INF223J01QO7,,20.4232,20.4232,20.4232,2017-08-09
138366,PGIM India Ultra Short Term Fund - Direct Plan - Monthly Bonus,INF223J01VK5,,12.1641,12.1641,12.1641,2017-08-09
138359,PGIM India Ultra Short Term Fund - Direct Plan - Monthly Dividend,INF223J01QP4,,11.0504,11.0504,11.0504,2017-08-09
138364,PGIM India Ultra Short Term Fund - Direct Plan - Quarterly Dividend,INF223J01QT6,INF223J01QU4,10.9044,10.9044,10.9044,2017-08-09
138362,PGIM India Ultra Short Term Fund - Direct Plan - Weekly Dividend,INF223J01QR0,INF223J01QS8,10.2734,10.2734,10.2734,2017-08-09
138349,PGIM India Ultra Short Term Fund - Dividend,INF223J01FI2,INF223J01FJ0,13.8904,13.8904,13.8904,2017-08-09
138343,PGIM India Ultra Short Term Fund - Growth,INF223J01FK8,,20.2198,20.2198,20.2198,2017-08-09
138365,PGIM India Ultra Short Term Fund - Monthly Bonus,INF223J01VJ7,,12.4004,12.4004,12.4004,2017-08-09
138344,PGIM India Ultra Short Term Fund - Monthly Dividend,INF223J01FL6,INF223J01FM4,10.7327,10.7327,10.7327,2017-08-09
138353,PGIM India Ultra Short Term Fund - Quarterly Dividend,INF223J01JH6,,11.1723,11.1723,11.1723,2017-08-09
138346,PGIM India Ultra Short Term Fund - Regular Plan - Bonus,INF223J01GA7,,15.4397,15.4397,15.4397,2017-08-09
138338,PGIM India Ultra Short Term Fund - Regular Plan - Daily Dividend,INF223J01FW3,,10.0215,10.0215,10.0215,2017-08-09
138337,PGIM India Ultra Short Term Fund - Regular Plan - Growth,INF223J01FX1,,25.6332,25.6332,25.6332,2017-08-09
138340,PGIM India Ultra Short Term Fund - Regular Plan - Monthly Dividend,INF223J01FY9,INF223J01FZ6,10.2733,10.2733,10.2733,2017-08-09
138339,PGIM India Ultra Short Term Fund - Regular Plan - Weekly Dividend,INF223J01GC3,,10.5066,10.5066,10.5066,2017-08-09
138341,PGIM India Ultra Short Term Fund - Weekly Dividend,INF223J01FO0,INF223J01FP7,10.0854,10.0854,10.0854,2017-08-09
119475,Principal Ultra Short Term Fund- Direct Plan - Dividend Option - Monthly,INF173K01HK9,INF173K01HJ1,1063.3715,1063.3715,1063.3715,2017-08-09
119474,Principal Ultra Short Term Fund- Direct Plan -Growth Option,INF173K01HI3,,1902.6627,1902.6627,1902.6627,2017-08-09
107329,Principal Ultra Short Term Fund-Daily Dividend Option,,INF173K01CV7,1005.4300,1005.4300,1005.4300,2017-08-09
107328,Principal Ultra Short Term Fund-Growth Option,INF173K01CU9,,1888.0692,1888.0692,1888.0692,2017-08-09
107330,Principal Ultra Short Term Fund-Monthly Dividend Option,INF173K01CB9,INF173K01CC7,1062.6619,1062.6619,1062.6619,2017-08-09
107332,Principal Ultra Short Term Fund-Weekly Dividend Option,,INF173K01CW5,1019.8473,1019.8473,1019.8473,2017-08-09
119784,SBI MAGNUM ULTRA SHORT DURATION FUND -  DIRECT PLAN - DAILY  DIVIDEND,,INF200K01TG3,1675.0300,1675.0300,1675.0300,2017-08-09
119829,SBI MAGNUM ULTRA SHORT DURATION FUND -  DIRECT PLAN - WEEKLY DIVIDEND,INF200K01TH1,INF200K01TI9,1078.3756,1078.3756,1078.3756,2017-08-09
119828,SBI MAGNUM ULTRA SHORT DURATION FUND - DIRECT PLAN - GROWTH,INF200K01TF5,,3683.1456,3683.1456,3683.1456,2017-08-09
105080,SBI MAGNUM ULTRA SHORT DURATION FUND - REGULAR PLAN - DAILY  DIVIDEND,,INF200K01LK2,1675.0300,1675.0300,1675.0300,2017-08-09
100641,SBI MAGNUM ULTRA SHORT DURATION FUND - REGULAR PLAN - GROWTH,INF200K01LJ4,,3670.1231,3670.1231,3670.1231,2017-08-09
103884,SBI MAGNUM ULTRA SHORT DURATION FUND - REGULAR PLAN - WEEKLY DIVIDEND,INF200K01LM8,INF200K01LL0,1078.3627,1078.3627,1078.3627,2017-08-09
139568,UTI - Ultra Short Term Fund - Direct Plan - Annual Dividend Option,INF789FA1Q42,INF789FA1Q59,1070.41,1070.41,1070.41,2017-08-09
120744,UTI - Ultra Short Term Fund - Direct Plan - Daily Dividend Reinvestment Option,INF789F01TG5,INF789F01TH3,1076.8777,1076.8777,1076.8777,2017-08-09
131512,UTI - Ultra Short Term Fund - Direct Plan - Fortnightly Dividend Option,INF789FA1P68,INF789FA1P76,1265.3467,1265.3467,1265.3467,2017-08-09
120746,UTI - Ultra Short Term Fund - Direct Plan - Growth Option,INF789F01TI1,,2792.1554,2792.1554,2792.1554,2017-08-09
131444,UTI - Ultra Short Term Fund - Direct Plan - Monthly Dividend Option,INF789FA1P84,INF789FA1P92,1095.8482,1095.8482,1095.8482,2017-08-09
133059,UTI - Ultra Short Term Fund - Direct Plan - Quarterly Dividend Option,INF789FA1Q00,INF789FA1Q18,1159.3199,1159.3199,1159.3199,2017-08-09
121892,UTI - Ultra Short Term Fund - Direct Plan -Flexi Dividend Option,INF789FB1KQ0,INF789FB1KR8,1436.3211,1436.3211,1436.3211,2017-08-09
120745,UTI - Ultra Short Term Fund - Direct Plan -Weekly Dividend Reinvestment Option,INF789FB1S63,,1112.0935,1112.0935,1112.0935,2017-08-09
112083,UTI - Ultra Short Term Fund - Discontinued - INSTN GROWTH OPTION,INF789F01PM1,,1922.6652,1922.6652,0,2017-08-09
112082,UTI - Ultra Short Term Fund - Discontinued - INSTN PLAN - PERIODIC DIVIDEND OPTION,,INF789F01PL3,1002.756,1002.756,0,2017-08-09
134484,UTI - Ultra Short Term Fund - Regular Plan - Annual Dividend Option,INF789FA1P43,INF789FA1P50,1062.8575,1062.8575,1062.8575,2017-08-09
109501,UTI - Ultra Short Term Fund - Regular Plan - Daily Dividend Reinvestment Option,,INF789F01554,1076.8777,1076.8777,1076.8777,2017-08-09
131511,UTI - Ultra Short Term Fund - Regular Plan - Fortnightly Dividend Option,INF789FA1O69,INF789FA1O77,1262.5423,1262.5423,1262.5423,2017-08-09
102532,UTI - Ultra Short Term Fund - Regular Plan - Growth Option,INF789F01570,,2721.7178,2721.7178,2721.7178,2017-08-09
134799,UTI - Ultra Short Term Fund - Regular Plan - Half Yearly Dividend Option,INF789FA1P27,INF789FA1P35,1060.7202,1060.7202,0,2017-08-09
131445,UTI - Ultra Short Term Fund - Regular Plan - Monthly Dividend Option,INF789FA1O85,INF789FA1O93,1068.2826,1068.2826,1068.2826,2017-08-09
133873,UTI - Ultra Short Term Fund - Regular Plan - Quarterly Dividend Option,INF789FA1P01,INF789FA1P19,1047.2094,1047.2094,1047.2094,2017-08-09
102531,UTI - Ultra Short Term Fund - Regular Plan - Weekly Dividend Reinvestment Option,,INF789F01562,1112.0716,1112.0716,1112.0716,2017-08-09
121891,UTI - Ultra Short Term Fund -Regular Plan -Flexi Dividend Option,INF789FB1KS6,INF789FB1KT4,1222.8873,1222.8873,1222.8873,2017-08-09
119524,Aditya Birla Sun Life Low duration Fund - Daily Dividend - Direct Plan,INF209K01XW3,,100.6358,100.6358,100.6358,2017-08-09
113307,Aditya Birla Sun Life Low Duration Fund - Daily Dividend - Regular Plan,,INF209KA1LP6,100.8519,100.8519,100.8519,2017-08-09
119523,Aditya Birla Sun Life Low duration Fund - Growth - Direct Plan,INF209K01XU7,,418.4007,418.4007,418.4007,2017-08-09
103192,Aditya Birla Sun Life Low Duration Fund - Growth Plan,INF209K01LQ0,,402.8545,402.8545,402.8545,2017-08-09
103191,Aditya Birla Sun Life Low Duration Fund - Institutional Plan - Daily Dividend,,INF209K01KD0,100.6357,100.6357,100.6357,2017-08-09
103195,Aditya Birla Sun Life Low Duration Fund - Institutional Plan - Growth,INF209K01KE8,,282.4577,282.4577,282.4577,2017-08-09
103194,Aditya Birla Sun Life Low Duration Fund - Institutional Plan - Weekly Dividend,,INF209K01KG3,100.6629,100.6629,100.6629,2017-08-09
119522,Aditya Birla Sun Life Low Duration Fund - Weekly Dividend - Direct Plan,,INF209K01XV5,100.6656,100.6656,100.6656,2017-08-09
103193,Aditya Birla Sun Life Low duration Fund - Weekly Dividend - Regular Plan,,INF209KA1LQ4,100.6629,100.6629,100.6629,2017-08-09
120515,Axis Treasury Advantage Fund - Direct Plan - Daily Dividend Option,,INF846K01EQ4,1007.2893,1007.2893,1007.2893,2017-08-09
120513,Axis Treasury Advantage Fund - Direct Plan - Growth Option,INF846K01EN1,,1896.2160,1896.2160,1896.2160,2017-08-09
120516,Axis Treasury Advantage Fund - Direct Plan - Monthly Dividend Option,INF846K01EO9,INF846K01EP6,1008.5045,1008.5045,1008.5045,2017-08-09
120514,Axis Treasury Advantage Fund - Direct Plan - Weekly Dividend Option,INF846K01ER2,INF846K01ES0,1005.0375,1005.0375,1005.0375,2017-08-09
112216,Axis Treasury Advantage Fund - Institutional Plan - Weekly Dividend Option,INF846K01552,INF846K01560,1006.3964,1006.3964,1006.3964,2017-08-09
112215,Axis Treasury Advantage Fund - Regular Plan - Daily Dividend Option,,INF846K01545,1006.2334,1006.2334,1006.2334,2017-08-09
112214,Axis Treasury Advantage Fund - Regular Plan - Growth Option,INF846K01537,,1860.3030,1860.3030,1860.3030,2017-08-09
112217,Axis Treasury Advantage Fund - Regular Plan - Monthly Dividend Option,INF846K01578,INF846K01586,1008.1892,1008.1892,1008.1892,2017-08-09
112720,Axis Treasury Advantage Fund - Retail Plan - Daily Dividend Option,,INF846K01487,1005.4758,1005.4758,1005.4758,2017-08-09
112717,Axis Treasury Advantage Fund - Retail Plan - Growth Option,INF846K01479,,1747.2087,1747.2087,1747.2087,2017-08-09
112718,Axis Treasury Advantage Fund - Retail Plan - Monthly Dividend Option,INF846K01511,INF846K01529,1008.0656,1008.0656,1008.0656,2017-08-09
112719,Axis Treasury Advantage Fund - Retail Plan - Weekly Dividend Option,INF846K01495,INF846K01503,1004.9794,1004.9794,1004.9794,2017-08-09
125136,Baroda Treasury Advantage Fund - Plan A - Bonus Option,INF955L01DZ4,,1935.6531,1935.6531,1935.6531,2017-08-09
119309,Baroda Treasury Advantage Fund - Plan B (Direct) - Daily Dividend Option,INF955L01BE3,,1008.8997,1008.8997,1008.8997,2017-08-09
119410,Baroda Treasury Advantage Fund - Plan B (Direct) - Growth Option,INF955L01BF0,,1979.2715,1979.2715,1979.2715,2017-08-09
119411,Baroda Treasury Advantage Fund - Plan B (Direct) - Monthly Dividend Option,INF955L01BG8,,1008.1129,1008.1129,1008.1129,2017-08-09
119439,Baroda Treasury Advantage Fund - Plan B (Direct) - Quarterly Dividend Option,INF955L01BK0,,1045.0025,1045.0025,1045.0025,2017-08-09
119409,Baroda Treasury Advantage Fund - Plan B (Direct) - Weekly Dividend Option,INF955L01BI4,,1005.8567,1005.8567,1005.8567,2017-08-09
112032,Baroda Treasury Advantage Fund- Plan A- Daily Dividend Option,INF955L01294,INF955L01302,1030.7119,1030.7119,1030.7119,2017-08-09
112029,Baroda Treasury Advantage Fund- Plan A- Growth Option,INF955L01310,,1949.7499,1949.7499,1949.7499,2017-08-09
112035,Baroda Treasury Advantage Fund- Plan A- Monthly Dividend Option,INF955L01344,INF955L01351,1008.0040,1008.0040,1008.0040,2017-08-09
112034,Baroda Treasury Advantage Fund- Plan A- Quarterly Dividend Option,INF955L01BM6,,1038.7438,1038.7438,1038.7438,2017-08-09
112033,Baroda Treasury Advantage Fund- Plan A- Weekly Dividend Option,INF955L01328,INF955L01336,1005.8405,1005.8405,1005.8405,2017-08-09
112025,Baroda Treasury Advantage Fund- Regular Plan - Daily Dividend Option,INF955L01369,INF955L01377,1006.5930,1006.5930,1006.5930,2017-08-09
112031,Baroda Treasury Advantage Fund- Regular Plan - Growth Option,INF955L01385,,1901.4362,1901.4362,1901.4362,2017-08-09
112027,Baroda Treasury Advantage Fund- Regular Plan - Monthly Dividend Option,INF955L01393,INF955L01401,1008.0039,1008.0039,1008.0039,2017-08-09
112026,Baroda Treasury Advantage Fund- Regular Plan - Weekly Dividend Option,INF955L01419,INF955L01427,1005.8391,1005.8391,1005.8391,2017-08-09
117944,BNP PARIBAS LOW DURATION FUND  DAILY DIVIDEND OPTION,,INF251K01DR7,10.0604,10.0604,10.0604,2017-08-09
117945,BNP PARIBAS LOW DURATION FUND  GROWTH OPTION,INF251K01DQ9,,25.1127,25.1127,25.1127,2017-08-09
117947,BNP PARIBAS LOW DURATION FUND  MONTHLY DIVIDEND OPTION,INF251K01DU1,INF251K01DV9,10.0395,10.0395,10.0395,2017-08-09
117946,BNP PARIBAS LOW DURATION FUND  WEEKLY DIVIDEND OPTION,INF251K01DS5,INF251K01DT3,10.0255,10.0255,10.0255,2017-08-09
120007,BNP Paribas LOW DURATION Fund - Direct Plan - Daily Dividend Option,,INF251K01GK5,10.0835,10.0835,10.0835,2017-08-09
120008,BNP Paribas LOW DURATION Fund - Direct Plan - Growth Option,INF251K01GJ7,,25.9002,25.9002,25.9002,2017-08-09
120009,BNP Paribas LOW DURATION Fund - Direct Plan - Monthly Dividend Option,INF251K01GN9,INF251K01GO7,10.0000,10.0000,10.0000,2017-08-09
120010,BNP Paribas LOW DURATION Fund - Direct Plan - Weekly Dividend Option,INF251K01GL3,INF251K01GM1,10.0265,10.0265,10.0265,2017-08-09
113483,BNP PARIBAS LOW DURATION Fund-Regular Plan- Daily Dividend Option (Compulsory Reinvestment),,INF251K01DM8,10.0499,10.0499,10.0499,2017-08-09
113476,BNP PARIBAS LOW DURATION Fund-Regular Plan-Growth Option,INF251K01DL0,,24.5190,24.5190,24.5190,2017-08-09
113478,BNP PARIBAS LOW DURATION Fund-Regular Plan-Monthly Dividend Option,INF251K01DO4,INF251K01DP1,10.0406,10.0406,10.0406,2017-08-09
113477,BNP PARIBAS LOW DURATION Fund-Regular Plan-Weekly Dividend Option,,INF251K01DN6,10.0260,10.0260,10.0260,2017-08-09
104559,Canara Robeco Savings Fund - Regular Plan - DAILY DIVIDEND REINVESTMENT,,INF760K01803,10.2600,10.2600,10.2600,2017-08-09
113144,Canara Robeco Savings Fund - Regular Plan - MONTHLY DIVIDEND,INF760K01AM4,INF760K01AN2,10.2921,10.2921,10.2921,2017-08-09
118293,Canara Robeco Savings Fund- Direct Plan - Daily Dividend Reinvestment,,INF760K01EM6,10.2600,10.2600,10.2600,2017-08-09
118294,Canara Robeco Savings Fund- Direct Plan - Weekly Dividend Option,INF760K01ER5,INF760K01ES3,10.2600,10.2600,10.2600,2017-08-09
102914,Canara Robeco Savings Fund- Regular Plan - DIVIDEND,INF760K01779,INF760K01787,23.4577,23.4577,23.4577,2017-08-09
102913,Canara Robeco Savings Fund- Regular Plan - GROWTH,INF760K01795,,26.1884,26.1884,26.1884,2017-08-09
102915,Canara Robeco Savings Fund- Regular Plan - Weekly Dividend,INF760K01CB3,INF760K01811,10.2600,10.2600,10.2600,2017-08-09
118292,Canara Robeco Savings Fund-Direct Plan - Dividend Option,INF760K01EP9,INF760K01EQ7,23.6462,23.6462,23.6462,2017-08-09
118291,Canara Robeco Savings Fund-Direct Plan - Growth Option,INF760K01ET1,,26.3847,26.3847,26.3847,2017-08-09
118295,Canara Robeco Savings Fund-Direct Plan - Monthly Dividend Option,INF760K01EN4,INF760K01EO2,10.2928,10.2928,10.2928,2017-08-09
133922,DSP Low Duration Fund - Direct Plan - Daily Dividend,,INF740KA1OL5,10.0709,10.0709,10.0709,2017-08-09
133925,DSP Low Duration Fund - Direct Plan - Growth,INF740K013Q1,,12.2362,12.2362,12.2362,2017-08-09
133928,DSP Low Duration Fund - Direct Plan - Monthly Dividend,INF740K014Q9,INF740K015Q6,11.3401,11.3401,11.3401,2017-08-09
133924,DSP Low Duration Fund - Direct Plan - Quarterly Dividend,INF740K016Q4,INF740K017Q2,10.2226,10.2226,10.2226,2017-08-09
133923,DSP Low Duration Fund - Direct Plan - Weekly Dividend,INF740KA1OM3,INF740KA1ON1,10.0685,10.0685,10.0685,2017-08-09
133919,DSP Low Duration Fund - Regular Plan - Daily Dividend,,INF740KA1OO9,10.0835,10.0835,10.0835,2017-08-09
133926,DSP Low Duration Fund - Regular Plan - Growth,INF740K018P2,,12.1335,12.1335,12.1335,2017-08-09
133920,DSP Low Duration Fund - Regular Plan - Monthly Dividend,INF740K019P0,INF740K010Q7,10.2537,10.2537,10.2537,2017-08-09
133921,DSP Low Duration Fund - Regular Plan - Quarterly Dividend,INF740K011Q5,INF740K012Q3,10.2128,10.2128,10.2128,2017-08-09
133927,DSP Low Duration Fund - Regular Plan - Weekly Dividend,INF740KA1OP6,INF740KA1OQ4,10.0692,10.0692,10.0692,2017-08-09
140222,Edelweiss Low Duration Fund - Direct Plan - Daily Dividend Option,,INF754K01FG8,1008.25,1008.25,1008.25,2017-08-09
140220,Edelweiss Low Duration Fund - Direct Plan - Growth Option,INF754K01FD5,,2008.1929,2008.1929,2008.1929,2017-08-09
140219,Edelweiss Low Duration Fund - Direct Plan - Weekly Dividend Option,INF754K01FL8,INF754K01FH6,1020.88,1020.88,1020.88,2017-08-09
140208,Edelweiss Low Duration Fund - Regular Plan - Daily Dividend Option,,INF754K01FR5,1000.89,1000.89,1000.89,2017-08-09
140214,Edelweiss Low Duration Fund - Regular Plan - Dividend Option,INF754K01FB9,INF754K01FC7,1349.0713,1349.0713,1349.0713,2017-08-09
140207,Edelweiss Low Duration Fund - Regular Plan - Growth Option,INF754K01FQ7,,1993.6639,1993.6639,1993.6639,2017-08-09
140206,Edelweiss Low Duration Fund - Regular Plan - Monthly Dividend Option,INF754K01GC5,INF754K01FU9,1006.7196,1006.7196,1006.7196,2017-08-09
140209,Edelweiss Low Duration Fund - Regular Plan - Weekly Dividend Option,INF754K01GA9,INF754K01FS3,1006.38,1006.38,1006.38,2017-08-09
140200,Edelweiss Low Duration Fund - Retail Plan - Daily Dividend Option,,INF754K01FW5,1003.53,1003.53,1003.53,2017-08-09
140201,Edelweiss Low Duration Fund - Retail Plan - Growth Option,INF754K01FV7,,1784.1832,1784.1832,1784.1832,2017-08-09
140204,Edelweiss Low Duration Fund - Retail Plan - Monthly Dividend Option,,INF754K01FZ8,1012.392,1012.392,1012.392,2017-08-09
140202,Edelweiss Low Duration Fund - Retail Plan - Weekly Dividend Option,,INF754K01FX3,1007.12,1007.12,1007.12,2017-08-09
118530,Franklin India Low Duration Fund - Direct - Growth,INF090I01HG7,,19.3809,19.2840,19.3809,2017-08-09
118528,Franklin India Low Duration Fund - Direct - Monthly Dividend,INF090I01HC6,INF090I01HD4,10.8205,10.7664,10.8205,2017-08-09
118529,Franklin India Low Duration Fund - Direct - Quarterly Dividend,INF090I01HE2,INF090I01HF9,10.6795,10.6261,10.6795,2017-08-09
113135,Franklin India Low Duration Fund - Growth Plan,INF090I01BU1,,19.1169,19.0213,19.1169,2017-08-09
100503,Franklin India Low Duration Fund -Monthly Dividend,INF090I01BQ9,INF090I01BR7,10.6359,10.5827,10.6359,2017-08-09
100504,Franklin India Low Duration Fund-Quarterly Dividend,INF090I01BS5,INF090I01BT3,10.4934,10.4409,10.4934,2017-08-09
105548,HDFC Low Duration Fund- Retail Daily Dividend,,INF179K01434,10.1428,10.1428,10.1428,2017-08-09
102452,HDFC Low Duration Fund- Retail Growth,INF179K01442,,35.3119,35.3119,35.3119,2017-08-09
105543,HDFC Low Duration Fund- Retail Monthly Dividend,INF179K01459,INF179K01467,10.1613,10.1613,10.1613,2017-08-09
105547,HDFC Low Duration Fund- Wholesale Daily Dividend,,INF179K01541,10.1574,10.1574,10.1574,2017-08-09
105546,HDFC Low Duration Fund- Wholesale Monthly Dividend,INF179K01509,INF179K01517,10.1828,10.1828,10.1828,2017-08-09
105545,HDFC Low Duration Fund- Wholesale Weekly Dividend,INF179K01525,,10.1630,10.1630,10.1630,2017-08-09
105544,HDFC Low Duration Fund- Wholesale- Growth,INF179K01491,,37.1431,37.1431,37.1431,2017-08-09
118945,HDFC Low Duration Fund-Direct Plan-Daily Dividend,,,10.0655,10.0655,10.0655,2017-08-09
118942,HDFC Low Duration Fund-Direct Plan-Growth,INF179K01VF7,,36.4965,36.4965,36.4965,2017-08-09
118943,HDFC Low Duration Fund-Direct Plan-Monthly Dividend,INF179K01VG5,INF179K01VH3,10.1654,10.1654,10.1654,2017-08-09
118944,HDFC Low Duration Fund-Direct Plan-Weekly Dividend,,,10.1910,10.1910,10.1910,2017-08-09
102453,HDFC Low Duration Fund-Retail Weekly Dividend,INF179K01475,INF179K01483,10.1612,10.1612,10.1612,2017-08-09
104344,HSBC Low Duration Fund  - Growth,INF336L01AH1,,14.7174,14.7174,14.7174,2017-08-09
104350,HSBC Low Duration Fund  - Regular - Growth,INF336L01AP4,,21.361,21.361,21.361,2017-08-09
120065,HSBC Low Duration Fund - Daily Dividend Direct,,INF336L01EF7,10.084,10.084,10.084,2017-08-09
104351,HSBC Low Duration Fund - Dividend - Daily,,INF336L01AG3,10.0524,10.0524,10.0524,2017-08-09
104348,HSBC Low Duration Fund - Dividend - Monthly,INF336L01AJ7,INF336L01AI9,10.1561,10.1561,10.1561,2017-08-09
104352,HSBC Low Duration Fund - Dividend - Weekly,,INF336L01AL3,10.0501,10.0501,10.0501,2017-08-09
120066,HSBC Low Duration Fund - Growth Direct,INF336L01EG5,,15.1925,15.1925,15.1925,2017-08-09
104349,HSBC Low Duration Fund - Inst. Plus - Dividend - Daily,,INF336L01AS8,16.606,16.606,16.606,2017-08-09
120067,HSBC Low Duration Fund - Monthly Dividend Direct,INF336L01EH3,INF336L01EI1,10.363,10.363,10.363,2017-08-09
104343,HSBC Low Duration Fund - Regular -  Dividend - Weekly,,INF336L01AQ2,10.0017,10.0017,10.0017,2017-08-09
104342,HSBC Low Duration Fund - Regular - Dividend - Daily,,INF336L01AO7,10.0021,10.0021,10.0021,2017-08-09
120063,HSBC Low Duration Fund - Weekly Dividend Direct,,INF336L01EJ9,10.1002,10.1002,10.1002,2017-08-09
130900,ICICI Prudential Savings Fund - Bonus,INF109KA1I92,,127.8023,127.8023,127.8023,2017-08-09
101618,ICICI Prudential Savings Fund - Daily Dividend,INF109K01738,,105.7358,105.7358,105.7358,2017-08-09
120397,ICICI Prudential Savings Fund - Direct Plan - Daily Dividend,,INF109K01O66,105.7358,105.7358,105.7358,2017-08-09
120399,ICICI Prudential Savings Fund - Direct Plan - Dividend Others,INF109K01O90,INF109K01O74,128.7708,128.7708,128.7708,2017-08-09
122904,ICICI Prudential Savings Fund - Direct Plan - Fortnightly Dividend,INF109K016Y3,INF109K015Y5,101.6935,101.6935,101.6935,2017-08-09
120398,ICICI Prudential Savings Fund - Direct Plan - Growth,INF109K01O82,,321.7625,321.7625,321.7625,2017-08-09
122651,ICICI Prudential Savings Fund - Direct Plan - Monthly Dividend,INF109K018Y9,INF109K017Y1,101.3209,101.3209,101.3209,2017-08-09
122982,ICICI Prudential Savings Fund - Direct Plan - Quarterly Dividend,INF109K010Z3,INF109K019Y7,104.3617,104.3617,104.3617,2017-08-09
120396,ICICI Prudential Savings Fund - Direct Plan - Weekly Dividend,INF109K01P08,INF109K01P16,105.5217,105.5217,105.5217,2017-08-09
115511,ICICI Prudential Savings Fund - Dividend Others,INF109K01WO4,INF109K01WN6,127.9997,127.9997,127.9997,2017-08-09
122748,ICICI Prudential Savings Fund - Fortnightly Dividend,INF109K012Z9,INF109K011Z1,101.2256,101.2256,101.2256,2017-08-09
101619,ICICI Prudential Savings Fund - Growth,INF109K01746,,320.3418,320.3418,320.3418,2017-08-09
122531,ICICI Prudential Savings Fund - Monthly Dividend,INF109K014Z5,INF109K013Z7,101.5351,101.5351,101.5351,2017-08-09
122995,ICICI Prudential Savings Fund - Quarterly Dividend,INF109K016Z0,INF109K015Z2,104.2359,104.2359,104.2359,2017-08-09
101617,ICICI Prudential Savings Fund - Weekly Dividend,INF109K01JO1,INF109K01753,105.4744,105.4744,105.4744,2017-08-09
111795,ICICI Prudential Savings Fund Retail Daily Dividend,INF109K01EI4,INF109K01BW1,100.6282,100.6282,100.6282,2017-08-09
111794,ICICI Prudential Savings Fund Retail Growth,INF109K01BX9,,185.1035,185.1035,185.1035,2017-08-09
111793,ICICI Prudential Savings Fund Retail Weekly Dividend,INF109K01EJ2,INF109K01BY7,100.9918,100.9918,100.9918,2017-08-09
118368,IDFC Low Duration Fund -Direct Plan-Daily Dividend,,INF194K01J85,10.1111,10.1111,10.1111,2017-08-09
118371,IDFC Low Duration Fund -Direct Plan-Growth,INF194K01J77,,23.8119,23.8119,23.8119,2017-08-09
118372,IDFC Low Duration Fund -Direct Plan-Monthly Dividend,INF194K01K17,INF194K01K09,10.1440,10.1440,10.1440,2017-08-09
118370,IDFC Low Duration Fund -Direct Plan-Periodic Dividend,INF194K01K82,INF194K01K90,12.8230,12.8230,12.8230,2017-08-09
118369,IDFC Low Duration Fund -Direct Plan-Quarterly Dividend,INF194K01K58,INF194K01K66,10.6387,10.6387,10.6387,2017-08-09
118373,IDFC Low Duration Fund -Direct Plan-Weekly Dividend,,INF194K01K33,10.0808,10.0808,10.0808,2017-08-09
108633,IDFC Low Duration Fund -Regular Plan- Daily Dividend,INF194K01FW4,INF194K01FV6,10.0712,10.0712,10.0712,2017-08-09
108632,IDFC Low Duration Fund -Regular Plan- Growth,INF194K01FU8,,23.6720,23.6720,23.6720,2017-08-09
108635,IDFC Low Duration Fund -Regular Plan- Monthly Dividend,INF194K01FZ7,INF194K01FY0,10.1302,10.1302,10.1302,2017-08-09
116020,IDFC Low Duration Fund -Regular Plan- Periodic Dividend,INF194K01I29,INF194K01I37,12.7818,12.7818,12.7818,2017-08-09
116413,IDFC Low Duration Fund -Regular Plan- Quarterly Dividend,INF194K01UR3,INF194K01US1,10.7230,10.7230,10.7230,2017-08-09
108634,IDFC Low Duration Fund -Regular Plan- Weekly Dividend,INF194K01GC4,INF194K01GB6,10.1023,10.1023,10.1023,2017-08-09
130794,Invesco India Treasury Advantage Fund - Annual Bonus,INF205K01P35,,2309.9228,2309.9228,2309.9228,2017-08-09
104727,Invesco India Treasury Advantage Fund - Bonus,INF205K01IE0,,1283.2923,1283.2923,1283.2923,2017-08-09
105025,Invesco India Treasury Advantage Fund - Daily Dividend,,INF205K01HZ7,1001.72,1001.72,1001.72,2017-08-09
120569,Invesco India Treasury Advantage Fund - Direct Plan - Bonus,INF205K01NU6,,1305.6019,1305.6019,1305.6019,2017-08-09
120567,Invesco India Treasury Advantage Fund - Direct Plan - Discretionary Dividend option,INF205K01NW2,INF205K01NX0,1498.9698,1498.9698,1498.9698,2017-08-09
120570,Invesco India Treasury Advantage Fund - Direct Plan - Growth,INF205K01NY8,,2350.068,2350.068,2350.068,2017-08-09
120571,Invesco India Treasury Advantage Fund - Direct Plan - Monthly Dividend,INF205K01NZ5,INF205K01OA6,1056.5609,1056.5609,1056.5609,2017-08-09
120568,Invesco India Treasury Advantage Fund - Direct Plan - Weekly Dividend,INF205K01OB4,INF205K01OC2,1206.2371,1206.2371,1206.2371,2017-08-09
120566,Invesco India Treasury Advantage Fund - Direct Plan -Daily Dividend,,INF205K01NV4,1018.9655,1018.9655,1018.9655,2017-08-09
115458,Invesco India Treasury Advantage Fund - Discretionary Dividend option,INF205K01IG5,INF205K01IF7,1474.3182,1474.3182,1474.3182,2017-08-09
104726,Invesco India Treasury Advantage Fund - Growth,INF205K01HY0,,2309.9211,2309.9211,2309.9211,2017-08-09
104729,Invesco India Treasury Advantage Fund - Monthly Dividend,INF205K01ID2,INF205K01IC4,1033.5117,1033.5117,1033.5117,2017-08-09
104728,Invesco India Treasury Advantage Fund - Regular - Growth,INF205K01HT0,,2157.2431,2157.2431,2157.2431,2017-08-09
104723,Invesco India Treasury Advantage Fund - Regular - Monthly Dividend,,INF205K01HW4,1073.6002,1073.6002,1073.6002,2017-08-09
104722,Invesco India Treasury Advantage Fund - Regular - Weekly Dividend,,INF205K01HV6,1131.1976,1131.1976,1131.1976,2017-08-09
105024,Invesco India Treasury Advantage Fund - Regular Daily Dividend,,INF205K01HU8,1191.6364,1191.6364,1191.6364,2017-08-09
104725,Invesco India Treasury Advantage Fund - Weekly Dividend,INF205K01IB6,INF205K01IA8,1024.3186,1024.3186,1024.3186,2017-08-09
133807,Kotak Low Duration - Regular Plan-Weekly Dividend,INF178L01236,,1014.6779,1014.6779,1014.6779,2017-08-09
133812,Kotak Low Duration Fund - Direct Plan- Monthly Dividend Option,INF178L01AZ9,INF178L01AY2,1040.1085,1040.1085,1040.1085,2017-08-09
135498,Kotak Low Duration Fund - Regular Plan - Normal Dividend,INF174K01Y64,,1063.8073,1063.8073,1063.8073,2017-08-09
133810,Kotak Low Duration Fund- Direct Plan- Growth Option,INF178L01AX4,,2093.5331,2093.5331,2093.5331,2017-08-09
133811,Kotak Low Duration Fund- Direct Plan- Weekly Dividend Option,INF178L01BA0,,1199.1832,1199.1832,1199.1832,2017-08-09
133805,Kotak Low Duration Fund- Regular Plan-Growth Option,INF178L01202,,2038.4332,2038.4332,2038.4332,2017-08-09
133809,Kotak Low Duration Fund- Regular Plan-Monthly Dividend Option,INF178L01210,INF178L01228,1024.4655,1024.4655,1024.4655,2017-08-09
134421,L&T Low Duration Fund - Direct Plan - Annual Dividend,,,11.0439,10.9335,11.0439,2017-08-09
134422,L&T Low Duration Fund - Regular Plan - Annual Dividend,INF917K01VX3,INF917K01VW5,11.0288,10.9185,11.0288,2017-08-09
119808,L&T Low Duration Fund-Direct Plan-Dividend,INF917K01GK1,,11.1665,11.0548,11.1665,2017-08-09
119809,L&T Low Duration Fund-Direct Plan-Growth,INF917K01GM7,,18.2341,18.0518,18.2341,2017-08-09
118134,L&T Low Duration Fund-Regular Plan - Dividend,INF677K01460,INF677K01478,10.8982,10.7892,10.8982,2017-08-09
118133,L&T Low Duration Fund-Regular Plan - Growth,INF677K01452,,17.9986,17.8186,17.9986,2017-08-09
120316,LIC MF Savings Fund-Direct Plan-Daily Dividend,INF767K01FL0,INF767K01FN6,10.1000,10.1000,10.1000,2017-08-09
120315,LIC MF Savings Fund-Direct Plan-Growth,INF767K01FM8,,26.4459,26.4459,26.4459,2017-08-09
120317,LIC MF Savings Fund-Direct Plan-Monthly Dividend,INF767K01FP1,INF767K01FO4,13.8389,13.8389,13.8389,2017-08-09
120318,LIC MF Savings Fund-Direct Plan-Weekly Dividend,INF767K01JJ6,INF767K01JK4,10.5729,10.5729,10.5729,2017-08-09
111676,LIC MF Savings Fund-Regular Plan-Daily Dividend,INF767K01AK3,INF767K01AL1,10.1611,10.1611,10.1611,2017-08-09
101830,LIC MF Savings Fund-Regular Plan-Growth,INF767K01AO5,,25.5244,25.5244,25.5244,2017-08-09
101829,LIC MF Savings Fund-Regular Plan-Monthly Dividend,INF767K01AM9,INF767K01AN7,10.2221,10.2221,10.2221,2017-08-09
111675,LIC MF Savings Fund-Regular Plan-Weekly Dividend,INF767K01AP2,INF767K01AQ0,10.1091,10.1091,10.1091,2017-08-09
140613,Mahindra Manulife Low Duration Fund - Direct Plan  -Growth,INF174V01267,,1037.5887,1037.5887,1037.5887,2017-08-09
140617,Mahindra Manulife Low Duration Fund - Direct Plan - Daily Dividend Reinvestment,,INF174V01275,1004.6915,1004.6915,1004.6915,2017-08-09
140619,Mahindra Manulife Low Duration Fund - Direct Plan - Monthly Dividend Option,INF174V01309,INF174V01291,1037.5122,1037.5122,1037.5122,2017-08-09
140618,Mahindra Manulife Low Duration Fund - Direct Plan - Weekly Dividend Option,,INF174V01283,1030.7187,1030.7187,1030.7187,2017-08-09
140614,Mahindra Manulife Low Duration Fund - Regular Plan - Daily Dividend Reinvestment,,INF174V01226,1004.3225,1004.3225,1004.3225,2017-08-09
140620,Mahindra Manulife Low Duration Fund - Regular Plan - Growth,INF174V01218,,1032.9257,1032.9257,1032.9257,2017-08-09
140616,Mahindra Manulife Low Duration Fund - Regular Plan - Monthly Dividend Option,INF174V01259,INF174V01242,1032.9201,1032.9201,1032.9201,2017-08-09
140615,Mahindra Manulife Low Duration Fund - Regular Plan - Weekly Dividend Option,,INF174V01234,1032.9438,1032.9438,1032.9438,2017-08-09
118843,Mirae Asset Savings Fund - Direct Plan - Daily Dividend,,INF769K01BR2,1223.7486,1223.7486,1223.7486,2017-08-09
118840,Mirae Asset Savings Fund - Direct Plan - Growth,INF769K01BO9,,1499.0422,1499.0422,1499.0422,2017-08-09
118841,Mirae Asset Savings Fund - Direct Plan - Monthly Dividend,INF769K01BP6,INF769K01BT8,1156.1975,1156.1975,1156.1975,2017-08-09
118842,Mirae Asset Savings Fund - Direct Plan - Quarterly Dividend,INF769K01BQ4,INF769K01BU6,1052.0667,1052.0667,1052.0667,2017-08-09
118844,Mirae Asset Savings Fund - Direct Plan - Weekly Dividend,,INF769K01BS0,1450.5575,1450.5575,1450.5575,2017-08-09
107698,Mirae Asset Savings Fund-Regular Plan- Daily Dividend,,INF769K01895,1636.6765,1636.6765,1636.6765,2017-08-09
107695,Mirae Asset Savings Fund-Regular Plan- Growth,INF769K01846,,1716.7125,1716.7125,1716.7125,2017-08-09
107697,Mirae Asset Savings Fund-Regular Plan- Monthly Dividend,INF769K01879,INF769K01911,1640.3169,1640.3169,1640.3169,2017-08-09
107696,Mirae Asset Savings Fund-Regular Plan- Weekly Dividend,,INF769K01903,1637.2621,1637.2621,1637.2621,2017-08-09
107705,Mirae Asset Savings Fund-Regular Savings Plan- Growth,INF769K01937,,1447.8639,1447.8639,1447.8639,2017-08-09
107704,Mirae Asset Savings Fund-Regular Savings Plan- Monthly Dividend,INF769K01960,INF769K01AA0,1099.0740,1099.0740,1099.0740,2017-08-09
107702,Mirae Asset Savings Fund-Regular Savings Plan- Quarterly Dividend,INF769K01978,INF769K01AB8,1031.3343,1031.3343,1031.3343,2017-08-09
107701,Mirae Asset Savings Fund-Regular Savings Plan- Weekly Dividend,,INF769K01994,1118.7947,1118.7947,1118.7947,2017-08-09
107700,Mirae Asset SavingsFund-Regular Savings Plan- Daily Dividend,,INF769K01986,1017.6032,1017.6032,1017.6032,2017-08-09
125264,Nippon India Low Duration Fund - Direct Plan - Dividend Plan,INF204KA1EK7,INF204KA1EL5,1275.6071,1275.6071,1275.6071,2017-08-09
118703,Nippon India Low Duration Fund - Direct Plan Daily Dividend Reinvestment Option,,INF204K01ZV1,1007.5000,1007.5000,1007.5000,2017-08-09
118702,Nippon India Low Duration Fund - Direct Plan Growth Plan - Bonus Option,INF204K01G03,,1359.3741,1359.3741,1359.3741,2017-08-09
118709,Nippon India Low Duration Fund - Direct Plan Growth Plan - Growth Option,INF204K01ZU3,,2340.1244,2340.1244,2340.1244,2017-08-09
118704,Nippon India Low Duration Fund - Direct Plan Monthly Dividend Plan,INF204K01ZX7,INF204K01ZY5,1016.0429,1016.0429,1016.0429,2017-08-09
118705,Nippon India Low Duration Fund - Direct Plan Quarterly Dividend Plan,INF204K01ZZ2,INF204K01A09,1019.2064,1019.2064,1019.2064,2017-08-09
118706,Nippon India Low Duration Fund - Direct Plan Weekly Dividend Plan,INF204K01A17,,1007.6690,1007.6690,1007.6690,2017-08-09
125265,Nippon India Low Duration Fund - Dividend Plan,INF204KA1EI1,INF204KA1EJ9,1262.9104,1262.9104,1262.9104,2017-08-09
111744,Nippon India Low Duration Fund - Retail Plan - Daily Dividend Reinvestment Option,,INF204K01EP8,1007.5000,1007.5000,1007.5000,2017-08-09
111748,Nippon India Low Duration Fund - Retail Plan - Growth Plan - Growth Option,INF204K01EN3,,2224.8409,2224.8409,2224.8409,2017-08-09
111743,Nippon India Low Duration Fund - Retail Plan - Growth Plan -Bonus Option,INF204K01EO1,,1657.8567,1657.8567,1657.8567,2017-08-09
111751,Nippon India Low Duration Fund - Retail Plan - Monthly Dividend Plan,INF204K01ER4,INF204K01ES2,1014.4414,1014.4414,1014.4414,2017-08-09
111752,Nippon India Low Duration Fund - Retail Plan - Quarterly Dividend Plan,INF204K01ET0,INF204K01EU8,1034.8535,1034.8535,1034.8535,2017-08-09
111745,Nippon India Low Duration Fund - Retail Plan - Weekly Dividend Plan,INF204K01OP7,INF204K01EQ6,1007.6465,1007.6465,1007.6465,2017-08-09
111747,Nippon India Low Duration Fund -Daily Dividend Reinvestment Option,,INF204K01EX2,1007.5000,1007.5000,1007.5000,2017-08-09
111746,Nippon India Low Duration Fund -Growth Plan -Bonus Option,INF204K01EW4,,1336.8766,1336.8766,1336.8766,2017-08-09
111749,Nippon India Low Duration Fund -Monthly Dividend Plan,INF204K01EZ7,INF204K01FA7,1012.6877,1012.6877,1012.6877,2017-08-09
111750,Nippon India Low Duration Fund -Quarterly Dividend Plan,INF204K01FB5,INF204K01FC3,1018.6827,1018.6827,1018.6827,2017-08-09
111754,Nippon India Low Duration Fund -Weekly Dividend Plan,INF204K01OO0,INF204K01EY0,1007.6589,1007.6589,1007.6589,2017-08-09
111753,Nippon India Low Duration Fund- Growth Plan - Growth Option,INF204K01EV6,,2302.5560,2302.5560,2302.5560,2017-08-09
138450,PGIM India Low Duration Fund  -  Annual  Bonus,INF663L01HD2,,13.5453,13.5453,13.5453,2017-08-09
138437,PGIM India Low Duration Fund - ANNUAL DIV,INF663L01HY8,INF663L01HZ5,11.6764,11.6764,11.6764,2017-08-09
138430,PGIM India Low Duration Fund - DAILY DIV,INF663L01HQ4,,10.0331,10.0331,10.0331,2017-08-09
138452,PGIM India Low Duration Fund - Direct Dividend,INF663L01HW2,INF663L01HX0,11.385,11.385,11.385,2017-08-09
138449,PGIM India Low Duration Fund - Direct Plan -  Annual  Bonus,INF663L01JS6,,13.8239,13.8239,13.8239,2017-08-09
138444,PGIM India Low Duration Fund - Direct Plan - Annual Dividend,INF663L01HO9,,12.5906,12.5906,12.5906,2017-08-09
138441,PGIM India Low Duration Fund - Direct Plan - Daily Dividend,INF663L01HF7,,10.0331,10.0331,10.0331,2017-08-09
138442,PGIM India Low Duration Fund - Direct Plan - Fortnightly Dividend,INF663L01HM3,,10.1669,10.1669,10.1669,2017-08-09
138443,PGIM India Low Duration Fund - Direct Plan - Growth,INF663L01HE0,,23.381,23.381,23.381,2017-08-09
138447,PGIM India Low Duration Fund - Direct Plan - Monthly Bonus,INF663L01JR8,,12.7383,12.7383,12.7383,2017-08-09
138439,PGIM India Low Duration Fund - Direct Plan - Monthly Dividend,INF663L01HK7,,11.1977,11.1977,11.1977,2017-08-09
138445,PGIM India Low Duration Fund - Direct Plan - Quarterly Dividend,INF663L01HI1,INF663L01HJ9,10.3349,10.3349,10.3349,2017-08-09
138446,PGIM India Low Duration Fund - Direct Plan - Weekly Dividend,INF663L01HG5,INF663L01HH3,10.2239,10.2239,10.2239,2017-08-09
138426,PGIM India Low Duration Fund - FORTNIGHTLY DIV,INF663L01HT8,INF663L01HU6,10.1656,10.1656,10.1656,2017-08-09
138423,PGIM India Low Duration Fund - GR,INF663L01HV4,,22.803,22.803,22.803,2017-08-09
138448,PGIM India Low Duration Fund - Monthly Bonus Option,INF663L01JT4,,12.5916,12.5916,12.5916,2017-08-09
138436,PGIM India Low Duration Fund - QUARTERLY DIV,INF663L01IC2,INF663L01ID0,10.3197,10.3197,10.3197,2017-08-09
138438,PGIM India Low Duration Fund DIV OPTION,INF663L01IA6,INF663L01IB4,11.0741,11.0741,11.0741,2017-08-09
138429,PGIM India Low Duration Fund INSTITUTIONAL - MONTHLY DIV,INF223J01986,,10.9444,10.9444,10.9444,2017-08-09
138427,PGIM India Low Duration Fund INSTITUTIONAL -GR,INF663L01JN7,,20.9754,20.9754,20.9754,2017-08-09
138431,PGIM India Low Duration Fund INSTITUTIONAL -Weekly,INF663L01JP2,,10.0817,10.0817,10.0817,2017-08-09
138432,PGIM India Low Duration Fund INSTITUTIONAL-Daily,INF663L01JO5,,10.0443,10.0443,10.0443,2017-08-09
138435,PGIM India Low Duration Fund- Bonus Option,INF663L01JQ0,,17.6432,17.6432,17.6432,2017-08-09
138424,PGIM India Low Duration Fund- MONTHLY DIV,INF663L01HR2,INF663L01HS0,11.3341,11.3341,11.3341,2017-08-09
138425,PGIM India Low Duration Fund- WEEKLY DIV,INF663L01IE8,INF663L01IF5,10.1097,10.1097,10.1097,2017-08-09
119445,Principal Low Duration Fund - Direct Plan - Daily Dividend Option,,INF173K01FR8,1007.4134,1007.4134,1007.4134,2017-08-09
119448,Principal Low Duration Fund - Direct Plan - Growth Option,INF173K01FS6,,2738.1869,2738.1869,2738.1869,2017-08-09
119447,Principal Low Duration Fund - Direct Plan - Monthly Dividend Option,INF173K01FT4,INF173K01FU2,1147.8627,1147.8627,1147.8627,2017-08-09
119446,Principal Low Duration Fund - Direct Plan - Weekly Dividend Option,,INF173K01FW8,1007.7085,1007.7085,1007.7085,2017-08-09
102723,Principal Low Duration Fund - Weekly Dividend Option,,INF173K01DI2,1007.6307,1007.6307,1007.6307,2017-08-09
105461,Principal Low Duration Fund -Daily Dividend Option,,INF173K01DH4,1005.7164,1005.7164,1005.7164,2017-08-09
102722,Principal Low Duration Fund- Growth Option,INF173K01DG6,,2656.7455,2656.7455,2656.7455,2017-08-09
102724,Principal Low Duration Fund- Monthly Dividend Option,INF173K01DJ0,INF173K01DK8,1145.6066,1145.6066,1145.6066,2017-08-09
119810,SBI MAGNUM LOW DURATION FUND - DIRECT PLAN - DAILY DIVIDEND,,INF200K01VJ3,1007.4853,1007.4853,1007.4853,2017-08-09
119811,SBI MAGNUM LOW DURATION FUND - DIRECT PLAN - FORTNIGHTLY DIVIDEND,INF200K01VK1,INF200K01VL9,1030.2611,1030.2611,1030.2611,2017-08-09
119812,SBI MAGNUM LOW DURATION FUND - DIRECT PLAN - GROWTH,INF200K01VM7,,2162.8597,2162.8597,2162.8597,2017-08-09
119818,SBI MAGNUM LOW DURATION FUND - DIRECT PLAN - MONTHLY DIVIDEND,INF200K01VN5,INF200K01VO3,1085.4736,1085.4736,1085.4736,2017-08-09
119819,SBI MAGNUM LOW DURATION FUND - DIRECT PLAN - WEEKLY DIVIDEND,INF200K01VP0,INF200K01VQ8,1011.1666,1011.1666,1011.1666,2017-08-09
106215,SBI MAGNUM LOW DURATION FUND - REGULAR PLAN - FORTNIGHTLY DIVIDEND,INF200K01MM6,INF200K01MN4,1030.2364,1030.2364,1030.2364,2017-08-09
106212,SBI MAGNUM LOW DURATION FUND - REGULAR PLAN - GROWTH,INF200K01MO2,,2154.4865,2154.4865,2154.4865,2017-08-09
106216,SBI MAGNUM LOW DURATION FUND - REGULAR PLAN - MONTHLY DIVIDEND,INF200K01MP9,INF200K01MQ7,1081.3929,1081.3929,1081.3929,2017-08-09
106214,SBI MAGNUM LOW DURATION FUND - REGULAR PLAN - WEEKLY DIVIDEND,INF200K01MR5,INF200K01MS3,1011.1616,1011.1616,1011.1616,2017-08-09
106213,SBI MAGNUM LOW DURATION FUND - REGULAR PLAN -DAILY DIVIDEND,,INF200K01ML8,1007.4101,1007.4101,1007.4101,2017-08-09
106221,SBI Short Horizon Debt Fund - Ultra Short Term Fund - Institutional Plan - Daily Dividend,,INF200K01MD5,1007.0514,1007.0514,1007.0514,2017-08-09
106217,SBI Short Horizon Debt Fund - Ultra Short Term Fund - Institutional Plan - Growth,INF200K01MG8,,2192.3090,2192.3090,2192.3090,2017-08-09
106224,SBI Short Horizon Debt Fund - Ultra Short Term Fund - Institutional Plan - Monthly Dividend,INF200K01MH6,INF200K01MI4,N.A.,N.A.,N.A.,2017-08-09
106222,SBI Short Horizon Debt Fund - Ultra Short Term Fund- Institutional Plan - Weekly Dividend,INF200K01MJ2,INF200K01MK0,1005.6355,1005.6355,1005.6355,2017-08-09
106223,SBI Short Horizon Debt Fund -Ultra Short Term Fund - Institutional Plan - Fortnightly Dividend,INF200K01ME3,INF200K01MF0,N.A.,N.A.,N.A.,2017-08-09
119683,Sundaram  Low Duration Fund - Direct Plan - Bonus Option,INF903J01RQ7,,13.3293,13.3293,13.3293,2017-08-09
119681,Sundaram  Low Duration Fund - Direct Plan - Fortnightly Dividend Option,INF903J01QZ0,INF903J01RA1,11.6047,11.6047,11.6047,2017-08-09
119678,Sundaram Low Duration  Fund - Direct Plan - Quarterly Dividend Option,INF903J01RC7,INF903J01RD5,11.8668,11.8668,11.8668,2017-08-09
119677,Sundaram Low Duration  Fund - Direct Plan - Weekly Dividend Option,INF903J01RF0,,12.0354,12.0354,12.0354,2017-08-09
119679,Sundaram Low Duration Fund  Direct Plan - Daily Dividend Reinvestment Option,,INF903J01QY3,10.0439,10.0439,10.0439,2017-08-09
105554,Sundaram Low Duration Fund  Inst Daily Dividend,,INF903J01RE3,10.0385,10.0385,10.0385,2017-08-09
105562,Sundaram Low Duration Fund  Inst Growth,INF903J01EG6,,21.8275,21.8275,21.8275,2017-08-09
119680,Sundaram Low Duration Fund - Direct Plan - Growth Option,INF903J01RB9,,23.3333,23.3333,23.3333,2017-08-09
119682,Sundaram Low Duration Fund - Direct Plan - Monthly Dividend Option,INF903J01RR5,INF903J01RG8,11.1928,11.1928,11.1928,2017-08-09
105561,Sundaram Low Duration Fund Inst Monthly  Dividend,INF903J01EH4,INF903J01EL6,10.9299,10.9299,10.9299,2017-08-09
105565,Sundaram Low Duration Fund Regular Daily Dividend,,INF903J01EP7,10.0385,10.0385,10.0385,2017-08-09
105557,Sundaram Low Duration Fund Regular Fortnightly Dividend,INF903J01JP6,INF903J01ER3,11.1991,11.1991,11.1991,2017-08-09
105563,Sundaram Low Duration Fund Regular Growth,INF903J01EN2,,22.8145,22.8145,22.8145,2017-08-09
105566,Sundaram Low Duration Fund Regular Monthly Dividend,INF903J01EO0,INF903J01ES1,11.0323,11.0323,11.0323,2017-08-09
105558,Sundaram Low Duration Fund Regular Qtrly Dividend,INF903J01JQ4,INF903J01ET9,11.6994,11.6994,11.6994,2017-08-09
105556,Sundaram Low Duration Fund Regular Weekly Dividend (Formerly Super Institutional Plan),INF903J01JO9,INF903J01EQ5,11.9551,11.9551,11.9551,2017-08-09
105553,Sundaram Low Duration Fund Retail Daily Dividend,,INF903J01EB7,10.0385,10.0385,10.0385,2017-08-09
105550,Sundaram Low Duration Fund Retail fortnightly Dividend,INF903J01JJ9,INF903J01ED3,11.0921,11.0921,11.0921,2017-08-09
105564,Sundaram Low Duration Fund Retail Growth,INF903J01DZ8,,20.6805,20.6805,20.6805,2017-08-09
105551,Sundaram Low Duration Fund Retail Monthly Dividend,INF903J01EA9,INF903J01EE1,10.8511,10.8511,10.8511,2017-08-09
105552,Sundaram Low Duration Fund Retail Quarterly Dividend,INF903J01JK7,INF903J01EF8,11.3619,11.3619,11.3619,2017-08-09
105549,Sundaram Low Duration Fund Retail Weekly Dividend,INF903J01JI1,INF903J01EC5,11.7933,11.7933,11.7933,2017-08-09
118329,Sundaram Low Duration Fund-  Bonus Option,INF903J01MG9,,13.0605,13.0605,13.0605,2017-08-09
119864,Tata Treasury Advantage Fund - Direct Plan - Daily Dividend,,INF277K018B3,1003.5316,1003.5316,1003.5316,2017-08-09
119863,Tata Treasury Advantage Fund - Direct Plan - Growth,INF277K01OK4,,2550.1080,2550.1080,2550.1080,2017-08-09
119957,Tata Treasury Advantage Fund - Direct Plan - Periodic Dividend,INF277K01OL2,INF277K01OM0,1617.6528,1617.6528,1617.6528,2017-08-09
119865,Tata Treasury Advantage Fund - Direct Plan - Weekly Dividend,INF277K019B1,INF277K010C8,1008.2419,1008.2419,1008.2419,2017-08-09
103159,Tata Treasury Advantage Fund - Regular Plan  - Growth,INF277K01MA9,,2531.3984,2531.3984,2531.3984,2017-08-09
103158,Tata Treasury Advantage Fund -Regular Plan - Weekly Dividend,INF277K01MD3,INF277K01MB7,1008.2364,1008.2364,1008.2364,2017-08-09
103160,Tata Treasury Advantage Fund- Regular Plan - Daily Dividend,,INF277K01LZ8,1003.5288,1003.5288,1003.5288,2017-08-09
115464,Tata Treasury Advantage Fund - Regular Plan  - Periodic Dividend Option,INF277K01MC5,INF277K01ME1,1606.0902,1606.0902,1606.0902,2017-08-09
120738,UTI - Treasury Advantage Fund - Direct Plan - Bonus Option,INF789F01XH5,,1933.2462,1933.2462,1933.2462,2017-08-09
120737,UTI - Treasury Advantage Fund - Direct Plan - Daily Dividend Reinvestment Option,,INF789F01XE2,1002.354,1002.354,1002.354,2017-08-09
133127,UTI - Treasury Advantage Fund - Direct Plan - Flexi Dividend Option,INF789FA1O44,INF789FA1O51,1095.8602,1095.8602,1095.8602,2017-08-09
135191,UTI - Treasury Advantage Fund - Direct Plan - Fortnightly Dividend Option,INF789FA1O02,INF789FA1O10,1235.2552,1235.2552,0,2017-08-09
120735,UTI - Treasury Advantage Fund - Direct Plan - Growth Option,INF789F01XI3,,2316.9327,2316.9327,2316.9327,2017-08-09
133469,UTI - Treasury Advantage Fund - Direct Plan - Half Yearly Dividend Option,INF789FA1O28,INF789FA1O36,1099.0757,1099.0757,1099.0757,2017-08-09
120736,UTI - Treasury Advantage Fund - Direct Plan - Monthly Dividend Option,INF789F01XJ1,INF789F01XK9,1027.4816,1027.4816,1027.4816,2017-08-09
120734,UTI - Treasury Advantage Fund - Direct Plan - Quarterly Dividend Option,INF789F01XL7,INF789F01XM5,1242.1813,1242.1813,1242.1813,2017-08-09
120739,UTI - Treasury Advantage Fund - Direct Plan - Weekly Dividend Option,INF789F01XN3,INF789F01XO1,1013.5309,1013.5309,1013.5309,2017-08-09
102538,UTI - Treasury Advantage Fund - Discontinued - Annaul Dividend Option,INF789F01OK8,INF789F01OL6,2261.4706,2261.4706,0,2017-08-09
105578,UTI - Treasury Advantage Fund - Discontinued - Periodic Dividend Plan,,INF789F01349,1047.6458,1047.6458,0,2017-08-09
102541,UTI - Treasury Advantage Fund - Discontinued - Quarterly Dividend Option,INF789F01OO0,INF789F01OP7,1651.1703,1651.1703,0,2017-08-09
102539,UTI - Treasury Advantage Fund - Discontinued Bonus Option,INF789F01OM4,,2805.5594,2805.5594,0,2017-08-09
105659,UTI - Treasury Advantage Fund - Discontinued Flexi Dividend Plan,INF789F01PA6,,1086.3251,1086.3251,0,2017-08-09
102540,UTI - Treasury Advantage Fund - Discontinued Growth Option,INF789F01331,,4208.8012,4208.8012,0,2017-08-09
105670,UTI - Treasury Advantage Fund - Discontinued Monthly Dividend Option,INF789F01OY9,INF789F01OZ6,1092.4201,1092.4201,0,2017-08-09
102545,UTI - Treasury Advantage Fund - Regular Plan - Bonus Option,INF789F01OS1,,1923.4146,1923.4146,1923.4146,2017-08-09
105605,UTI - Treasury Advantage Fund - Regular Plan - Daily Dividend Reinvestment Option,,INF789F01ON2,1004.0998,1004.0998,1004.0998,2017-08-09
133130,UTI - Treasury Advantage Fund - Regular Plan - Flexi Dividend Option,INF789FA1N86,INF789FA1N94,1046.0193,1046.0193,1046.0193,2017-08-09
133733,UTI - Treasury Advantage Fund - Regular Plan - Fortnightly Dividend Option,INF789FA1N45,INF789FA1N52,1231.4364,1231.4364,1231.4364,2017-08-09
102544,UTI - Treasury Advantage Fund - Regular Plan - Growth Option,INF789F01OT9,,2301.3142,2301.3142,2301.3142,2017-08-09
136345,UTI - Treasury Advantage Fund - Regular Plan - Half Yearly Dividend Option,INF789FA1N60,INF789FA1N78,1056.9389,1056.9389,0,2017-08-09
105658,UTI - Treasury Advantage Fund - Regular Plan - Monthly Dividend Option,INF789F01OU7,INF789F01OV5,1028.5623,1028.5623,1028.5623,2017-08-09
115483,UTI - Treasury Advantage Fund - Regular Plan - Quarterly Dividend Option,INF789F01OW3,INF789F01OX1,1129.5416,1129.5416,1129.5416,2017-08-09
105627,UTI - Treasury Advantage Fund - Regular Plan - Weekly Dividend Option,INF789F01PB4,INF789F01PC2,1005.3187,1005.3187,1005.3187,2017-08-09
101973,Aditya Birla Sun Life Money Manager Fund - Daily Dividend,,INF209K01SZ6,100.0200,100.0200,100.0200,2017-08-09
119513,Aditya Birla Sun Life Money Manager Fund - Daily Dividend - Direct Plan,,INF209K01UT5,100.0200,100.0200,100.0200,2017-08-09
101976,Aditya Birla Sun Life Money Manager Fund - Growth,INF209K01RV7,,221.4176,221.4176,221.4176,2017-08-09
119511,Aditya Birla Sun Life Money Manager Fund - Growth - Direct Plan,INF209K01UU3,,222.1259,222.1259,222.1259,2017-08-09
101972,Aditya Birla Sun Life Money Manager Fund - Retail Daily Dividend,,INF209K01JZ5,100.0150,100.0150,100.0150,2017-08-09
101971,Aditya Birla Sun Life Money Manager Fund - Retail Growth,INF209K01MJ3,,272.8604,272.8604,272.8604,2017-08-09
101970,Aditya Birla Sun Life Money Manager Fund - Retail Weekly Dividend,,INF209K01JY8,103.8390,103.8390,103.8390,2017-08-09
101974,Aditya Birla Sun Life Money Manager Fund - Weekly Dividend,,INF209K01SY9,100.1667,100.1667,100.1667,2017-08-09
119512,Aditya Birla Sun Life Money Manager Fund - Weekly Dividend - Direct Plan,INF209K01UV1,INF209KA1LM3,100.1682,100.1682,100.1682,2017-08-09
123288,DSP Savings Fund - Direct Plan - Daily Dividend,,INF740KA1PB3,10.0400,10.0400,10.0400,2017-08-09
119108,DSP Savings Fund - Direct Plan - Dividend,INF740K01NV0,INF740K01NX6,11.9432,11.9432,11.9432,2017-08-09
119106,DSP Savings Fund - Direct Plan - Growth,INF740K01NU2,,33.1324,33.1324,33.1324,2017-08-09
119107,DSP Savings Fund - Direct Plan - Monthly Dividend,INF740K01NT4,INF740K01NW8,10.5999,10.5999,10.5999,2017-08-09
123287,DSP Savings Fund - Regular Plan - Daily Dividend,,INF740KA1PC1,10.0564,10.0564,10.0564,2017-08-09
100088,DSP Savings Fund - Regular Plan - Dividend,INF740K01706,INF740K01AJ2,11.9128,11.9128,11.9128,2017-08-09
100087,DSP Savings Fund - Regular Plan - Growth,INF740K01714,,32.7586,32.7586,32.7586,2017-08-09
100089,DSP Savings Fund - Regular Plan - Monthly Dividend,INF740K01722,INF740K01AK0,10.5784,10.5784,10.5784,2017-08-09
139306,DSP Savings Fund - Unclaimed Dividend - Beyond 3 years,,,10.0000,10.0000,10.0000,2017-08-09
139305,DSP Savings Fund - Unclaimed Dividend - Upto 3 years,,,10.8448,10.8448,10.8448,2017-08-09
139304,DSP Savings Fund - Unclaimed Redemption - Beyond 3 years,,,10.0000,10.0000,10.0000,2017-08-09
139303,DSP Savings Fund - Unclaimed Redemption - Upto 3 years,,,10.8448,10.8448,10.8448,2017-08-09
140235,Edelweiss Money Market Fund - Direct Plan - Dividend Option,INF843K01CF8,INF843K01CG6,17.4997,17.4997,17.4997,2017-08-09
140237,Edelweiss Money Market Fund - Direct Plan - Growth Option,INF843K01CE1,,18.7642,18.7642,18.7642,2017-08-09
140231,Edelweiss Money Market Fund - Institutional Plan - Dividend Option,INF843K01385,INF843K01393,15.3254,15.3254,15.3254,2017-08-09
140230,Edelweiss Money Market Fund - Institutional Plan - Growth Option,INF843K01377,,15.3522,15.3522,15.3522,2017-08-09
140232,Edelweiss Money Market Fund - Regular Plan - Dividend Option,INF843K01351,INF843K01369,16.9128,16.9128,16.9128,2017-08-09
140229,Edelweiss Money Market Fund - Regular Plan - Growth Option,INF843K01344,,17.9814,17.9814,17.9814,2017-08-09
122443,Franklin India Savings Fund - Daily Dividend option,,INF090I01KM9,10.0256,10.0256,10.0256,2017-08-09
122444,Franklin India Savings Fund - Daily Dividend option - Direct,,INF090I01KN7,10.0009,10.0009,10.0009,2017-08-09
118506,Franklin India Savings Fund - Direct - Growth,INF090I01GV8,,31.1221,31.1221,31.1221,2017-08-09
129437,Franklin India Savings Fund - Direct - Monthly Dividend,INF090I01LC8,INF090I01LD6,10.3803,10.3803,10.3803,2017-08-09
118505,Franklin India Savings Fund - Direct - Quarterly Dividend,INF090I01GT2,INF090I01GU0,11.3648,11.3648,11.3648,2017-08-09
101356,Franklin India Savings Fund - Dividend Option,INF090I01BZ0,INF090I01BY3,11.1156,11.1156,11.1156,2017-08-09
101357,Franklin India Savings Fund - Growth Option,INF090I01CA1,,30.5166,30.5166,30.5166,2017-08-09
101359,Franklin India Savings Fund - Institutional Option - Dividend,INF090I01BW7,INF090I01BV9,10.3679,10.3679,10.3679,2017-08-09
129436,Franklin India Savings Fund - Monthly Dividend,INF090I01LA2,INF090I01LB0,10.1655,10.1655,10.1655,2017-08-09
101994,HDFC Money Market Fund - Daily Dividend Option,,INF179KB1IG6,1063.6400,1063.6400,1063.6400,2017-08-09
119093,HDFC Money Market Fund - Daily Dividend Option - Direct Plan,,INF179KB1HZ8,1063.6400,1063.6400,1063.6400,2017-08-09
119092,HDFC Money Market Fund - Direct Plan - Growth Option,INF179KB1HU9,,3475.9185,3475.9185,3475.9185,2017-08-09
119094,HDFC Money Market Fund - Direct Plan - Weekly Dividend Option,,INF179KB1IA9,1063.3904,1063.3904,1063.3904,2017-08-09
101993,HDFC Money Market Fund - Growth Option,INF179KB1HR5,,3456.4255,3456.4255,3456.4255,2017-08-09
101995,HDFC Money Market Fund - Weekly Dividend Option,INF179KB1IH4,INF179KB1II2,1063.3595,1063.3595,1063.3595,2017-08-09
130946,ICICI Prudential Money Market Fund - Direct Plan Bonus,INF109KA1H85,,123.8961,123.8961,123.8961,2017-08-09
115328,ICICI Prudential Money Market Fund Dividend,INF109K01I72,,100.1098,100.1098,100.1098,2017-08-09
120209,ICICI Prudential Money Market Fund Option - Direct Plan -  Daily Dividend,,INF109K01R22,100.1435,100.1435,100.1435,2017-08-09
120216,ICICI Prudential Money Market Fund Option - Direct Plan -  Dividend Others,INF109K01R30,,117.2865,117.2865,117.2865,2017-08-09
120210,ICICI Prudential Money Market Fund Option - Direct Plan -  Fortnightly Dividend,INF109K01R55,,100.8261,100.8261,100.8261,2017-08-09
120211,ICICI Prudential Money Market Fund Option - Direct Plan -  Growth,INF109K01R14,,230.3857,230.3857,230.3857,2017-08-09
120213,ICICI Prudential Money Market Fund Option - Direct Plan -  Monthly Dividend,INF109K01R63,INF109K01R71,100.6089,100.6089,100.6089,2017-08-09
120212,ICICI Prudential Money Market Fund Option - Direct Plan -  Weekly Dividend,INF109K01R89,,100.4477,100.4477,100.4477,2017-08-09
101221,ICICI Prudential Money Market Fund Retail Growth (erstwhile Cash Option),INF109K01TW3,,254.4770,254.4770,254.4770,2017-08-09
103634,ICICI Prudential Money Market Fund Option - Daily Dividend,INF109K01TY9,,100.1295,100.1295,100.1295,2017-08-09
130013,ICICI Prudential Money Market Fund Option - Dividend Others,INF109K01I64,,117.0929,117.0929,117.0929,2017-08-09
103633,ICICI Prudential Money Market Fund Option - Growth,INF109K01TX1,,229.6461,229.6461,229.6461,2017-08-09
103637,ICICI Prudential Money Market Fund Option - Monthly Dividend,INF109K01UC3,INF109K01UB5,100.4577,100.4577,100.4577,2017-08-09
103635,ICICI Prudential Money Market Fund Option - Weekly Dividend,INF109K01TZ6,,100.1018,100.1018,100.1018,2017-08-09
103636,ICICI Prudential Money Market Fund Option -Fortnightly Dividend,INF109K01UA7,,100.4359,100.4359,100.4359,2017-08-09
108757,IDFC-Money Manager Fund - Regular Plan-Monthly Dividend,INF194K01LO9,INF194K01LN1,10.2768,10.2768,10.2768,2017-08-09
108756,IDFC-Money Manager Fund - Regular Plan- Growth,INF194K01LJ9,,26.1600,26.1600,26.1600,2017-08-09
108650,IDFC-Money Manager Fund - Regular Plan- Daily Dividend,INF194K01LL5,INF194K01LK7,10.0994,10.0994,10.0994,2017-08-09
131388,IDFC MMF -Direct Plan_Periodic Dividend,INF194KA1TJ9,INF194KA1TK7,12.5894,12.5894,12.5894,2017-08-09
118383,IDFC Money Manager Fund - Direct Plan-Daily Dividend,,INF194K01M98,10.0994,10.0994,10.0994,2017-08-09
118384,IDFC Money Manager Fund - Direct Plan-Growth,INF194K01M80,,26.9113,26.9113,26.9113,2017-08-09
118385,IDFC Money Manager Fund - Direct Plan-Monthly Dividend,INF194K01N22,INF194K01N14,10.2143,10.2143,10.2143,2017-08-09
118386,IDFC Money Manager Fund - Direct Plan-Weekly Dividend,,INF194K01N48,10.1054,10.1054,10.1054,2017-08-09
131389,IDFC Money Manager Fund - Regular Plan_Periodic Dividend,INF194KA1TG5,INF194KA1TH3,12.5709,12.5709,12.5709,2017-08-09
108701,IDFC-Money Manager Fund - Regular Plan-Weekly Dividend,INF194K01LR2,INF194K01LQ4,10.1273,10.1273,10.1273,2017-08-09
115515,Invesco India Money Market Fund - Daily Dividend,,INF205K01RU7,1000.29,1000.29,1000.29,2017-08-09
120506,Invesco India Money Market Fund - Direct Plan - Daily Dividend,,INF205K01RV5,1000.29,1000.29,1000.29,2017-08-09
120508,Invesco India Money Market Fund - Direct Plan - Discretionary Dividend,INF205K01RW3,INF205K01RX1,1722.1593,1722.1593,1722.1593,2017-08-09
120507,Invesco India Money Market Fund - Direct Plan - Growth,INF205K01RY9,,1922.6407,1922.6407,1922.6407,2017-08-09
120509,Invesco India Money Market Fund - Direct Plan - Monthly Dividend,INF205K01RZ6,INF205K01SA7,1020.0266,1020.0266,1020.0266,2017-08-09
116653,Invesco India Money Market Fund - Discretionary Dividend,INF205K01SB5,INF205K01SC3,1902.7557,1902.7557,1902.7557,2017-08-09
112123,Invesco India Money Market Fund - Growth,INF205K01SD1,,1900.2682,1900.2682,1900.2682,2017-08-09
112125,Invesco India Money Market Fund - Monthly Dividend,INF205K01SE9,INF205K01SF6,1019.9428,1019.9428,1019.9428,2017-08-09
112120,Invesco India Money Market Fund - Regular - Growth,INF205K01SG4,,1779.8373,1779.8373,1779.8373,2017-08-09
112122,Invesco India Money Market Fund - Regular - Monthly Dividend,INF205K01SH2,INF205K01SI0,1056.8373,1056.8373,1056.8373,2017-08-09
116488,Invesco India Money Market Fund - Regular Plan - Daily Dividend,,INF205K01UW7,1002,1002,1002,2017-08-09
106842,Kotak Money Market Scheme - (Daily Dividend),INF174K01ND0,,1011.62,1011.62,1011.62,2017-08-09
119745,Kotak Money Market Scheme - (Daily Dividend) - Direct,INF174K01MZ5,,1011.62,1011.62,1011.62,2017-08-09
101893,Kotak Money Market Scheme - (Growth),INF174K01NA6,,2726.6633,2726.6633,2726.6633,2017-08-09
119746,Kotak Money Market Scheme - (Growth) - Direct,INF174K01MW2,,2732.8588,2732.8588,2732.8588,2017-08-09
101892,Kotak Money market Scheme - (Monthly Dividend),INF174K018O0,INF174K01NB4,1006.3421,1006.3421,1006.3421,2017-08-09
119747,Kotak Money Market Scheme - (Monthly Dividend) - Direct,INF174K019O8,INF174K01MX0,1011.7099,1011.7099,1011.7099,2017-08-09
101894,Kotak Money Market Scheme - (Weekly Dividend),INF174K01NC2,,1012.3255,1012.3255,1012.3255,2017-08-09
119748,Kotak Money Market Scheme - (Weekly Dividend) - Direct,INF174K01MY8,,1021.9897,1021.9897,1021.9897,2017-08-09
119432,L&T Money Market Fund - Direct Plan - Daily Dividend,,INF917K01FD8,10.8591,10.8591,10.8591,2017-08-09
119430,L&T Money Market Fund - Direct Plan - Weekly Dividend,,INF917K01FH9,13.0254,13.0254,13.0254,2017-08-09
114217,L&T Money Market Fund - Regular Plan - Daily Dividend,,INF917K01AY5,10.8591,10.8591,10.8591,2017-08-09
114216,L&T Money Market Fund - Regular Plan - Growth,INF917K01BC9,,16.4616,16.4616,16.4616,2017-08-09
114219,L&T Money Market Fund - Regular Plan - Monthly Dividend,INF917K01BB1,INF917K01BA3,11.4349,11.4349,11.4349,2017-08-09
114218,L&T Money Market Fund - Regular Plan - Weekly Dividend,,INF917K01AZ2,12.9957,12.9957,12.9957,2017-08-09
119431,L&T Money Market Fund -Direct Plan- Growth,INF917K01FE6,,16.7082,16.7082,16.7082,2017-08-09
119429,L&T Money Market Fund -Direct Plan- Monthly Dividend,INF917K01FF3,,11.6609,11.6609,11.6609,2017-08-09
118718,Nippon India Money Market Fund - Direct Plan Daily Dividend Reinvestment Option,,INF204K01ZN8,1000.5100,1000.5100,1000.5100,2017-08-09
118715,Nippon India Money Market Fund - Direct Plan Growth Plan - Bonus Option,INF204K01G11,,1475.3982,1475.3982,1475.3982,2017-08-09
118719,Nippon India Money Market Fund - Direct Plan Growth Plan - Growth Option,INF204K01ZP3,,2509.0854,2509.0854,2509.0854,2017-08-09
118720,Nippon India Money Market Fund - Direct Plan Monthly Dividend Plan,INF204K01ZQ1,INF204K01ZR9,1004.5433,1004.5433,1004.5433,2017-08-09
118716,Nippon India Money Market Fund - Direct Plan Quarterly Dividend Plan,INF204K01ZS7,INF204K01ZT5,1012.1983,1012.1983,1012.1983,2017-08-09
118717,Nippon India Money Market Fund - Direct Plan Weekly Dividend Reinvestment Option,,INF204K01ZO6,1001.4968,1001.4968,1001.4968,2017-08-09
103050,Nippon India Money Market Fund-Dividend Plan-Daily Dividend Reinvestment Option,,INF204K01UY6,1000.5100,1000.5100,1000.5100,2017-08-09
103052,Nippon India Money Market Fund-Dividend Plan-Monthly Dividend Plan,INF204K01VB2,INF204K01VC0,1004.4892,1004.4892,1004.4892,2017-08-09
112341,Nippon India Money Market Fund-Dividend Plan-Quarterly Dividend Plan,INF204K01VD8,INF204K01VE6,1012.3031,1012.3031,1012.3031,2017-08-09
103051,Nippon India Money Market Fund-Dividend Plan-Weekly Dividend Reinvesment Option,,INF204K01UZ3,1001.4733,1001.4733,1001.4733,2017-08-09
103049,Nippon India Money Market Fund-Growth Plan-Bonus Option,INF204K01UX8,,1469.5626,1469.5626,1469.5626,2017-08-09
103048,Nippon India Money Market Fund-Growth Plan-Growth Option,INF204K01VA4,,2498.9828,2498.9828,2498.9828,2017-08-09
103465,Quant Money Market Fund-Dividend Option,INF966L01382,INF966L01390,14.6606,14.6606,14.6606,2017-08-09
120844,Quant Money Market Fund-Dividend Option-Direct Plan,INF966L01929,INF966L01937,14.6720,14.6720,14.6720,2017-08-09
103464,Quant Money Market Fund-Growth Option,INF966L01408,,25.9406,25.9406,25.9406,2017-08-09
120845,Quant Money Market Fund-Growth Option-Direct Plan,INF966L01945,,26.0831,26.0831,26.0831,2017-08-09
119822,SBI  SAVINGS FUND - DIRECT PLAN - DAILY DIVIDEND,,INF200K01SW2,10.0845,10.0744,10.0845,2017-08-09
119820,SBI  SAVINGS FUND - DIRECT PLAN - DIVIDEND,INF200K01SX0,INF200K01SY8,11.9350,11.9231,11.9350,2017-08-09
119821,SBI  SAVINGS FUND - DIRECT PLAN - GROWTH,INF200K01SZ5,,26.6814,26.6547,26.6814,2017-08-09
119823,SBI  SAVINGS FUND - DIRECT PLAN - WEEKLY DIVIDEND,INF200K01TA6,INF200K01TB4,11.6243,11.6127,11.6243,2017-08-09
102504,SBI  SAVINGS FUND - REGULAR PLAN - DIVIDEND,INF200K01644,,11.6216,11.6100,11.6216,2017-08-09
102503,SBI  SAVINGS FUND - REGULAR PLAN - GROWTH,INF200K01636,,25.9938,25.9678,25.9938,2017-08-09
102860,SBI  SAVINGS FUND - REGULAR PLAN - WEEKLY  DIVIDEND,INF200K01669,INF200K01677,11.5341,11.5226,11.5341,2017-08-09
114348,SBI SAVINGS FUND - REGULAR PLAN - DAILY DIVIDEND,,INF200K01651,10.0816,10.0715,10.0816,2017-08-09
101847,Tata Money Market Fund-Regular Plan  -  Growth,INF277K01LQ7,,3060.1756,3060.1756,3060.1756,2017-08-09
119423,Tata Liquid Fund- Direct Plan- Monthly Dividend,INF277K01PS4,INF277K01PT2,1002.3216,1002.3216,1002.3216,2017-08-09
119422,Tata Liquid Fund- Direct Plan- Weekly Dividend,INF277K013C2,,1000.8594,1000.8594,1000.8594,2017-08-09
119424,Tata Money Market Fund- Direct Plan- Growth,INF277K01PR6,,3070.6369,3070.6369,3070.6369,2017-08-09
119421,Tata Money Market Fund- Direct Plan-Daily Dividend,,INF277K011C6,1114.5200,1114.5200,1114.5200,2017-08-09
101986,Tata Money Market Fund-Regular Plan  -  Daily Dividend,,INF277K014C0,1114.5200,1114.5200,1114.5200,2017-08-09
134973,UTI MMF - Direct Plan - Annual Dividend Option,INF789FA1N03,INF789FA1N11,1108.7226,1108.7226,0,2017-08-09
120772,UTI MMF - Direct Plan - Daily Dividend Reinvestment Option,,INF789F01XU8,1003.3854,1003.3854,1003.3854,2017-08-09
135606,UTI MMF - Direct Plan - Fortnightly Div Option,INF789FA1M20,INF789FA1M38,1150.7983,1150.7983,0,2017-08-09
120299,UTI MMF - Direct Plan - Growth Option,INF789F01XV6,,1867.9781,1867.9781,1867.9781,2017-08-09
133387,UTI MMF - Direct Plan - Monthly Dividend Option,INF789FA1M46,INF789FA1M53,1084.2219,1084.2219,1084.2219,2017-08-09
120793,UTI MMF - Direct Plan - Weekly Dividend Option,INF789F01XW4,INF789F01XX2,1014.4828,1014.4828,1014.4828,2017-08-09
134972,UTI MMF - Regular Plan - Annual Dividend Option,INF789FA1L88,INF789FA1L96,1107.6838,1107.6838,0,2017-08-09
112076,UTI MMF - Regular Plan - Daily Dividend Reinvestment Option,,INF789F01PW0,1003.3854,1003.3854,1003.3854,2017-08-09
135371,UTI MMF - Regular Plan - Fortnightly Dividend Option,INF789FA1L05,INF789FA1L13,1067.879,1067.879,0,2017-08-09
112077,UTI MMF - Regular Plan - Growth Option,INF789F01PX8,,1859.7119,1859.7119,1859.7119,2017-08-09
134763,UTI MMF - Regular Plan - Half Yearly Dividend Option,INF789FA1L62,INF789FA1L70,1045.1129,1045.1129,0,2017-08-09
133484,UTI MMF - Regular Plan - Monthly Dividend Option,INF789FA1L21,INF789FA1L39,1038.4653,1038.4653,1038.4653,2017-08-09
112635,UTI MMF - Regular Plan - Weekly Dividend Option,INF789F01PY6,INF789F01PZ3,1014.4794,1014.4794,1014.4794,2017-08-09
100724,UTI MMF- Discontinued - Regular Plan - Flexi Dividend Option,,INF789F01BD0,2405.0034,2405.0034,0,2017-08-09
100725,UTI MMF- Discontinued - Regular Plan - Periodic Dividend Option,INF789F01BE8,,1989.3806,1989.3806,0,2017-08-09
100723,UTI MMF-Discontinued - Regular Plan -Growth,INF789F01BF5,,4457.0609,4457.0609,0,2017-08-09
119496,Aditya Birla Sun Life Short Term Fund - Dividend - Direct Plan,INF209K01R96,INF209K01XL6,17.2303,17.1441,17.2303,2017-08-09
101843,Aditya Birla Sun Life Short Term Fund - Dividend - Regular Plan,INF209K01975,INF209K01DK0,16.7997,16.7157,16.7997,2017-08-09
119498,Aditya Birla Sun Life Short Term Fund - Growth - Direct Plan,INF209K01XK8,,28.8320,28.6878,28.8320,2017-08-09
101844,Aditya Birla Sun Life Short Term Fund - Growth - Regular Plan,INF209K01942,,28.0950,27.9545,28.0950,2017-08-09
119497,Aditya Birla Sun Life Short Term Fund - Quarterly Dividend - Direct Plan,INF209KA1KQ6,INF209KA1KR4,10.6663,10.6130,10.6663,2017-08-09
112356,Aditya Birla Sun Life Short Term Fund - Quarterly Dividend - Regular Plan,INF209K01BU3,,10.4180,10.3659,10.4180,2017-08-09
120510,Axis Short Term Fund - Direct Plan - Growth Option,INF846K01EI1,,19.0001,19.0001,19.0001,2017-08-09
120511,Axis Short Term Fund - Direct Plan - Monthly Dividend Option,INF846K01EJ9,INF846K01EK7,10.1236,10.1236,10.1236,2017-08-09
133894,Axis Short Term Fund - Direct Plan - Regular Dividend Option,INF846K01RH5,INF846K01RI3,11.5750,11.5750,11.5750,2017-08-09
120512,Axis Short Term Fund - Direct Plan - Weekly Dividend Option,INF846K01EL5,INF846K01EM3,10.2493,10.2493,10.2493,2017-08-09
128950,Axis Short Term Fund - Regular Plan - Bonus Option,INF846K01NS1,,18.4182,18.4182,18.4182,2017-08-09
112354,Axis Short Term Fund - Regular Plan - Growth Option,INF846K01644,,18.3134,18.3134,18.3134,2017-08-09
112355,Axis Short Term Fund - Regular Plan - Monthly Dividend Option,INF846K01651,INF846K01669,10.2704,10.2704,10.2704,2017-08-09
133895,Axis Short Term Fund - Regular Plan - Regular Dividend Option,INF846K01RJ1,INF846K01RK9,12.2513,12.2513,12.2513,2017-08-09
112369,Axis Short Term Fund - Regular Plan - Weekly Dividend Option,INF846K01677,INF846K01685,10.2491,10.2491,10.2491,2017-08-09
112721,Axis Short Term Fund - Retail Plan - Growth Option,INF846K01594,,18.1068,18.1068,18.1068,2017-08-09
112723,Axis Short Term Fund - Retail Plan - Monthly Dividend Option,INF846K01602,INF846K01610,10.1192,10.1192,10.1192,2017-08-09
112722,Axis Short Term Fund - Retail Plan - Weekly Dividend Option,INF846K01628,INF846K01636,10.1575,10.1575,10.1575,2017-08-09
119399,Baroda Short Term Bond Fund  - Plan B (Direct) - Monthly Dividend Option,INF955L01BB9,,10.0756,10.0655,10.0756,2017-08-09
113037,Baroda Short Term Bond Fund - Plan A -  Monthly Dividend Option,INF955L01138,INF955L01146,10.1062,10.0961,10.1062,2017-08-09
113036,Baroda Short Term Bond Fund - Plan A - Growth Option,INF955L01153,,17.7649,17.7471,17.7649,2017-08-09
140465,Baroda Short Term Bond Fund - Plan A - Quarterly Dividend Payout,INF955L01GS2,,10.2478,10.2376,10.2478,2017-08-09
119400,Baroda Short Term Bond Fund - Plan B (Direct) - Growth Option,INF955L01BD5,,18.2590,18.2407,18.2590,2017-08-09
140463,Baroda Short Term Bond Fund - Plan B - (Direct) - Quarterly Dividend Payout,INF955L01GU8,,10.2622,10.2519,10.2622,2017-08-09
117956,BNP PARIBAS SHORT TERM  FUND  DAILY DIVIDEND OPTION,,INF251K01CY5,10.0324,10.0324,10.0324,2017-08-09
117955,BNP PARIBAS SHORT TERM  FUND  MONTHLY DIVIDEND OPTION,INF251K01DA3,INF251K01DB1,10.0582,10.0582,10.0582,2017-08-09
120135,BNP Paribas Short Term  Fund - Direct Plan - Daily Dividend Option,,INF251K01GD0,10.0555,10.0555,10.0555,2017-08-09
120131,BNP Paribas Short Term  Fund - Direct Plan - Growth Option,INF251K01GC2,,19.6905,19.6905,19.6905,2017-08-09
120133,BNP Paribas Short Term  Fund - Direct Plan - Quarterly Dividend Option,INF251K01GH1,INF251K01GI9,10.2049,10.2049,10.2049,2017-08-09
117953,BNP PARIBAS SHORT TERM FUND  GROWTH OPTION,INF251K01CX7,,19.2298,19.2298,19.2298,2017-08-09
117952,BNP PARIBAS SHORT TERM FUND  QUARTERLY DIVIDEND OPTION,INF251K01DC9,INF251K01DD7,10.1523,10.1523,10.1523,2017-08-09
117954,BNP PARIBAS SHORT TERM FUND  WEEKLY DIVIDEND OPTION,,INF251K01CZ2,10.0529,10.0529,10.0529,2017-08-09
120132,BNP Paribas Short Term Fund - Direct Plan - Monthly Dividend Option,INF251K01GF5,INF251K01GG3,10.0596,10.0596,10.0596,2017-08-09
120134,BNP Paribas Short Term Fund - Direct Plan - Weekly Dividend Option,,INF251K01GE8,10.0000,10.0000,10.0000,2017-08-09
113547,BNP PARIBAS Short Term Fund-Regular Plan-Growth Option,INF251K01CR9,,25.8446,25.8446,25.8446,2017-08-09
113548,BNP PARIBAS Short Term Fund-Regular Plan-Monthly Dividend Option,INF251K01CT5,INF251K01CU3,10.0584,10.0584,10.0584,2017-08-09
113557,BNP PARIBAS Short Term Fund-Regular Plan-Quarterly Dividend Option,INF251K01CV1,INF251K01CW9,10.1529,10.1529,10.1529,2017-08-09
113549,BNP PARIBAS Short Term Fund-Regular Plan-Weekly Dividend Option,,INF251K01CS7,10.0456,10.0456,10.0456,2017-08-09
119382,BOI AXA Short Term Income Fund-Direct Plan- Growth,INF761K01736,,19.2504,19.1541,19.2504,2017-08-09
119383,BOI AXA Short Term Income Fund-Direct Plan- Monthly Dividend,INF761K01751,INF761K01744,10.4548,10.4025,10.4548,2017-08-09
119384,BOI AXA Short Term Income Fund-Direct Plan- Quarterly Dividend,INF761K01777,INF761K01769,10.4684,10.4161,10.4684,2017-08-09
111585,BOI AXA Short Term Income Fund-Regular Plan- Growth,INF761K01579,,18.4359,18.3437,18.4359,2017-08-09
111589,BOI AXA Short Term Income Fund-Regular Plan- Monthly Dividend,INF761K01595,INF761K01587,10.4232,10.3711,10.4232,2017-08-09
111590,BOI AXA Short Term Income Fund-Regular Plan- Quarterly Dividend,INF761K01611,INF761K01603,10.2920,10.2405,10.2920,2017-08-09
118320,Canara Robeco Short Duration Fund - Direct Plan - Growth,INF760K01DX5,,16.6066,16.6066,16.6066,2017-08-09
118321,Canara Robeco Short Duration Fund - Direct Plan - Monthly Dividend,INF760K01DV9,INF760K01DW7,15.4333,15.4333,15.4333,2017-08-09
118322,Canara Robeco Short Duration Fund - Direct Plan - Quarterly Dividend,INF760K01DY3,INF760K01DZ0,15.4384,15.4384,15.4384,2017-08-09
115077,Canara Robeco Short Duration Fund - Regular Plan - Growth,INF760K01BM2,,16.0214,16.0214,16.0214,2017-08-09
115078,Canara Robeco Short Duration Fund - Regular Plan - Monthly Dividend,INF760K01BO8,INF760K01BN0,14.5859,14.5859,14.5859,2017-08-09
115079,Canara Robeco Short Duration Fund - Regular Plan - Quarterly Dividend,INF760K01BQ3,INF760K01BP5,14.8599,14.8599,14.8599,2017-08-09
119222,DSP Short Term Fund - Direct Plan - Dividend,INF740K01NK3,INF740K01NN7,11.8178,11.8178,11.8178,2017-08-09
119226,DSP Short Term Fund - Direct Plan - Growth,INF740K01NJ5,,29.6931,29.6931,29.6931,2017-08-09
119224,DSP Short Term Fund - Direct Plan - Monthly Dividend,INF740K01NL1,INF740K01NM9,11.3259,11.3259,11.3259,2017-08-09
119223,DSP Short Term Fund - Direct Plan - Weekly Dividend,INF740KA1PD9,INF740KA1PE7,10.1909,10.1909,10.1909,2017-08-09
101306,DSP Short Term Fund - Monthly Dividend,INF740K01664,INF740K01AG8,11.2905,11.2905,11.2905,2017-08-09
101305,DSP Short Term Fund - Regular Plan - Dividend,INF740K01649,INF740K01AF0,11.8507,11.8507,11.8507,2017-08-09
101304,DSP Short Term Fund - Regular Plan - Growth,INF740K01656,,28.7891,28.7891,28.7891,2017-08-09
101303,DSP Short Term Fund - Regular Plan - Regular Plan - Weekly Dividend,INF740KA1PF4,,10.1897,10.1897,10.1897,2017-08-09
140251,Edelweiss Short Term Fund - Direct Plan -  Growth Option,INF843K01BX3,,15.3844,15.3844,15.3844,2017-08-09
140252,Edelweiss Short Term Fund - Direct Plan - Monthly Dividend Option,INF843K01CD3,INF843K01CC5,9.8166,9.8166,9.8166,2017-08-09
140248,Edelweiss Short Term Fund - Regular Plan - Dividend Option,INF843K01971,INF843K01989,12.2179,12.2179,12.2179,2017-08-09
140246,Edelweiss Short Term Fund - Regular Plan - Fortnightly Dividend Option,INF843K01401,,9.7833,9.7833,9.7833,2017-08-09
140244,Edelweiss Short Term Fund - Regular Plan - Growth Option,INF843K01419,,15.1672,15.1672,15.1672,2017-08-09
140247,Edelweiss Short Term Fund - Regular Plan - Monthly Dividend Option,INF843K01435,INF843K01427,9.7314,9.7314,9.7314,2017-08-09
140245,Edelweiss Short Term Fund - Regular Plan - Weekly Dividend Option,INF843K01443,,9.7359,9.7359,9.7359,2017-08-09
128298,Essel Short Term Fund- Bonus,,INF959L01BS5,13.7801,13.7801,13.7801,2017-08-09
128297,Essel Short Term Fund- Direct - Bonus,,INF959L01BR7,19.1597,19.1597,19.1597,2017-08-09
119169,Essel Short Term Fund-Direct Plan-Dividend Option-Monthly Dividend,INF959L01791,INF959L01809,11.0458,11.0458,11.0458,2017-08-09
119170,Essel Short Term Fund-Direct Plan-Dividend Option-Quarterly Dividend,INF959L01817,INF959L01825,11.3999,11.3999,11.3999,2017-08-09
119168,Essel Short Term Fund-Direct Plan-Growth Option,INF959L01783,,19.1333,19.1333,19.1333,2017-08-09
113173,Essel Short Term Fund-Dividend Option-Monthly Dividend,INF959L01148,INF959L01155,10.6508,10.6508,10.6508,2017-08-09
113211,Essel Short Term Fund-Dividend Option-Quarterly Dividend,INF959L01163,INF959L01171,10.9276,10.9276,10.9276,2017-08-09
113172,Essel Short Term Fund-Growth,INF959L01189,,18.3856,18.3856,18.3856,2017-08-09
118565,Franklin India SHORT TERM INCOME PLAN - Direct - GROWTH,INF090I01GK1,,3651.7512,3633.4924,3651.7512,2017-08-09
118566,Franklin India SHORT TERM INCOME PLAN - Direct - QUARTERLY DIVIDEND,INF090I01GL9,INF090I01GM7,1327.0566,1320.4213,1327.0566,2017-08-09
118567,Franklin India SHORT TERM INCOME Retail  Plan - Direct - MONTHLY DIVIDEND,INF090I01GN5,INF090I01GO3,1279.5637,1273.1659,1279.5637,2017-08-09
118568,Franklin India SHORT TERM INCOME Retail  Plan - Direct - WEEKLY DIVIDEND,,INF090I01GP0,1099.3201,1093.8235,1099.3201,2017-08-09
101232,Franklin India Short-Term Income Plan-Growth,INF090I01304,,3521.5965,3503.9885,3521.5965,2017-08-09
101244,Franklin India Short-Term Income Plan-Institutional Plan - Growth,INF090I01361,,2889.1475,2874.7018,2889.1475,2017-08-09
101246,Franklin India Short-Term Income Plan-Institutional Plan - Monthly Dividend,INF090I01387,INF090I01395,1320.3877,1313.7858,1320.3877,2017-08-09
101236,Franklin India Short-Term Income Plan-Monthly Dividend,INF090I01338,INF090I01346,1229.3638,1223.2170,1229.3638,2017-08-09
101238,Franklin India Short-Term Income Plan-Quarterly Dividend,INF090I01312,INF090I01320,1273.6020,1267.2340,1273.6020,2017-08-09
101242,Franklin India Short-Term Income Plan-Weekly Dividend,,INF090I01353,1096.9828,1091.4979,1096.9828,2017-08-09
119015,HDFC Short Term Debt Fund - Fortnightly Dividend - Direct Plan,,,10.3169,10.3169,10.3169,2017-08-09
113048,HDFC Short Term Debt Fund - Fortnightly Dividend Option,INF179K01CV4,INF179K01CW2,10.2561,10.2561,10.2561,2017-08-09
113047,HDFC Short Term Debt Fund - Growth Option,INF179K01CU6,,18.5252,18.5252,18.5252,2017-08-09
119016,HDFC Short Term Debt Fund - Growth Option - Direct Plan,INF179K01YM7,,18.6512,18.6512,18.6512,2017-08-09
133367,HDFC Short Term Debt Fund - Normal Dividend - Direct Plan,INF179KA1Q53,,12.4685,12.4685,12.4685,2017-08-09
133368,HDFC Short Term Debt Fund - Normal Dividend Option,INF179KA1Q79,,12.4557,12.4557,12.4557,2017-08-09
120061,HSBC Short Duration Fund  -Weekly Dividend Direct,,INF336L01DN3,10.2194,10.2194,10.2194,2017-08-09
101600,HSBC Short Duration Fund - Dividend,INF336L01990,INF336L01AA6,11.2385,11.2385,11.2385,2017-08-09
104429,HSBC Short Duration Fund - Dividend - Weekly,,INF336L01982,10.1951,10.1951,10.1951,2017-08-09
120060,HSBC Short Duration Fund - Dividend Direct,INF336L01DM5,INF336L01EQ4,11.6438,11.6438,11.6438,2017-08-09
101599,HSBC Short Duration Fund - Growth,INF336L01917,,27.6834,27.6834,27.6834,2017-08-09
120062,HSBC Short Duration Fund - Growth Direct,INF336L01DL7,,28.8231,28.8231,28.8231,2017-08-09
104430,HSBC Short Duration Fund - Inst. - Dividend - Weekly,,INF336L01AC2,13.3373,13.3373,13.3373,2017-08-09
139768,HSBC Short Duration Fund - Quarterly Dividend,INF336L01LF2,INF336L01LG0,10.3312,10.3312,10.3312,2017-08-09
139767,HSBC Short Duration Fund - Quarterly Dividend Direct,INF336L01LH8,INF336L01LI6,10.3477,10.3477,10.3477,2017-08-09
122674,ICICI Prudential Short Term Fund - Bonus,INF109KA1376,,35.3113,35.3113,35.3113,2017-08-09
122909,ICICI Prudential Short Term Fund - Direct Plan - Bonus,INF109KA1368,,36.3619,36.3619,36.3619,2017-08-09
120753,ICICI Prudential Short Term Fund - Direct Plan - Dividend Reinvestment Fortnightly,INF109K012N5,,12.8381,12.8381,12.8381,2017-08-09
120754,ICICI Prudential Short Term Fund - Direct Plan - Growth Option,INF109K013N3,,36.3619,36.3619,36.3619,2017-08-09
131478,ICICI Prudential Short Term Fund - Direct Plan - Half Yearly Dividend,INF109KA1X36,INF109KA1X28,13.2623,13.2623,13.2623,2017-08-09
120755,ICICI Prudential Short Term Fund - Direct Plan - Monthly Dividend,INF109K014N1,INF109K015N8,12.6942,12.6942,12.6942,2017-08-09
101758,ICICI Prudential Short Term Fund - Growth Option,INF109K01654,,35.3113,35.3113,35.3113,2017-08-09
131479,ICICI Prudential Short Term Fund - Half Yearly Dividend,INF109KA1X10,INF109KA1X02,12.6171,12.6171,12.6171,2017-08-09
101759,ICICI Prudential Short Term Fund -Dividend Reinvestment Fortnightly,INF109KB12M9,INF109K01662,12.5240,12.5240,12.5240,2017-08-09
101165,ICICI Prudential Short Term Fund - Monthly Dividend,INF109K01WL0,INF109K01647,12.3303,12.3303,12.3303,2017-08-09
101229,ICICI Prudential Short Term Fund - Institutional Plan - Dividend Monthly,INF109K01WK2,INF109K01670,12.8815,12.8815,12.8815,2017-08-09
101231,ICICI Prudential Short Term Fund-Institutional Growth,INF109K01696,,36.5208,36.5208,36.5208,2017-08-09
101230,ICICI Prudential Short Term Fund-Institutional Plan-Dividend Fortnightly,INF109K01688,,13.0275,13.0275,13.0275,2017-08-09
115005,IDBI Short Term Bond Fund Growth,INF397L01463,,16.7382,16.7382,16.7382,2017-08-09
118349,IDBI Short Term Bond Fund Growth Direct,INF397L01BG3,,17.3759,17.3759,17.3759,2017-08-09
114999,IDBI Short Term Bond Fund Monthly Dividend,INF397L01406,INF397L01414,11.5228,11.5228,11.5228,2017-08-09
118457,IDBI Short Term Bond Fund Monthly Dividend Direct,INF397L01BH1,INF397L01BI9,14.2007,14.2007,14.2007,2017-08-09
115000,IDBI Short Term Bond Fund Weekly Dividend,INF397L01430,INF397L01448,11.1498,11.1498,11.1498,2017-08-09
118458,IDBI Short Term Bond Fund Weekly Dividend Direct,INF397L01BK5,INF397L01BL3,11.9155,11.9155,11.9155,2017-08-09
118405,IDFC Bond Fund - Short Term Plan - Direct Plan-Fortnightly Dividend,INF194K01U56,INF194K01U49,10.2561,10.2561,10.2561,2017-08-09
118407,IDFC Bond Fund - Short Term Plan - Direct Plan-Growth,INF194K01U07,,35.3993,35.3993,35.3993,2017-08-09
118406,IDFC Bond Fund - Short Term Plan - Direct Plan-Monthly Dividend,INF194K01U23,INF194K01U15,10.4009,10.4009,10.4009,2017-08-09
131382,IDFC Bond Fund - Short Term Plan - Direct Plan_Periodic Dividend,INF194KA1SR4,INF194KA1SS2,12.7802,12.7802,12.7802,2017-08-09
108713,IDFC Bond Fund - Short Term Plan - Regular Plan-Fortnightly Dividend,INF194K01HK5,INF194K01HJ7,10.3307,10.3307,10.3307,2017-08-09
131383,IDFC Bond Fund - Short Term Plan - Regular Plan_Periodic Dividend,INF194KA1SO1,INF194KA1SP8,12.7487,12.7487,12.7487,2017-08-09
123706,Indiabulls Short Term Fund - Direct Plan - Fortnightly Dividend Option,INF666M01AH9,INF666M01AE6,1008.8847,1008.8847,1008.8847,2017-08-09
123704,Indiabulls Short Term Fund - Direct Plan - Growth Option,INF666M01AC0,,1459.4868,1459.4868,1459.4868,2017-08-09
123707,Indiabulls Short Term Fund - Direct Plan - Monthly Dividend Option,INF666M01AI7,INF666M01AF3,1014.1141,1014.1141,1014.1141,2017-08-09
123705,Indiabulls Short Term Fund - Direct Plan - Weekly Dividend Option,INF666M01AG1,INF666M01AD8,1006.4127,1006.4127,1006.4127,2017-08-09
123708,Indiabulls Short Term Fund - Regular Plan - Growth Option,INF666M01AJ5,,1392.2753,1392.2753,1392.2753,2017-08-09
123711,Indiabulls Short Term Fund - Regular Plan - Monthly Dividend Option,INF666M01AP2,INF666M01AM9,1015.9943,1015.9943,1015.9943,2017-08-09
123709,Indiabulls Short Term Fund - Regular Plan - Weekly Dividend Option,INF666M01AN7,INF666M01AK3,1010.4878,1010.4878,1010.4878,2017-08-09
117973,Invesco India Short Term Fund - Daily Dividend,,INF205K01UD7,1033.2818,1033.2818,1033.2818,2017-08-09
120559,Invesco India Short Term Fund - Direct Plan - Daily Dividend,,INF205K01UE5,1026.454,1026.454,1026.454,2017-08-09
120560,Invesco India Short Term Fund - Direct Plan - Growth,INF205K01UH8,,2311.2274,2311.2274,2311.2274,2017-08-09
120561,Invesco India Short Term Fund - Direct Plan - Monthly Dividend,INF205K01UI6,INF205K01UJ4,1907.2195,1907.2195,1907.2195,2017-08-09
120563,Invesco India Short Term Fund - Direct Plan -Discretionary Dividend,INF205K01UF2,INF205K01UG0,1630.807,1630.807,1630.807,2017-08-09
120562,Invesco India Short Term Fund - Direct Plan -Weekly Dividend,,INF205K01UK2,1019.1896,1019.1896,1019.1896,2017-08-09
105185,Invesco India Short Term Fund - Growth,INF205K01UN6,,2222.8358,2222.8358,2222.8358,2017-08-09
105191,Invesco India Short Term Fund - Monthly Dividend,INF205K01UO4,INF205K01UP1,1050.1665,1050.1665,1050.1665,2017-08-09
105189,Invesco India Short Term Fund - Plan B - Growth,INF205K01UR7,,2214.9463,2214.9463,2214.9463,2017-08-09
105187,Invesco India Short Term Fund - Plan B - Monthly Dividend,INF205K01US5,INF205K01UT3,1473.3448,1473.3448,1473.3448,2017-08-09
105192,Invesco India Short Term Fund - Plan B - Weekly Dividend,,INF205K01UU1,1015.6572,1015.6572,1015.6572,2017-08-09
105190,Invesco India Short Term Fund - Weekly Dividend,,INF205K01UV9,1019.1477,1019.1477,1019.1477,2017-08-09
105186,Invesco India Short Term Fund- Plan B - Daily Dividend,,INF205K01UQ9,1031.7646,1031.7646,1031.7646,2017-08-09
120469,JM Short Term Fund (Direct) - Daily Dividend Option,,INF192K01DZ6,13.0382,13.0382,13.0382,2017-08-09
120470,JM Short Term Fund (Direct) - Dividend Option,INF192K01DX1,INF192K01DY9,10.5710,10.5710,10.5710,2017-08-09
120471,JM Short Term Fund (Direct) - Growth Option,INF192K01EA7,,24.0824,24.0824,24.0824,2017-08-09
115103,JM Short Term Fund - Daily Dividend Option,,INF192K01BD7,12.6691,12.6691,12.6691,2017-08-09
101524,JM Short Term Fund - Dividend Option,INF192K01BE5,INF192K01BF2,10.5363,10.5363,10.5363,2017-08-09
101521,JM Short Term Fund - Growth Option,INF192K01BG0,,23.8045,23.8045,23.8045,2017-08-09
115090,JM Short Term Fund - Regular Plan - Daily Dividend Option,,INF192K01AZ2,12.5447,12.5447,12.5447,2017-08-09
101519,JM Short Term Fund - Regular Plan - Dividend Option,INF192K01BA3,INF192K01BB1,11.5973,11.5973,11.5973,2017-08-09
101520,JM Short Term Fund - Regular Plan - Growth Option,INF192K01BC9,,32.4770,32.4770,32.4770,2017-08-09
101372,Kotak Bond Short Term Plan-(Dividend),INF174K01EU3,INF174K01ET5,10.1666,10.1666,10.1666,2017-08-09
119738,Kotak Bond Short Term Plan-(Dividend) - Direct,INF174K01JJ5,,10.432,10.432,10.432,2017-08-09
101373,Kotak Bond Short Term Plan-(Growth),INF174K01ES7,,31.6267,31.6267,31.6267,2017-08-09
119739,Kotak Bond Short Term Plan-(Growth) - Direct,INF174K01JI7,,32.6574,32.6574,32.6574,2017-08-09
125253,Kotak Bond Short Term Plan-(Half Yearly Dividend),INF174K01YP1,INF174K01YQ9,11.6593,11.6593,11.6593,2017-08-09
125254,Kotak Bond Short Term Plan-(Half Yearly Dividend) - Direct,INF174K01YR7,INF174K01YS5,11.6873,11.6873,11.6873,2017-08-09
134419,L&T Short Term Bond Fund - Direct Plan - Annual Dividend,INF917K01VR5,INF917K01VQ7,11.7942,11.7942,11.7942,2017-08-09
119858,L&T Short Term Bond Fund - Direct Plan - Quarterly Dividend,INF917K01IS0,INF917K01IR2,11.2566,11.2566,11.2566,2017-08-09
134420,L&T Short Term Bond Fund - Regular Plan - Annual Dividend,INF917K01VT1,INF917K01VS3,11.6861,11.6861,11.6861,2017-08-09
116296,L&T Short Term Bond Fund - Regular Plan - Bonus,INF917K01CM6,,16.1183,16.1183,16.1183,2017-08-09
116299,L&T Short Term Bond Fund - Regular Plan - Growth,INF917K01CL8,,16.1183,16.1183,16.1183,2017-08-09
116297,L&T Short Term Bond Fund - Regular Plan - Monthly Dividend,INF917K01CH6,INF917K01CI4,10.937,10.937,10.937,2017-08-09
116298,L&T Short Term Bond Fund - Regular Plan - Quarterly Dividend,INF917K01CJ2,INF917K01CK0,10.8979,10.8979,10.8979,2017-08-09
119857,L&T Short Term Bond Fund -Direct Plan -  Monthly Dividend,INF917K01IP6,INF917K01IO9,11.1744,11.1744,11.1744,2017-08-09
119856,L&T Short Term Bond Fund -Direct Plan- Growth,INF917K01IQ4,,16.4434,16.4434,16.4434,2017-08-09
125269,Nippon India Short Term Fund - Direct Plan - Dividend Plan,INF204KA1ES0,INF204KA1ET8,13.2933,13.2933,13.2933,2017-08-09
118797,Nippon India Short Term Fund - Direct Plan - Monthly Dividend Plan,INF204K01B40,,11.2923,11.2923,11.2923,2017-08-09
118796,Nippon India Short Term Fund - Direct Plan Growth Plan - Growth Option,INF204K01B32,,32.7096,32.7096,32.7096,2017-08-09
118800,Nippon India Short Term Fund - Direct Plan Quarterly Dividend Plan,INF204K01B65,INF204K01B73,14.6407,14.6407,14.6407,2017-08-09
125268,Nippon India Short Term Fund - Dividend Plan,INF204KA1EQ4,INF204KA1ER2,12.9457,12.9457,12.9457,2017-08-09
101667,Nippon India Short Term Fund- Monthly Dividend Plan,INF204K01FM2,INF204K01FN0,11.1615,11.1615,11.1615,2017-08-09
101665,Nippon India Short Term Fund-Growth Plan,INF204K01FL4,,31.8295,31.8295,31.8295,2017-08-09
101669,Nippon India Short Term Fund-Quarterly Dividend Plan,INF204K01FO8,INF204K01FP5,14.4497,14.4497,14.4497,2017-08-09
138277,PGIM India Short Maturity Fund - Annual Bonus,INF223J01XB0,,20.5776,20.5776,20.5776,2017-08-09
138266,PGIM India Short Maturity Fund - Annual Dividend,INF223J01KD3,INF223J01KE1,10.7067,10.7067,10.7067,2017-08-09
138264,PGIM India Short Maturity Fund - Bonus,INF223J01DW8,,17.7676,17.7676,17.7676,2017-08-09
138276,PGIM India Short Maturity Fund - Direct Plan - Annual Bonus,INF223J01XC8,,21.3943,21.3943,21.3943,2017-08-09
138270,PGIM India Short Maturity Fund - Direct Plan - Growth,INF223J01OW5,,32.0917,32.0917,32.0917,2017-08-09
138268,PGIM India Short Maturity Fund - Direct Plan - Monthly Dividend,INF223J01OX3,INF223J01OY1,13.7777,13.7777,13.7777,2017-08-09
138271,PGIM India Short Maturity Fund - Direct Plan - Quarterly Dividend,INF223J01PB6,INF223J01PC4,11.1373,11.1373,11.1373,2017-08-09
138272,PGIM India Short Maturity Fund - Direct Plan - Weekly Dividend,INF223J01OZ8,INF223J01PA8,10.4668,10.4668,10.4668,2017-08-09
138256,PGIM India Short Maturity Fund - Growth,INF223J01DT4,,30.8667,30.8667,30.8667,2017-08-09
138274,PGIM India Short Maturity Fund - Half Yearly Bonus,INF223J01WH9,,12.4717,12.4717,12.4717,2017-08-09
138257,PGIM India Short Maturity Fund - Institutional Plan - Growth,INF223J01DG1,,19.8433,19.8433,19.8433,2017-08-09
138254,PGIM India Short Maturity Fund - Monthly Dividend,INF223J01DU2,INF223J01DV0,13.2464,13.2464,13.2464,2017-08-09
138262,PGIM India Short Maturity Fund - Premium Plus - Growth,INF223J01DN7,,17.4268,17.4268,17.4268,2017-08-09
138261,PGIM India Short Maturity Fund - Premium Plus - Quarterly Dividend,INF223J01DR8,,10.6876,10.6876,10.6876,2017-08-09
138260,PGIM India Short Maturity Fund - Premium Plus Plan - Monthly Dividend,INF223J01DP2,,10.5067,10.5067,10.5067,2017-08-09
138265,PGIM India Short Maturity Fund - Quarterly Dividend,INF223J01KB7,INF223J01KC5,10.7253,10.7253,10.7253,2017-08-09
138255,PGIM India Short Maturity Fund - Weekly Dividend,INF223J01DX6,INF223J01DY4,10.2393,10.2393,10.2393,2017-08-09
119463,Principal Short Term Debt Fund - Direct Plan - Dividend Plan - Monthly,INF173K01GQ8,INF173K01GR6,12.9456,12.9456,12.9456,2017-08-09
101466,Principal Short Term Debt Fund - Dividend Option - Monthly,INF173K01BB1,INF173K01BC9,12.9058,12.9058,12.9058,2017-08-09
119462,Principal Short Term Debt Fund- Direct Plan  - Growth Option,INF173K01GP0,,30.6984,30.6984,30.6984,2017-08-09
101465,Principal Short Term Debt Fund- Growth Plan,INF173K01BA3,,29.6842,29.6842,29.6842,2017-08-09
106227,SBI SHORT HORIZON DEBT FUND-SHORT TERM FUND - RETAIL - GROWTH,INF200K01IG6,,22.0404,22.0404,22.0404,2017-08-09
106230,SBI SHORT HORIZON DEBT FUND-SHORT TERM FUND - RETAIL DIVIDEND - FORTNIGHTLY,INF200K01IA9,INF200K01IB7,11.0070,11.0070,11.0070,2017-08-09
106229,SBI SHORT HORIZON DEBT FUND-SHORT TERM FUND - RETAIL DIVIDEND - MONTHLY,INF200K01IC5,INF200K01ID3,11.4810,11.4810,11.4810,2017-08-09
106228,SBI SHORT HORIZON DEBT FUND-SHORT TERM FUND - RETAIL DIVIDEND - WEEKLY,INF200K01IE1,INF200K01IF8,10.9600,10.9600,10.9600,2017-08-09
119813,SBI SHORT TERM DEBT FUND - DIRECT PLAN - MONTHLY DIVIDEND,INF200K01VF1,INF200K01VG9,12.4880,12.4880,12.4880,2017-08-09
119817,SBI SHORT TERM DEBT FUND - DIRECT PLAN - WEEKLY DIVIDEND,INF200K01VH7,INF200K01VI5,10.5552,10.5552,10.5552,2017-08-09
119815,SBI SHORT TERM DEBT FUND - DIRECT PLAN -FORTNIGHTLY DIVIDEND,INF200K01VC8,INF200K01VD6,13.3799,13.3799,13.3799,2017-08-09
119816,SBI SHORT TERM DEBT FUND - DIRECT PLAN -GROWTH,INF200K01VE4,,19.8652,19.8652,19.8652,2017-08-09
106234,SBI SHORT TERM DEBT FUND - REGULAR PLAN -FORTNIGHTLY DIVIDEND,INF200K01HT1,INF200K01HU9,10.4019,10.4019,10.4019,2017-08-09
106231,SBI SHORT TERM DEBT FUND - REGULAR PLAN -GROWTH,INF200K01HZ8,,19.4816,19.4816,19.4816,2017-08-09
106233,SBI SHORT TERM DEBT FUND - REGULAR PLAN -MONTHLY DIVIDEND,INF200K01HV7,INF200K01HW5,12.1562,12.1562,12.1562,2017-08-09
106232,SBI SHORT TERM DEBT FUND - REGULAR PLAN -WEEKLY DIVIDEND,INF200K01HX3,INF200K01HY1,10.5524,10.5524,10.5524,2017-08-09
101564,Sundaram  Short Term Debt Fund  Weekly Dividend,INF903J01FH1,INF903J01FN9,14.0339,14.0339,14.0339,2017-08-09
101561,Sundaram  Short Term Debt Fund Half-Yearly Div,INF903J01FL3,,12.3023,12.3023,12.3023,2017-08-09
119667,Sundaram Short Term Debt Fund  - Direct Plan - Bonus Option,INF903J01RP9,,14.9461,14.9461,14.9461,2017-08-09
101566,Sundaram Short Term Debt Fund  Monthly Dividend,INF903J01FJ7,INF903J01FP4,12.6159,12.6159,12.6159,2017-08-09
101560,Sundaram Short Term Debt Fund  Quarterly Div,INF903J01FK5,,11.8439,11.8439,11.8439,2017-08-09
119668,Sundaram Short Term Debt Fund - Direct Plan - Half Yearly Dividend Option,INF903J01QS5,,12.7382,12.7382,12.7382,2017-08-09
119662,Sundaram Short Term Debt Fund - Direct Plan - Weekly Dividend Option,INF903J01QW7,INF903J01QX5,14.2389,14.2389,14.2389,2017-08-09
101563,Sundaram Short Term Debt Fund -Appreciation Option,INF903J01FG3,,28.8887,28.8887,28.8887,2017-08-09
101565,Sundaram Short Term Debt Fund -Fortnighty Dividend Reinvst,INF903J01FI9,INF903J01FO7,13.0145,13.0145,13.0145,2017-08-09
118332,Sundaram Short Term Debt Fund- Bonus Option,INF903J01MF1,,14.4259,14.4259,14.4259,2017-08-09
119665,Sundaram Short Term Debt Fund- Direct Plan - Fortnightly Dividend Option,INF903J01QP1,INF903J01QQ9,13.1000,13.1000,13.1000,2017-08-09
119664,Sundaram Short Term Debt Fund- Direct Plan - Growth Option,INF903J01QR7,,30.0283,30.0283,30.0283,2017-08-09
119666,Sundaram Short Term Debt Fund- Direct Plan - Monthly Dividend Option,INF903J01QT3,INF903J01QU1,12.7806,12.7806,12.7806,2017-08-09
101562,Sundaram Short Term Debt Fund- Regular Annual Div,INF903J01FM1,,11.9317,11.9317,11.9317,2017-08-09
119949,Tata Short Term Bond Fund - Direct Plan - Growth,INF277K01QR4,,32.5161,32.5161,32.5161,2017-08-09
119950,Tata Short Term Bond Fund - Direct Plan -Monthly Dividened,INF277K01QP8,INF277K01QQ6,15.6028,15.6028,15.6028,2017-08-09
133974,Tata Short Term Bond Fund- Direct Plan - Periodic Dividend Option,INF277K01P38,INF277K01P46,17.2383,17.2383,17.2383,2017-08-09
101547,Tata Short Term Bond Fund - Regular Plan-Monthly Dividend Option,INF277K01EI9,INF277K01964,15.0908,15.0908,15.0908,2017-08-09
133975,Tata Short Term Bond Fund- Regular Plan- Periodic Dividend Option,INF277K01P12,INF277K01P20,16.6784,16.6784,16.6784,2017-08-09
101548,Tata Short Term Bond Fund -Regular Plan- Growth Option,INF277K01972,,31.4776,31.4776,31.4776,2017-08-09
101113,Taurus Short Term Income Fund- Regular Plan - Dividend Option,INF044D01583,INF044D01591,1440.6220,1437.0204,1440.6220,2017-08-09
101114,Taurus Short Term Income Fund- Regular Plan - Growth Option,INF044D01617,,2670.0288,2663.3537,2670.0288,2017-08-09
118890,Taurus Short Term Income Fund-Direct Plan-Dividend Option,INF044D01CX1,INF044D01CY9,1441.9490,1438.3441,1441.9490,2017-08-09
118889,Taurus Short Term Income Fund-Direct Plan-Growth Option,INF044D01CW3,,2697.4571,2690.7135,2697.4571,2017-08-09
111438,Taurus Ultra Short Term Bond  Fund - Retail Weekly Dividend Option  #,,INF044D01658,941.0918,941.0918,941.0918,2017-08-09
111445,Taurus Ultra Short Term Bond Fund - Regular Plan - SI Daily Dividend Option,,INF044D01716,938.9979,938.9979,938.9979,2017-08-09
111443,Taurus Ultra Short Term Bond Fund - Regular Plan - SI Growth Option,INF044D01708,,1829.1941,1829.1941,1829.1941,2017-08-09
111446,Taurus Ultra Short Term Bond Fund - Regular Plan - SI Weekly Dividend Option,,INF044D01724,939.9315,939.9315,939.9315,2017-08-09
111435,Taurus Ultra Short Term Bond Fund - Retail Growth Option #,INF044D01625,,1761.1571,1761.1571,1761.1571,2017-08-09
111437,Taurus Ultra Short Term Bond Fund - Retails Daily Dividend Option #,,INF044D01633,940.4920,940.4920,940.4920,2017-08-09
118895,Taurus Ultra Short Term Bond Fund-Direct Plan-SI Daily Dividend Option,,INF044D01DF6,941.7663,941.7663,941.7663,2017-08-09
118894,Taurus Ultra Short Term Bond Fund-Direct Plan-SI Growth Option,INF044D01DH2,,1856.1366,1856.1366,1856.1366,2017-08-09
118896,Taurus Ultra Short Term Bond Fund-Direct Plan-SI Weekly Dividend Option,,INF044D01DG4,942.7620,942.7620,942.7620,2017-08-09
117282,Union Short Term Fund - Daily Dividend Option,,INF582M01385,1001.7531,1001.7531,1001.7531,2017-08-09
119320,Union Short Term Fund - Direct Plan - Daily Dividend Option,,INF582M01849,1001.7531,1001.7531,1001.7531,2017-08-09
119322,Union Short Term Fund - Direct Plan - Fortnightly Dividend Option,INF582M01880,INF582M01864,1005.0158,1005.0158,1005.0158,2017-08-09
119318,Union Short Term Fund - Direct Plan - Growth Option,INF582M01831,,1528.8340,1528.8340,1528.8340,2017-08-09
119319,Union Short Term Fund - Direct Plan - Monthly Dividend Option,INF582M01898,INF582M01872,1005.5120,1005.5120,1005.5120,2017-08-09
119321,Union Short Term Fund - Direct Plan - Weekly Dividend Option,,INF582M01856,1004.3623,1004.3623,1004.3623,2017-08-09
117280,Union Short Term Fund - Fortnightly Dividend Option,INF582M01427,INF582M01401,1004.9931,1004.9931,1004.9931,2017-08-09
117281,Union Short Term Fund - Growth Option,INF582M01377,,1523.0810,1523.0810,1523.0810,2017-08-09
117283,Union Short Term Fund - Monthly Dividend Option,INF582M01435,INF582M01419,1005.4878,1005.4878,1005.4878,2017-08-09
117284,Union Short Term Fund - Weekly Dividend Option,,INF582M01393,1004.3553,1004.3553,1004.3553,2017-08-09
135497,UTI - Short Term Income Fund - Direct Plan - Annual Dividend Option,INF789FA1R33,INF789FA1R41,10.9115,10.9115,0,2017-08-09
124962,UTI - Short Term Income Fund - Direct Plan - Flexi Dividend Option,INF789FB1T70,INF789FB1T62,12.8393,12.8393,0,2017-08-09
120718,UTI - Short Term Income Fund - Direct Plan - Growth Option,INF789F01XY0,,20.9972,20.9972,20.9972,2017-08-09
131425,UTI - Short Term Income Fund - Direct Plan - Half Yearly Dividend Option,INF789FA1R17,INF789FA1R25,13.1322,13.1322,0,2017-08-09
131548,UTI - Short Term Income Fund - Direct Plan - Monthly Dividend Option,INF789F01XZ7,INF789F01YA8,10.8859,10.8859,0,2017-08-09
120719,UTI - Short Term Income Fund - Direct Plan - Quarterly Dividend Option,INF789FA1R66,INF789FA1R74,12.9995,12.9995,12.9995,2017-08-09
106383,UTI - Short Term Income Fund - Discontinued Regular Option - Dividend Sub Option,INF789F01AH3,INF789F01AI1,15.7145,15.7145,15.7145,2017-08-09
106384,UTI - Short Term Income Fund - Discontinued Regular Option -Growth Sub Option,INF789F01AJ9,,29.7269,29.7269,29.7269,2017-08-09
134517,UTI - Short Term Income Fund - Regular Plan - Annual Dividend Option,INF789FA1Q91,INF789FA1R09,10.8903,10.8903,0,2017-08-09
125045,UTI - Short Term Income Fund - Regular Plan - Flexi Dividend Option,INF789FB1T54,INF789FB1T47,13.0024,13.0024,0,2017-08-09
106624,UTI - Short Term Income Fund - Regular Plan - Growth Option,INF789F01QA4,,20.5616,20.5616,20.5616,2017-08-09
131424,UTI - Short Term Income Fund - Regular Plan - Half Yearly Dividend Option,INF789FA1Q75,INF789FA1Q83,10.7696,10.7696,0,2017-08-09
131547,UTI - Short Term Income Fund - Regular Plan - Monthly Dividend Option,INF789F01QB2,INF789F01QC0,10.612,10.612,0,2017-08-09
106980,UTI - Short Term Income Fund - Regular Plan - Quarterly Div Option,INF789FC1GD5,INF789FA1R58,12.369,12.369,12.369,2017-08-09
119538,Aditya Birla Sun Life Medium Term Plan - Dividend - Direct Plan,INF209KA1KO1,,15.0915,14.9406,15.0915,2017-08-09
111812,Aditya Birla Sun Life Medium Term Plan - Dividend - Regular Plan,INF209K01611,INF209K01DA1,14.6156,14.4694,14.6156,2017-08-09
119539,Aditya Birla Sun Life Medium Term Plan - Growth - Direct Plan,INF209K01XA9,,21.9087,21.6896,21.9087,2017-08-09
111803,Aditya Birla Sun Life Medium Term Plan - Growth - Regular Plan,INF209K01603,,21.2980,21.0850,21.2980,2017-08-09
119540,Aditya Birla Sun Life Medium Term Plan - Half Yearly Dividend - Direct Plan,INF209KA1KN3,,11.9614,11.8418,11.9614,2017-08-09
111811,Aditya Birla Sun Life Medium Term Plan - Half Yearly Dividend - Regular Plan,INF209K01595,INF209K01CZ0,11.5907,11.4748,11.5907,2017-08-09
111804,Aditya Birla Sun Life Medium Term Plan - Institutional - Growth Plan,INF209K01660,,20.6770,20.4702,20.6770,2017-08-09
119541,Aditya Birla Sun Life Medium Term Plan - Quarterly Dividend - Direct Plan,INF209KA1KP8,,10.5885,10.4826,10.5885,2017-08-09
111809,Aditya Birla Sun Life Medium Term Plan - Quarterly Dividend - Regular Plan,INF209K01637,,10.5223,10.4171,10.5223,2017-08-09
120475,Axis Strategic Bond Fund - Direct Plan - Growth Option,INF846K01DT0,,17.0211,16.8509,17.0211,2017-08-09
120474,Axis Strategic Bond Fund - Direct Plan - Half Yearly Dividend option,INF846K01DU8,INF846K01DV6,11.5372,11.4218,11.5372,2017-08-09
120476,Axis Strategic Bond Fund - Direct Plan - Quarterly Dividend option,INF846K01DW4,INF846K01DX2,11.2285,11.1162,11.2285,2017-08-09
116894,Axis Strategic Bond Fund - Regular Plan - Growth Option,INF846K01BP2,,16.3452,16.1817,16.3452,2017-08-09
116896,Axis Strategic Bond Fund - Regular Plan - Half Yearly Dividend Option,INF846K01BR8,INF846K01BT4,11.3075,11.1944,11.3075,2017-08-09
116895,Axis Strategic Bond Fund - Regular Plan - Quarterly Dividend Option,INF846K01BQ0,INF846K01BS6,10.6695,10.5628,10.6695,2017-08-09
127320,BNP Paribas Medium Term  Fund - Annual Dividend Option,INF251K01LP4,INF251K01LZ3,10.6183,10.6183,10.6183,2017-08-09
127307,BNP Paribas Medium Term Fund - Calendar Quarterly Dividend Option,INF251K01LQ2,INF251K01MA4,10.3061,10.3061,10.3061,2017-08-09
127315,BNP Paribas Medium Term Fund - Direct Plan - Annual Dividend Option,INF251K01LY6,INF251K01MG1,10.0000,10.0000,10.0000,2017-08-09
127311,BNP Paribas Medium Term Fund - Direct Plan - Calendar Quarterly Dividend Option,INF251K01LW0,INF251K01ME6,10.0000,10.0000,10.0000,2017-08-09
127305,BNP Paribas Medium Term Fund - Direct Plan - Growth Option,INF251K01LU4,,13.9260,13.9260,13.9260,2017-08-09
127313,BNP Paribas Medium Term Fund - Direct Plan - Half yearly Dividend Option,INF251K01LX8,INF251K01MF3,10.0000,10.0000,10.0000,2017-08-09
127310,BNP Paribas Medium Term Fund - Direct Plan - Monthly Dividend Option,INF251K01LV2,INF251K01MD8,10.2072,10.2072,10.2072,2017-08-09
127304,BNP Paribas Medium Term Fund - Growth Option,INF251K01LT6,,13.5480,13.5480,13.5480,2017-08-09
127319,BNP Paribas Medium Term Fund - Half Yearly Dividend Option,INF251K01LR0,INF251K01MB2,10.5176,10.5176,10.5176,2017-08-09
127308,BNP Paribas Medium Term Fund - Monthly Dividend Option,INF251K01LS8,INF251K01MC0,10.2034,10.2034,10.2034,2017-08-09
118922,DSP Bond Fund - Direct Plan - Dividend,INF740K01NB2,INF740K01ND8,11.1760,11.1481,11.1760,2017-08-09
118924,DSP Bond Fund - Direct Plan - Growth,INF740K01MZ3,,55.1655,55.0276,55.1655,2017-08-09
118921,DSP Bond Fund - Direct Plan - Monthly Dividend,INF740K01NA4,INF740K01NC0,11.0943,11.0666,11.0943,2017-08-09
100077,DSP Bond Fund - Dividend,INF740K01565,INF740K01995,11.0623,11.0346,11.0623,2017-08-09
100078,DSP Bond Fund - Growth,INF740K01557,,53.5287,53.3949,53.5287,2017-08-09
100079,DSP Bond Fund - Monthly Dividend,INF740K01573,INF740K01AA1,11.0010,10.9735,11.0010,2017-08-09
118555,Franklin India Income Opportunities Fund - Direct - Dividend,INF090I01JG3,INF090I01JH1,11.6462,11.2968,11.6462,2017-08-09
118554,Franklin India Income Opportunities Fund - Direct - Growth,INF090I01JI9,,20.5227,19.9070,20.5227,2017-08-09
112305,Franklin India Income Opportunities Fund - Dividend,INF090I01452,INF090I01460,11.2052,10.8690,11.2052,2017-08-09
112304,Franklin India Income Opportunities Fund - Growth,INF090I01445,,19.7868,19.1932,19.7868,2017-08-09
101989,HDFC Medium Term Debt Fund -Growth Option,INF179K01913,,33.6683,33.6683,33.6683,2017-08-09
132852,HDFC Medium Term Debt Fund-Dividend option,INF179KA1E16,INF179KA1E08,12.7744,12.7744,12.7744,2017-08-09
132853,HDFC Medium Term Debt Fund-Dividend Option-Direct Plan,INF179KA1D90,INF179KA1D82,12.8944,12.8944,12.8944,2017-08-09
119080,HDFC Medium Term Debt Fund-Fortnightly Div option-Direct Plan,INF179KA1NP8,INF179KA1NO1,10.6939,10.6939,10.6939,2017-08-09
101990,HDFC Medium Term Debt Fund-Fortnightly Option,INF179K01897,INF179K01905,10.6037,10.6037,10.6037,2017-08-09
119081,HDFC Medium Term Debt Fund-Growth Option-Direct Plan,INF179K01WI9,,34.4407,34.4407,34.4407,2017-08-09
132981,ICICI Prudential Medium Term Bond Fund - Annual Dividend,INF109KA12G3,INF109KA13G1,11.7353,11.6179,11.7353,2017-08-09
130935,ICICI Prudential Medium Term Bond Fund - Bonus,INF109KA1B99,,12.6797,12.5529,12.6797,2017-08-09
120670,ICICI Prudential Medium Term Bond Fund - Direct Plan - Growth,INF109K015A5,,27.3754,27.1016,27.3754,2017-08-09
120672,ICICI Prudential Medium Term Bond Fund - Direct Plan - Half Yearly Dividend,INF109K016A3,INF109K017A1,11.3945,11.2806,11.3945,2017-08-09
120671,ICICI Prudential Medium Term Bond Fund - Direct Plan - Quarterly Dividend,INF109K018A9,INF109K019A7,11.0927,10.9818,11.0927,2017-08-09
130936,ICICI Prudential Medium Term Bond Fund - Direct Plan Bonus,INF109KA1B81,,13.4031,13.2691,13.4031,2017-08-09
102741,ICICI Prudential Medium Term Bond Fund - Growth,INF109K01AH4,,26.3129,26.0498,26.3129,2017-08-09
117330,ICICI Prudential Medium Term Bond Fund - Half Yearly Dividend,INF109K01B53,INF109K01B61,10.9765,10.8667,10.9765,2017-08-09
113137,ICICI Prudential Medium Term Bond Fund - Quarterly Dividend,INF109K01UF6,INF109K01IO3,10.5748,10.4691,10.5748,2017-08-09
132982,ICICI Prudential Medium Term Bond Fund -Direct Plan - Annual Dividend,INF109KA10G7,INF109KA11G5,12.6438,12.5174,12.6438,2017-08-09
117706,ICICI Prudential Medium Term Bond Fund Plan B - Half Yearly Dividend,INF109K01B87,,10.9072,10.7981,10.9072,2017-08-09
113138,ICICI Prudential Medium Term Bond Fund Plan B - Quarterly Dividend,INF109K01UI0,INF109K01IQ8,10.4688,10.3641,10.4688,2017-08-09
102743,ICICI Prudential Medium Term Bond Fund-Plan B-Growth,INF109K01AJ0,,27.1784,26.9066,27.1784,2017-08-09
118404,IDFC Bond Fund - Medium Term Plan - Direct Plan-Fortnightly Dividend,INF194K01T83,INF194K01T75,10.1384,10.1384,10.1384,2017-08-09
108731,IDFC Bond Fund - Medium Term Plan - Regular Plan-Daily Dividend Option,INF194K01JW6,INF194K01JV8,10.2092,10.2092,10.2092,2017-08-09
108729,IDFC Bond Fund - Medium Term Plan - Regular Plan-Fortnightly Dividend Option,INF194K01KI3,INF194K01KH5,10.1635,10.1635,10.1635,2017-08-09
108727,IDFC Bond Fund - Medium Term Plan - Regular Plan-Monthly Dividend Option,INF194K01KC6,INF194K01KB8,10.2022,10.2022,10.2022,2017-08-09
113169,IDFC Bond Fund - Medium Term Plan - Regular Plan-Quarterly Dividend Option,INF194K01JZ9,INF194K01JY2,10.8407,10.8407,10.8407,2017-08-09
131384,IDFC Bond Fund - Medium Term Plan -Direct Plan_Periodic Dividend,INF194KA1TD2,INF194KA1TE0,13.1531,13.1531,13.1531,2017-08-09
108730,IDFC Bond Fund - Medium Term Plan -Regular Plan- Bimonthly Dividend Option,INF194K01KF9,INF194K01KE2,11.6437,11.6437,11.6437,2017-08-09
108728,IDFC Bond Fund - Medium Term Plan -Regular Plan- Growth Option,INF194K01JU0,,28.5616,28.5616,28.5616,2017-08-09
131385,IDFC Bond Fund - Medium Term Plan -Regular Plan_Periodic Dividend,INF194KA1TA8,INF194KA1TB6,13.0423,13.0423,13.0423,2017-08-09
118399,IDFC Bond Fund - Medium Term Plan-Direct Plan-Bi Monthly Dividend,INF194K01T59,INF194K01T42,11.9164,11.9164,11.9164,2017-08-09
118400,IDFC Bond Fund - Medium Term Plan-Direct Plan-Daily Dividend,,INF194K01S68,10.4240,10.4240,10.4240,2017-08-09
118401,IDFC Bond Fund - Medium Term Plan-Direct Plan-Growth,INF194K01S50,,29.4837,29.4837,29.4837,2017-08-09
118402,IDFC Bond Fund - Medium Term Plan-Direct Plan-Monthly Dividend,INF194K01T26,INF194K01T18,10.4675,10.4675,10.4675,2017-08-09
118403,IDFC Bond Fund - Medium Term Plan-Direct Plan-Quartely Dividend,INF194K01S92,INF194K01S84,10.9590,10.9590,10.9590,2017-08-09
121153,Indiabulls Income Fund - Direct Plan - Growth Option,INF666M01642,,14.3187,14.3187,14.3187,2017-08-09
121156,Indiabulls Income Fund - Direct Plan - Half Yearly Dividend Option,INF666M01709,INF666M01675,12.2529,12.2529,12.2529,2017-08-09
121154,Indiabulls Income Fund - Direct Plan - Monthly Dividend Option,INF666M01683,INF666M01659,10.5783,10.5783,10.5783,2017-08-09
121155,Indiabulls Income Fund - Direct Plan - Quarterly Dividend Option,INF666M01691,INF666M01667,12.2819,12.2819,12.2819,2017-08-09
121158,Indiabulls Income Fund - Regular Plan - Growth Option,INF666M01717,,13.6920,13.6920,13.6920,2017-08-09
121157,Indiabulls Income Fund - Regular Plan - Half Yearly Dividend Option,INF666M01774,INF666M01741,11.9826,11.9826,11.9826,2017-08-09
121159,Indiabulls Income Fund - Regular Plan - Monthly Dividend Option,INF666M01758,INF666M01725,10.3508,10.3508,10.3508,2017-08-09
121160,Indiabulls Income Fund - Regular Plan - Quarterly Dividend Option,INF666M01766,INF666M01733,12.3362,12.3362,12.3362,2017-08-09
128078,Kotak Medium Term Fund - Annual Dividend,INF174K01VN2,INF174K01VP7,10.8359,10.8359,10.8359,2017-08-09
128079,Kotak Medium Term Fund - Direct - Annual Dividend,INF174K01VSI,INF174K01VU7,14.4773,14.4773,14.4773,2017-08-09
128008,Kotak Medium Term Fund - Direct - Quarterly Dividend,INF174K01VR3,INF174K01VT9,10.664,10.664,10.664,2017-08-09
128006,Kotak Medium Term Fund - Direct Growth,INF174K01VQ5,,14.4423,14.4423,14.4423,2017-08-09
128009,Kotak Medium Term Fund - Growth,INF174K01VL6,,13.9774,13.9774,13.9774,2017-08-09
128007,Kotak Medium Term Fund - Quarterly Dividend,INF174K01VM4,INF174K01VO0,10.6483,10.6483,10.6483,2017-08-09
134425,L&T Resurgent India  Bond Fund - Direct Plan - Annual Dividend,INF917K01WF8,INF917K01WC5,11.902,11.664,11.902,2017-08-09
133606,L&T Resurgent India  Bond Fund - Direct Plan - Dividend,INF917K01TM0,INF917K01TL2,11.2392,11.0144,11.2392,2017-08-09
133604,L&T Resurgent India  Bond Fund - Direct Plan - Growth,INF917K01TK4,,12.961,12.7018,12.961,2017-08-09
134426,L&T Resurgent India  Bond Fund - Regular Plan - Annual Dividend,INF917K01WE1,INF917K01WD3,11.7236,11.4891,11.7236,2017-08-09
133605,L&T Resurgent India  Bond Fund - Regular Plan - Dividend,INF917K01TJ6,INF917K01TI8,10.9788,10.7592,10.9788,2017-08-09
133607,L&T Resurgent India  Bond Fund - Regular Plan - Growth,INF917K01TH0,,12.6841,12.4304,12.6841,2017-08-09
130051,Nippon India Strategic Debt Fund - Bonus Option,INF204KA1QA2,,13.6467,13.5102,13.6467,2017-08-09
130052,Nippon India Strategic Debt Fund - Direct Plan - Bonus Option,INF204KA1QG9,,14.0066,13.8665,14.0066,2017-08-09
130054,Nippon India Strategic Debt Fund - Direct Plan - Dividend Plan,INF204KA1QH7,INF204KA1QJ3,11.8126,11.6945,11.8126,2017-08-09
130050,Nippon India Strategic Debt Fund - Direct Plan - Growth Option,INF204KA1QF1,,14.0066,13.8665,14.0066,2017-08-09
130055,Nippon India Strategic Debt Fund - Direct Plan - Quarterly Dividend Plan,INF204KA1QI5,INF204KA1QK1,10.7891,10.6812,10.7891,2017-08-09
130053,Nippon India Strategic Debt Fund - Dividend Plan,INF204KA1QB0,INF204KA1QD6,11.6775,11.5607,11.6775,2017-08-09
130037,Nippon India Strategic Debt Fund - Growth Option,INF204KA1PZ1,,13.6467,13.5102,13.6467,2017-08-09
130056,Nippon India Strategic Debt Fund - Quarterly Dividend Plan,INF204KA1QC8,INF204KA1QE4,10.7488,10.6413,10.7488,2017-08-09
138696,DHFL Pramerica Medium Term Fund - Direct Plan - Annual Dividend,INF223JA1MH6,INF223JA1MI4,10.4245,10.3203,10.4245,2017-08-09
138697,DHFL Pramerica Medium Term Fund - Direct Plan - Monthly Dividend,INF223JA1MD5,,10.9874,10.8775,10.9874,2017-08-09
138700,DHFL Pramerica Medium Term Fund - Regular Plan - Monthly Dividend,INF223JA1LX5,INF223JA1LY3,10.9098,10.8007,10.9098,2017-08-09
138695,DHFL Pramerica Medium Term Fund - Regular Plan - Quarterly Dividend,INF223JA1LZ0,,10.3783,10.2745,10.3783,2017-08-09
138692,DHFL Pramerica Medium Term Fund- Direct Plan - Regular Dividend,INF223J01N46,INF223J01N53,12.9096,12.7805,12.9096,2017-08-09
138693,DHFL Pramerica Medium Term Fund- Direct Plan- Growth,INF223J01N61,,14.7702,14.6225,14.7702,2017-08-09
138691,DHFL Pramerica Medium Term Fund- Regular Plan - Regular Dividend,INF223J01N12,INF223J01N20,12.6062,12.4801,12.6062,2017-08-09
138694,DHFL Pramerica Medium Term Fund- Regular Plan- Growth,INF223J01N38,,14.4305,14.2862,14.4305,2017-08-09
119825,SBI MAGNUM MEDIUM DURATION FUND - DIRECT PLAN - DIVIDEND,INF200K01UZ1,INF200K01VA2,13.5731,13.3695,13.5731,2017-08-09
119824,SBI MAGNUM MEDIUM DURATION FUND - DIRECT PLAN - GROWTH,INF200K01VB0,,30.3786,29.9229,30.3786,2017-08-09
102054,SBI MAGNUM MEDIUM DURATION FUND - REGULAR PLAN - DIVIDEND,INF200K01727,INF200K01735,13.1659,12.9684,13.1659,2017-08-09
102053,SBI MAGNUM MEDIUM DURATION FUND - REGULAR PLAN - GROWTH,INF200K01719,,29.3909,28.9500,29.3909,2017-08-09
119676,Sundaram Medium Term Bond Fund  - Direct Plan - Annual Dividend Option,INF903J01PH0,INF903J01PM0,12.6084,12.4823,12.6084,2017-08-09
119672,Sundaram Medium Term Bond Fund  - Direct Plan - Quarterly Dividend Option,INF903J01PK4,INF903J01PL2,20.5365,20.3311,20.5365,2017-08-09
100603,Sundaram Medium Term Bond Fund - Regular Growth,INF903J01FQ2,,47.8824,47.4036,47.8824,2017-08-09
100609,Sundaram Medium Term Bond Fund - Regular Half-Yearly Dividend,INF903J01FS8,INF903J01FV2,12.4791,12.3543,12.4791,2017-08-09
100610,Sundaram Medium Term Bond Fund -Annual Dividend,INF903J01FT6,INF903J01FW0,12.1450,12.0236,12.1450,2017-08-09
100608,Sundaram Medium Term Bond Fund -Institutional Plan(Growth),INF903J01FY6,,54.1205,53.5793,54.1205,2017-08-09
100602,Sundaram Medium Term Bond Fund -Qtrly Dividend,INF903J01FR0,INF903J01FU4,12.2535,12.1310,12.2535,2017-08-09
100604,Sundaram Medium Term Bond Fund -Regular Bonus Option,INF903J01FX8,,16.3539,16.1904,16.3539,2017-08-09
119675,Sundaram Medium Term Bond Fund- Direct Plan - Growth Option,INF903J01PO6,,49.6932,49.1963,49.6932,2017-08-09
101704,Tata Medium Term Fund B - Growth Option,INF277K01733,,27.7674,27.4897,27.7674,2017-08-09
101606,Tata Medium Term Fund B - Income / Bonus Option,INF277K01DX0,,15.1787,15.0269,15.1787,2017-08-09
101605,Tata Medium Term Fund Regular Plan -  Bonus/Dividend,INF277K01DW2,INF277K01709,13.3265,13.1932,13.3265,2017-08-09
101703,Tata Medium Term Fund Regular Plan - Growth,INF277K01717,,26.4792,26.2144,26.4792,2017-08-09
119127,Tata Medium Term Fund- Direct Plan- Growth,INF277K01PI5,,27.7851,27.5072,27.7851,2017-08-09
119126,Tata Medium Term Fund- Direct Plan-Bonus/Dividend,INF277K01PG9,INF277K01PH7,13.9644,13.8248,13.9644,2017-08-09
134505,UTI Medium Term Fund - Direct Plan - Annual Div Option,INF789FB1KL1,INF789FB1KM9,11.1764,11.1764,0,2017-08-09
134506,UTI Medium Term Fund - Direct Plan - Flexi Div Option,INF789FB1KO5,INF789FB1KN7,11.1807,11.1807,0,2017-08-09
134503,UTI Medium Term Fund - Direct Plan - Growth Option,INF789FB1KE6,,12.597,12.597,0,2017-08-09
134504,UTI Medium Term Fund - Direct Plan - Half Yearly Div Option,INF789FB1KJ5,INF789FB1KK3,11.1715,11.1715,0,2017-08-09
134501,UTI Medium Term Fund - Direct Plan - Monthly Div Option,INF789FB1KF3,INF789FB1KG1,10.7049,10.7049,0,2017-08-09
134502,UTI Medium Term Fund - Direct Plan - Quarterly Div Option,INF789FB1KH9,INF789FB1KI7,10.9956,10.9956,0,2017-08-09
134500,UTI Medium Term Fund - Regular Plan - Annual Div Option,INF789FB1KA4,INF789FB1KB2,10.9548,10.9548,0,2017-08-09
134498,UTI Medium Term Fund - Regular Plan - Flexi Div Option,INF789FB1KC0,INF789FB1KD8,10.4452,10.4452,0,2017-08-09
134499,UTI Medium Term Fund - Regular Plan - Growth Option,INF789FB1JU4,,12.3683,12.3683,0,2017-08-09
134497,UTI Medium Term Fund - Regular Plan - Half Yearly Div Option,INF789FB1JY6,INF789FB1JZ3,10.9412,10.9412,0,2017-08-09
134495,UTI Medium Term Fund - Regular Plan - Monthly Div Option,INF789FB1JV2,INF789FB1KP2,10.4896,10.4896,0,2017-08-09
134496,UTI Medium Term Fund - Regular Plan - Quarterly Div Option,INF789FB1JW0,INF789FB1JX8,10.7773,10.7773,0,2017-08-09
111777,Aditya Birla Sun Life Income Fund (Discipline Advantage Plan),INF209K01LD8,,19.3252,19.3252,19.3252,2017-08-09
133446,Aditya Birla Sun Life Income Fund - Dividend - Direct Plan,INF209KA1WL2,INF209KA1WM0,12.4351,12.4351,12.4351,2017-08-09
133445,Aditya Birla Sun Life Income Fund - Dividend - Regular Plan,INF209KA1WJ6,INF209KA1WK4,12.1778,12.1778,12.1778,2017-08-09
119657,Aditya Birla Sun Life Income Fund - Growth - Direct Plan,INF209K01WY1,,79.1685,79.1685,79.1685,2017-08-09
100038,Aditya Birla Sun Life Income Fund - Growth - Regular Plan,INF209K01579,,76.6004,76.6004,76.6004,2017-08-09
119655,Aditya Birla Sun Life Income Fund - Quarterly Dividend - Direct Plan,INF209K01WZ8,,13.7094,13.7094,13.7094,2017-08-09
100037,Aditya Birla Sun Life Income Fund - Quarterly Dividend - Regular Plan,INF209K01587,INF209K01CY3,13.1818,13.1818,13.1818,2017-08-09
101155,BARODA INCOME FUND - Plan A - Dividend Option,INF955L01211,INF955L01229,23.0979,22.8669,23.0979,2017-08-09
101154,BARODA INCOME FUND - Plan A - Growth Option,INF955L01237,,26.2403,25.9779,26.2403,2017-08-09
119361,BARODA INCOME FUND - Plan B (Direct) - Dividend Option,INF955L01BO2,,23.3439,23.1105,23.3439,2017-08-09
119362,BARODA INCOME FUND - Plan B (Direct) - Growth Option,INF955L01BQ7,,27.2539,26.9814,27.2539,2017-08-09
119395,BOI AXA Conservative Hybrid  Fund-Direct Plan-Quarterly Dividend,INF761K01850,INF761K01843,11.5476,11.4321,11.5476,2017-08-09
111718,BOI AXA Conservative Hybrid  Fund-ECO Plan-Quarterly Dividend,INF761K01439,INF761K01421,10.7487,10.6412,0.0000,2017-08-09
119393,BOI AXA Conservative Hybrid Fund Fund-Direct Plan-Growth,INF761K01819,,20.3753,20.1715,20.3753,2017-08-09
119396,BOI AXA Conservative Hybrid Fund-Direct Plan-Annual Dividend,INF761K01793,INF761K01801,10.7711,10.6634,10.7711,2017-08-09
119394,BOI AXA Conservative Hybrid Fund-Direct Plan-Monthly Dividend,INF761K01835,INF761K01827,10.4993,10.3943,10.4993,2017-08-09
111715,BOI AXA Conservative Hybrid Fund-ECO Plan-Growth,INF761K01397,,20.2653,20.0626,0.0000,2017-08-09
111717,BOI AXA Conservative Hybrid Fund-ECO Plan-Monthly Dividend,INF761K01413,INF761K01405,17.8813,17.7025,0.0000,2017-08-09
111714,BOI AXA Conservative Hybrid Fund-Regular Plan-Annual Dividend,INF761K01454,INF761K01447,10.7254,10.6181,10.7254,2017-08-09
111712,BOI AXA Conservative Hybrid Fund-Regular Plan-Growth,INF761K01462,,20.0016,19.8016,20.0016,2017-08-09
111716,BOI AXA Conservative Hybrid Fund-Regular Plan-Monthly Dividend,INF761K01488,INF761K01470,12.4842,12.3594,12.4842,2017-08-09
111713,BOI AXAConservative Hybrid Fund-Regular Plan-Quarterly Dividend,INF761K01504,INF761K01496,11.4110,11.2969,11.4110,2017-08-09
101588,Canara Robeco Income Fund - Regular Plan - Growth,INF760K01324,,35.9466,35.9466,35.9466,2017-08-09
101587,Canara Robeco Income Fund - Regular Plan - Quarterly Dividend,INF760K01340,INF760K01357,15.0008,15.0008,15.0008,2017-08-09
118281,Canara Robeco Income Fund- Direct Plan - Quarterly Dividend,INF760K01FG5,INF760K01FH3,15.4907,15.4907,15.4907,2017-08-09
118282,Canara Robeco Income Fund-Direct Plan - Growth Option,INF760K01FI1,,37.0422,37.0422,37.0422,2017-08-09
133365,HDFC Income Fund - Direct Plan - Normal Dividend Option,INF179KA1Q12,,12.7663,12.7663,12.7663,2017-08-09
133366,HDFC Income Fund - Regular Plan - Normal Dividend Option,INF179KA1Q38,,12.2367,12.2367,12.2367,2017-08-09
119069,HDFC Income Fund -Direct Plan - Growth Option,INF179K01WL3,,40.3677,40.3677,40.3677,2017-08-09
119068,HDFC Income Fund -Direct Plan - Quarterly Dividend Option,INF179K01WJ7,INF179K01WK5,11.6965,11.6965,11.6965,2017-08-09
100123,HDFC Income Fund- Quarterly Dividend Option,INF179K01947,INF179K01954,11.2065,11.2065,11.2065,2017-08-09
100124,HDFC Income Fund-Growth,INF179K01962,,38.8063,38.8063,38.8063,2017-08-09
101686,HSBC Debt Fund - Dividend,INF336L01784,INF336L01792,11.1524,11.1524,11.1524,2017-08-09
101685,HSBC Debt Fund - Growth,INF336L01776,,28.1267,28.1267,28.1267,2017-08-09
120059,HSBC Debt Fund - Growth Direct,INF336L01DE2,,29.1617,29.1617,29.1617,2017-08-09
130932,ICICI Prudential Bond Fund - Bonus,INF109KA1C72,,12.3828,12.2590,12.3828,2017-08-09
120617,ICICI Prudential Bond Fund - Direct Plan - Dividend Monthly,INF109K01V59,INF109K01V67,11.5447,11.4293,11.5447,2017-08-09
120618,ICICI Prudential Bond Fund - Direct Plan - Dividend Quarterly,INF109K01V75,INF109K01V91,11.5626,11.4470,11.5626,2017-08-09
120619,ICICI Prudential Bond Fund - Direct Plan - Growth,INF109K01V83,,24.3031,24.0601,24.3031,2017-08-09
131480,ICICI Prudential Bond Fund - Direct Plan - Half Yearly Dividend,INF109KA1X77,INF109KA1X69,11.0394,10.9290,11.0394,2017-08-09
109741,ICICI Prudential Bond Fund - Dividend Monthly,INF109K01EU9,INF109K01BP5,11.4495,11.3350,11.4495,2017-08-09
109743,ICICI Prudential Bond Fund - Dividend Quarterly,INF109K01EV7,INF109K01BS9,11.2178,11.1056,11.2178,2017-08-09
109740,ICICI Prudential Bond Fund - Growth,INF109K01BO8,,23.9211,23.6819,23.9211,2017-08-09
131481,ICICI Prudential Bond Fund - Half Yearly Dividend,INF109KA1X51,INF109KA1X44,11.3753,11.2615,11.3753,2017-08-09
109742,ICICI Prudential Bond Fund- Institutional Growth,INF109K01BQ3,,20.9255,20.7162,20.9255,2017-08-09
109744,ICICI Prudential Bond Fund- Institutional Monthly Dividend,INF109K01ES3,INF109K01BR1,10.6861,10.5792,10.6861,2017-08-09
109745,ICICI Prudential Bond Fund- Institutional Quarterly Dividend,INF109K01ET1,INF109K01BT7,11.6329,11.5166,11.6329,2017-08-09
118393,IDFC Bond Fund - Income Plan - Direct Plan-Annual Dividend,INF194K01R77,INF194K01R69,15.8925,15.8925,15.8925,2017-08-09
118394,IDFC Bond Fund - Income Plan - Direct Plan-Growth,INF194K01R51,,43.4276,43.4276,43.4276,2017-08-09
118396,IDFC Bond Fund - Income Plan - Direct Plan-Quarterly Dividend,INF194K01S35,INF194K01S27,12.1057,12.1057,12.1057,2017-08-09
131386,IDFC Bond Fund - Income Plan - Direct Plan_Periodic Dividend,INF194KA1SX2,INF194KA1SY0,13.7433,13.7433,13.7433,2017-08-09
108766,IDFC Bond Fund - Income Plan - Regular Plan- Annual Dividend,INF194K01IN7,INF194K01IM9,11.5961,11.5961,11.5961,2017-08-09
108765,IDFC Bond Fund - Income Plan - Regular Plan- Growth Option,INF194K01IL1,,41.8137,41.8137,41.8137,2017-08-09
108763,IDFC Bond Fund - Income Plan - Regular Plan- Half Yearly Dividend,INF194K01IQ0,INF194K01IP2,12.0358,12.0358,12.0358,2017-08-09
108764,IDFC Bond Fund - Income Plan - Regular Plan-Quarterly Dividend,INF194K01IT4,INF194K01IS6,11.6279,11.6279,11.6279,2017-08-09
131387,IDFC Bond Fund - Income Plan - Regular Plan_Periodic Dividend,INF194KA1SU8,INF194KA1SV6,13.7301,13.7301,13.7301,2017-08-09
108768,IDFC Bond Fund - Short Term Plan - Regular Plan-Growth,INF194K01HF5,,34.3599,34.3599,34.3599,2017-08-09
108767,IDFC Bond Fund - Short Term Plan - Regular Plan-Monthly Dividend,INF194K01HH1,INF194K01HG3,10.1932,10.1932,10.1932,2017-08-09
120428,JM Income Fund (Direct) - Bonus Option - Principal Units,INF192K01CX3,,21.0512,21.0512,21.0512,2017-08-09
120430,JM Income Fund (Direct) - Growth Option,INF192K01CW5,,49.1197,49.1197,49.1197,2017-08-09
120431,JM Income Fund (Direct) - Quarterly Dividend Option,INF192K01CU9,INF192K01CV7,17.2200,17.2200,17.2200,2017-08-09
100223,JM Income Fund - Growth Option,INF192K01AB3,,46.9182,46.9182,46.9182,2017-08-09
100222,JM Income Fund - Quarerly Dividend Option,INF192K01999,INF192K01AA5,15.9524,15.9524,15.9524,2017-08-09
101181,JM Income Fund- Bonus Option- Principal Units,INF192K01AC1,,19.1957,19.1957,19.1957,2017-08-09
119734,Kotak Bond - Annual Dividend - Direct,INF174K01JD8,,22.513,22.513,22.513,2017-08-09
119735,Kotak Bond - Growth - Direct,INF174K01JC0,,49.809,49.809,49.809,2017-08-09
119736,Kotak Bond - Quaterly Dividend - Direct,INF174K01JF3,,13.48,13.48,13.48,2017-08-09
100300,Kotak Bond Regular Plan Annual Dividend,INF174K01EQ1,INF174K01EP3,29.4845,29.4845,29.4845,2017-08-09
100299,Kotak Bond Regular Plan Growth,INF174K01EM0,,48.1249,48.1249,48.1249,2017-08-09
100298,Kotak Bond Regular Plan Quaterly Dividend,INF174K01EO6,INF174K01EN8,10.9282,10.9282,10.9282,2017-08-09
120278,LIC MF Bond Fund-Direct Plan-Dividend,INF767K01EV2,INF767K01EX8,11.3968,11.2828,11.3968,2017-08-09
120279,LIC MF Bond Fund-Direct Plan-Growth,INF767K01EW0,,47.1794,46.7076,47.1794,2017-08-09
100314,LIC MF Bond Fund-Regular Plan-Dividend,INF767K01907,INF767K01915,10.6726,10.5659,10.6726,2017-08-09
100315,LIC MF Bond Fund-Regular Plan-Growth,INF767K01923,,46.0791,45.6183,46.0791,2017-08-09
100386,Nippon India Income Fund - Annual Dividend Plan,INF204K01CT4,INF204K01CU2,13.2138,13.2138,13.2138,2017-08-09
118680,Nippon India Income Fund - Direct Plan Annual Dividend Plan,INF204K01YT8,INF204K01YU6,14.4814,14.4814,14.4814,2017-08-09
118687,Nippon India Income Fund - Direct Plan Growth Plan - Growth Option,INF204K01XS2,,57.7663,57.7663,57.7663,2017-08-09
118679,Nippon India Income Fund - Direct Plan Growth Plan-Bonus Option,INF204K01F38,,16.5069,16.5069,16.5069,2017-08-09
118681,Nippon India Income Fund - Direct Plan Half Yearly Dividend Plan,INF204K01YR2,INF204K01YS0,14.1124,14.1124,14.1124,2017-08-09
118683,Nippon India Income Fund - Direct Plan Monthly Dividend Plan,INF204K01YN1,,11.0516,11.0516,11.0516,2017-08-09
118684,Nippon India Income Fund - Direct Plan Quarterly Dividend Plan,INF204K01YP6,INF204K01YQ4,13.5177,13.5177,13.5177,2017-08-09
100388,Nippon India Income Fund - Growth Plan Bonus Option,INF204K01CM9,,15.9566,15.9566,15.9566,2017-08-09
100387,Nippon India Income Fund - Growth Plan Growth Option,INF204K01CL1,,55.5028,55.5028,55.5028,2017-08-09
100385,Nippon India Income Fund - Half Yearly Dividend Plan,INF204K01CR8,INF204K01CS6,13.2757,13.2757,13.2757,2017-08-09
100383,Nippon India Income Fund - Monthly Dividend Plan,INF204K01CN7,INF204K01CO5,10.5394,10.5394,10.5394,2017-08-09
100384,Nippon India Income Fund - Quarterly Dividend Plan,INF204K01CP2,INF204K01CQ0,13.1112,13.1112,13.1112,2017-08-09
138659,DHFL Pramerica Strategic Debt Fund - Direct Plan - Growth,INF223J01I19,,13.2804,13.2804,13.2804,2017-08-09
138658,DHFL Pramerica Strategic Debt Fund - Direct Plan - Monthly Dividend,INF223J01H77,INF223J01I01,11.6818,11.6818,11.6818,2017-08-09
138665,DHFL Pramerica Strategic Debt Fund - Direct Plan - Quarterly Dividend,INF223J01H69,INF223J01H93,11.2269,11.2269,11.2269,2017-08-09
138657,DHFL Pramerica Strategic Debt Fund - Direct Plan - Regular Dividend,INF223J01H51,INF223J01H85,13.2796,13.2796,13.2796,2017-08-09
138662,DHFL Pramerica Strategic Debt Fund - Regular Plan - Bonus,INF223J01H44,,12.9406,12.9406,12.9406,2017-08-09
138663,DHFL Pramerica Strategic Debt Fund - Regular Plan - Growth,INF223J01H36,,12.9313,12.9313,12.9313,2017-08-09
138666,DHFL Pramerica Strategic Debt Fund - Regular Plan - Monthly Dividend,INF223J01G94,,11.6226,11.6226,11.6226,2017-08-09
138664,DHFL Pramerica Strategic Debt Fund - Regular Plan - Quarterly Dividend,INF223J01G86,,11.3018,11.3018,11.3018,2017-08-09
138661,DHFL Pramerica Strategic Debt Fund - Regular Plan - Regular Dividend,INF223J01G78,INF223J01H02,12.9313,12.9313,12.9313,2017-08-09
119712,SBI Magnum Income Fund-DIRECT PLAN - Bonus,INF200K01SO9,,25.9835,25.7237,25.9835,2017-08-09
119713,SBI Magnum Income Fund-DIRECT PLAN - Half Yearly - Dividend,INF200K01SP6,INF200K01SQ4,14.2330,14.0907,14.2330,2017-08-09
121940,SBI Magnum Income Fund-DIRECT PLAN - Quarterly - Dividend,INF200K01YS8,INF200K01YT6,14.2436,14.1012,14.2436,2017-08-09
119714,SBI Magnum Income Fund-DIRECT PLAN -Growth,INF200K01SR2,,42.7942,42.3663,42.7942,2017-08-09
121944,SBI Magnum Income Fund-REGUALR PLAN - Quarterly - Dividend,INF200K01YQ2,INF200K01YR0,13.6117,13.4756,13.6117,2017-08-09
100638,SBI Magnum Income Fund-REGULAR PLAN - Half Yearly- Dividend,INF200K01610,INF200K01628,12.9753,12.8455,12.9753,2017-08-09
100640,SBI Magnum Income Fund-REGULAR PLAN-Bonus,INF200K01602,,25.3884,25.1345,25.3884,2017-08-09
100639,SBI Magnum Income Fund-REGULAR PLAN-Growth,INF200K01594,,41.9008,41.4818,41.9008,2017-08-09
119879,Tata Income Fund - Direct Plan - Bonus,INF277K01OZ2,,16.7053,16.5382,16.7053,2017-08-09
119876,Tata Income Fund - Direct Plan - Growth,INF277K01OY5,,54.1910,53.6491,54.1910,2017-08-09
119877,Tata Income Fund - Direct Plan - Half Yearly Dividend,INF277K01PA2,INF277K01PB0,14.1204,13.9792,14.1204,2017-08-09
119875,Tata Income Fund - Direct Plan - Periodic Dividend,INF277K01PC8,INF277K01PD6,30.8563,30.5477,30.8563,2017-08-09
119873,Tata Long Term Debt Fund - Direct Plan - Quartelry Dividend Plan,INF277K01PE4,INF277K01PF1,12.0926,11.9717,12.0926,2017-08-09
101419,Tata Long Term Debt Fund - Regular Plan  -Bonus,INF277K01691,,16.0526,15.8921,16.0526,2017-08-09
100418,Tata Income Fund -Regular Plan  - Growth,INF277K01659,,52.4805,51.9557,52.4805,2017-08-09
100417,Tata Income Fund - Regular Plan - Half Yearly Dividend,INF277K01DU6,INF277K01675,13.6265,13.4902,13.6265,2017-08-09
101186,Tata Income Fund - Regular Plan  - Periodic Dividend,INF277K01DT8,INF277K01667,30.4256,30.1213,30.4256,2017-08-09
100416,Tata Long Term Debt Fund - Regular Plan - Quarterly Dividend,INF277K01DV4,INF277K01683,11.8244,11.7062,11.8244,2017-08-09
133869,UTI Bond Fund - Annual Div Option,INF789FA1T23,INF789FA1T31,11.3809,11.3809,0,2017-08-09
139339,UTI Bond Fund - Direct Plan - Annual Div Option,INF789FA1T80,,11.5068,11.5068,0,2017-08-09
133872,UTI Bond Fund - Flexi Dividend Option,INF789FA1T49,INF789FA1T56,11.3837,11.3837,0,2017-08-09
133280,UTI Bond Fund - Flexi Dividend Option - Direct,INF789FA1U04,INF789FA1U12,11.8137,11.8137,0,2017-08-09
135581,UTI Bond Fund - Half Yearly Div Option,INF789FA1T07,INF789FA1T15,11.2012,11.2012,0,2017-08-09
120690,UTI Bond Fund- Quarterly Div Option - Direct,INF789F01SO1,INF789F01SP8,17.3808,17.3808,17.3808,2017-08-09
100741,UTI Bond Fund- Regular Plan - Growth,INF789F01406,,52.0268,52.0268,52.0268,2017-08-09
120689,UTI Bond Fund-Growth - Direct,INF789F01SQ6,,54.3302,54.3302,54.3302,2017-08-09
100742,UTI Bond Fund-Quarterly Div Option,INF789F01380,INF789F01398,14.7392,14.7392,14.7392,2017-08-09
131623,ICICI Prudential Long Term Bond Fund - Annual Dividend,INF109KA11C4,INF109KA10C6,11.2786,11.1658,11.2786,2017-08-09
122673,ICICI Prudential Long Term Bond Fund - Bonus,INF109KA1335,,54.9299,54.3806,54.9299,2017-08-09
120743,ICICI Prudential Long Term Bond Fund - Direct Plan - Growth,INF109K017L8,,57.4949,56.9200,57.4949,2017-08-09
120748,ICICI Prudential Long Term Bond Fund - Direct Plan - Half Yearly Dividend,INF109K018L6,INF109K019L4,12.2571,12.1345,12.2571,2017-08-09
120747,ICICI Prudential Long Term Bond Fund - Direct Plan - Quarterly Dividend,INF109K010M1,INF109K011M9,12.2163,12.0941,12.2163,2017-08-09
100365,ICICI Prudential Long Term Bond Fund - Growth,INF109K01365,,54.9296,54.3803,54.9296,2017-08-09
100364,ICICI Prudential Long Term Bond Fund - Half Yearly Dividend,INF109K01EX3,INF109K01357,11.5258,11.4105,11.5258,2017-08-09
100367,ICICI Prudential Long Term Bond Fund - Quarterly Dividend,INF109K01EZ8,INF109K01399,11.8925,11.7736,11.8925,2017-08-09
131622,ICICI Prudential Long Term Bond Fund Direct Plan - Annual Dividend,INF109KA13C0,INF109KA12C2,12.4568,12.3322,12.4568,2017-08-09
100366,ICICI Prudential Long Term Bond Fund-Institutional Quarterly Dividend,INF109K01EY1,INF109K01381,11.2838,11.1710,11.2838,2017-08-09
101642,ICICI Prudential Long Term Bond Fund - Institutional Dividend Halfyearly,INF109K01EW5,INF109K01373,11.4708,11.3561,11.4708,2017-08-09
101643,ICICI Prudential Long Term Bond Fund-Institutional Option-Growth,INF109K01407,,59.1104,58.5193,59.1104,2017-08-09
132918,Aditya Birla Sun Life Dynamic Bond Fund - Direct Plan - Dividend,INF209KA1TX3,,12.5445,12.4818,12.5445,2017-08-09
119505,Aditya Birla Sun Life Dynamic Bond Fund - Growth - Direct Plan,INF209K01N82,,31.1825,31.0266,31.1825,2017-08-09
102767,Aditya Birla Sun Life Dynamic Bond Fund - Growth - Regular Plan,INF209K01793,,30.4006,30.2486,30.4006,2017-08-09
119503,Aditya Birla Sun Life Dynamic Bond Fund - Monthly Dividend - Direct Plan,INF209K01R62,,11.4535,11.3962,11.4535,2017-08-09
111521,Aditya Birla Sun Life Dynamic Bond Fund - Monthly Dividend - Regular Plan,INF209K01801,INF209K01DG8,11.2737,11.2173,11.2737,2017-08-09
119502,Aditya Birla Sun Life Dynamic Bond Fund - Quarterly Dividend - Direct Plan,INF209K01R88,,10.8371,10.7829,10.8371,2017-08-09
102766,Aditya Birla Sun Life Dynamic Bond Fund - Quarterly Dividend - Regular Plan,INF209K01819,INF209K01DH6,10.5504,10.4976,10.5504,2017-08-09
132917,Aditya Birla Sun Life Dynamic Bond Fund - Regular Plan - Dividend,INF209KA1TV7,,12.3200,12.2584,12.3200,2017-08-09
111848,Aditya Birla Sun Life Dynamic Bond Fund-Discipline Advantage Plan-Growth,INF209K01JW2,,21.0295,20.9244,21.0295,2017-08-09
115131,Axis Dynamic Bond Fund  - Regular Plan - Half Yearly Dividend option,INF846K01941,INF846K01958,11.1524,11.0409,11.1524,2017-08-09
120451,Axis Dynamic Bond Fund - Direct Plan - Growth Option,INF846K01DI3,,18.5003,18.3153,18.5003,2017-08-09
120450,Axis Dynamic Bond Fund - Direct Plan - Half Yearly Dividend Option,INF846K01DJ1,INF846K01DK9,11.7855,11.6676,11.7855,2017-08-09
120452,Axis Dynamic Bond Fund - Direct Plan - Quarterly Dividend Option,INF846K01DL7,INF846K01DM5,11.3758,11.2620,11.3758,2017-08-09
115068,Axis Dynamic Bond Fund - Regular Plan - Growth Option,INF846K01917,,17.5305,17.3552,17.5305,2017-08-09
115069,Axis Dynamic Bond Fund - Regular Plan - Quarterly Dividend option,INF846K01925,INF846K01933,10.6905,10.5836,10.6905,2017-08-09
117629,Baroda Dynamic Bond Fund - Plan A - Dividend,INF955L01880,,13.2614,13.1951,13.2614,2017-08-09
117631,Baroda Dynamic Bond Fund - Plan A - Growth Option,INF955L01906,,16.0854,16.0050,16.0854,2017-08-09
119336,Baroda Dynamic Bond Fund - Plan B (Direct) - Dividend,INF955L01989,,13.8789,13.8095,13.8789,2017-08-09
119337,Baroda Dynamic Bond Fund - Plan B (Direct) - Growth Option,INF955L01AA3,,16.7263,16.6427,16.7263,2017-08-09
119991,BNP Paribas Flexi Debt Fund - Direct Plan - Daily Dividend Option,,INF251K01GX8,10.3372,10.3372,10.3372,2017-08-09
119992,BNP Paribas Flexi Debt Fund - Direct Plan - Growth Option,INF251K01GW0,,30.4375,30.4375,30.4375,2017-08-09
119993,BNP Paribas Flexi Debt Fund - Direct Plan - Half Yearly Dividend Option,INF251K01HD8,INF251K01HE6,10.0000,10.0000,10.0000,2017-08-09
119994,BNP Paribas Flexi Debt Fund - Direct Plan - Monthly Option,INF251K01GZ3,INF251K01HA4,10.1155,10.1155,10.1155,2017-08-09
119995,BNP Paribas Flexi Debt Fund - Direct Plan - Quarterly Dividend Option,INF251K01HB2,INF251K01HC0,10.3023,10.3023,10.3023,2017-08-09
119996,BNP Paribas Flexi Debt Fund - Direct Plan - Weekly Dividend Option,,INF251K01GY6,10.0000,10.0000,10.0000,2017-08-09
117958,BNP Paribas Flexi Debt Fund Daily Dividend Option,,INF251K01DX5,10.1095,10.1095,10.1095,2017-08-09
117957,BNP Paribas Flexi Debt Fund Growth Option,INF251K01DW7,,29.6095,29.6095,29.6095,2017-08-09
117962,BNP Paribas Flexi Debt Fund Half Yearly Dividend Option,INF251K01ED5,INF251K01EE3,10.5540,10.5540,10.5540,2017-08-09
117960,BNP Paribas Flexi Debt Fund Monthly Option,INF251K01DZ0,INF251K01EA1,10.1123,10.1123,10.1123,2017-08-09
117961,BNP Paribas Flexi Debt Fund Quarterly Dividend Option,INF251K01EB9,INF251K01EC7,10.2885,10.2885,10.2885,2017-08-09
117959,BNP Paribas Flexi Debt Fund Weekly Dividend Option,,INF251K01DY3,10.0981,10.0981,10.0981,2017-08-09
113526,BNP PARIBAS Flexi Debt Fund-Regular Plan A - Growth Option,INF251K01EF0,,20.2737,20.2737,20.2737,2017-08-09
113528,BNP PARIBAS Flexi Debt Fund-Regular Plan A - Quarterly Dividend Option,,INF251K01EH6,10.2971,10.2971,10.2971,2017-08-09
118283,Canara Robeco Dynamic Bond Fund - Direct Plan - Dividend Option,INF760K01EA1,INF760K01EB9,14.5708,14.5708,14.5708,2017-08-09
118284,Canara Robeco Dynamic Bond Fund - Direct Plan - Growth,INF760K01EC7,,20.0792,20.0792,20.0792,2017-08-09
111963,Canara Robeco Dynamic Bond Fund - Regular Plan - Dividend,INF760K01423,INF760K01431,14.1974,14.1974,14.1974,2017-08-09
111962,Canara Robeco Dynamic Bond Fund - Regular Plan - Growth,INF760K01449,,19.6271,19.6271,19.6271,2017-08-09
119240,DSP Strategic Bond Fund - Direct Plan - Daily Dividend,,INF740KA1OX0,1048.0181,1048.0181,1048.0181,2017-08-09
119238,DSP Strategic Bond Fund - Direct Plan - Dividend,INF740K01QI0,INF740K01QK6,1405.0885,1405.0885,1405.0885,2017-08-09
119239,DSP Strategic Bond Fund - Direct Plan - Growth,INF740K01QG4,,2062.3133,2062.3133,2062.3133,2017-08-09
119236,DSP Strategic Bond Fund - Direct Plan - Monthly Dividend,INF740K01QH2,INF740K01QJ8,1053.2020,1053.2020,1053.2020,2017-08-09
119237,DSP Strategic Bond Fund - Direct Plan - Weekly Dividend,INF740KA1OY8,INF740KA1OZ5,1054.4749,1054.4749,1054.4749,2017-08-09
111786,DSP Strategic Bond Fund - Regular Plan - Daily Dividend,,INF740KA1PA5,1067.6892,1067.6892,1067.6892,2017-08-09
105668,DSP Strategic Bond Fund - Regular Plan - Dividend,INF740K01GO9,INF740K01GN1,1205.9987,1205.9987,1205.9987,2017-08-09
105669,DSP Strategic Bond Fund - Regular Plan - Growth,INF740K01GK7,,2028.6444,2028.6444,2028.6444,2017-08-09
105667,DSP Strategic Bond Fund - Regular Plan - Monthly Dividend,INF740K01GM3,INF740K01GL5,1047.4571,1047.4571,1047.4571,2017-08-09
105878,DSP Strategic Bond Fund - Regular Plan - Weekly Dividend,,,1054.4106,1054.4106,1054.4106,2017-08-09
117836,ESSEL FLEXIBLE INCOME FUND - QUARTERLY DIVIDEND,INF959L01510,INF959L01536,13.9412,13.9412,13.9412,2017-08-09
117839,ESSEL FLEXIBLE INCOME FUND MONTHLY DIVIDEND,INF959L01502,INF959L01528,12.9313,12.9313,12.9313,2017-08-09
119151,ESSEL FLEXIBLE INCOME FUND-DIRECT PLAN-GROWTH OPTION,INF959L01627,,14.8026,14.8026,14.8026,2017-08-09
119152,ESSEL FLEXIBLE INCOME FUND-DIRECT PLAN-MONTHLY DIVIDEND OPTION,INF959L01635,INF959L01643,13.4142,13.4142,13.4142,2017-08-09
119153,ESSEL FLEXIBLE INCOME FUND-DIRECT PLAN-QUARTERLY DIVIDEND OPTION,INF959L01650,INF959L01668,14.0412,14.0412,14.0412,2017-08-09
117810,ESSEL FLEXIBLE INCOME FUND-GROWTH,INF959L01494,,14.1078,14.1078,14.1078,2017-08-09
118496,Franklin India Dynamic Accrual Fund - Direct - Dividend,INF090I01GZ9,INF090I01HA0,12.5370,12.1609,12.5370,2017-08-09
118495,Franklin India Dynamic Accrual Fund - Direct - Growth,INF090I01HB8,,61.0697,59.2376,61.0697,2017-08-09
100498,Franklin India Dynamic Accrual Fund-Dividend,INF090I01BN6,INF090I01BO4,12.0190,11.6584,12.0190,2017-08-09
100499,Franklin India Dynamic Accrual Fund-Growth,INF090I01BP1,,58.9646,57.1957,58.9646,2017-08-09
101872,HDFC Dynamic Debt Fund - Growth Option,INF179K01848,,58.8387,58.5445,58.8387,2017-08-09
119075,HDFC Dynamic Debt Fund - Growth Option - Direct Plan,INF179K01WB4,,61.0309,60.7257,61.0309,2017-08-09
119072,HDFC Dynamic Debt Fund - Half Yearly Dividend - Direct Plan,INF179K01WC2,INF179K01WD0,12.8166,12.7525,12.8166,2017-08-09
101874,HDFC Dynamic Debt Fund - Half Yearly Dividend Option,INF179K01855,INF179K01863,11.8978,11.8383,11.8978,2017-08-09
133369,HDFC Dynamic Debt Fund - Normal Dividend - Direct Plan,INF179KA1Q95,,12.8503,12.7860,12.8503,2017-08-09
133370,HDFC Dynamic Debt Fund - Normal Dividend Option,INF179KA1R11,,12.6049,12.5419,12.6049,2017-08-09
119073,HDFC Dynamic Debt Fund - Quarterly Dividend - Direct Plan,INF179K01WE8,INF179K01WF5,12.5674,12.5046,12.5674,2017-08-09
119074,HDFC Dynamic Debt Fund - Yearly Dividend - Direct Plan,INF179K01WG3,INF179K01WH1,13.7038,13.6353,13.7038,2017-08-09
101875,HDFC Dynamic Debt Fund - Yearly Dividend Option,INF179K01921,INF179K01939,13.1877,13.1218,13.1877,2017-08-09
101873,HDFC Dynamic Debt Fund -Quarterly Dividend Option,INF179K01871,INF179K01889,12.1022,12.0417,12.1022,2017-08-09
120048,HSBC Flexi Debt Fund - Growth Direct,INF336L01CO3,,23.8209,23.8209,23.8209,2017-08-09
110439,HSBC Flexi Debt Fund - Half Yearly Dividend,INF336L01487,INF336L01479,12.1824,12.1824,12.1824,2017-08-09
120049,HSBC Flexi Debt Fund - Half-yearly Dividend Direct,INF336L01CP0,INF336L01CQ8,11.6243,11.6243,11.6243,2017-08-09
110438,HSBC Flexi Debt Fund - Quarterly Dividend,INF336L01529,INF336L01511,11.8092,11.8092,11.8092,2017-08-09
120051,HSBC Flexi Debt Fund - Quarterly Dividend Direct,INF336L01CT2,INF336L01CU0,12.27,12.27,12.27,2017-08-09
110440,HSBC Flexi Debt Fund - Regular - Half Yearly Dividend,INF336L01560,INF336L01552,15.7889,15.7889,15.7889,2017-08-09
106738,HSBC Flexi Debt Fund-Fortnightly Dividend,,INF336L01453,10.6217,10.6217,10.6217,2017-08-09
106737,HSBC Flexi Debt Fund-Growth,INF336L01461,,22.995,22.995,22.995,2017-08-09
106739,HSBC Flexi Debt Fund-Monthly Dividend,INF336L01503,INF336L01495,10.5954,10.5954,10.5954,2017-08-09
106736,HSBC Flexi Debt Fund-Reg.Growth,INF336L01545,,22.3228,22.3228,22.3228,2017-08-09
106741,HSBC Flexi Debt Fund-Reg.Monthly Dividend,INF336L01586,INF336L01578,14.1155,14.1155,14.1155,2017-08-09
106770,HSBC Flexi Debt Fund-Regular. Fortnightly Dividend,,INF336L01537,14.3673,14.3673,14.3673,2017-08-09
108220,HSBC Flexi Debt Fund-Regular. Quarterly Dividend,INF336L01602,INF336L01594,13.619,13.619,13.619,2017-08-09
113218,ICICI Prudential All Seasons Bond Fund - Annual Dividend,INF109K01GO7,INF109K01GP4,11.9300,11.9002,11.9300,2017-08-09
130937,ICICI Prudential All Seasons Bond Fund - Bonus,INF109KA1H36,,14.0943,14.0591,14.0943,2017-08-09
120601,ICICI Prudential All Seasons Bond Fund - Direct Plan - Annual Dividend,INF109K012E4,INF109K013E2,11.9441,11.9142,11.9441,2017-08-09
120600,ICICI Prudential All Seasons Bond Fund - Direct Plan - Dividend,INF109K014E0,INF109K015E7,15.2705,15.2323,15.2705,2017-08-09
120603,ICICI Prudential All Seasons Bond Fund - Direct Plan - Growth,INF109K016E5,,21.8830,21.8283,21.8830,2017-08-09
120602,ICICI Prudential All Seasons Bond Fund - Direct Plan - Quarterly Dividend,INF109K017E3,INF109K018E1,11.2751,11.2469,11.2751,2017-08-09
120604,ICICI Prudential All Seasons Bond Fund - Direct Plan - Weekly Dividend,INF109K019E9,INF109K010F5,10.5598,10.5334,10.5598,2017-08-09
130938,ICICI Prudential All Seasons Bond Fund - Direct Plan Bonus,INF109KA1H28,,14.5007,14.4644,14.5007,2017-08-09
112097,ICICI Prudential All Seasons Bond Fund - Dividend,INF109K01GK5,INF109K01GL3,14.4414,14.4053,14.4414,2017-08-09
112096,ICICI Prudential All Seasons Bond Fund - Growth,INF109K01GN9,,21.4446,21.3910,21.4446,2017-08-09
112094,ICICI Prudential All Seasons Bond Fund - Premium Growth Option,INF109K01GM1,,21.2933,21.2401,21.2933,2017-08-09
113403,ICICI Prudential All Seasons Bond Fund - Quarterly Dividend,INF109K01GE8,INF109K01GF5,11.0528,11.0252,11.0528,2017-08-09
101351,ICICI Prudential All Seasons Bond Fund - Weekly Dividend,INF109K01FD2,INF109K01704,10.8115,10.7845,10.8115,2017-08-09
101350,ICICI Prudential All Seasons Bond Fund Retail - Cumulative,INF109K01712,,40.7791,40.6772,40.7791,2017-08-09
113417,ICICI Prudential All Seasons Bond Fund Retail - Quarterly Dividend,INF109K01GG3,INF109K01GH1,11.2029,11.1749,11.2029,2017-08-09
118428,IDBI Dynamic Bond Fund Annual Dividend Direct,INF397L01BR0,,12.1290,12.0077,12.1290,2017-08-09
116582,IDBI Dynamic Bond Fund Annual Dividend Regular,INF397L01638,,10.5949,10.4890,10.5949,2017-08-09
116583,IDBI Dynamic Bond Fund Growth,INF397L01661,,14.4644,14.3198,14.4644,2017-08-09
116811,IDBI Dynamic Bond Fund Growth Direct,INF397L01BN9,,14.8899,14.7410,14.8899,2017-08-09
118429,IDBI Dynamic Bond Fund Quarterly Dividend Direct,INF397L01BO7,INF397L01BP4,13.0439,12.9135,13.0439,2017-08-09
116810,IDBI Dynamic Bond Fund Quarterly Dividend Regular,INF397L01604,INF397L01612,10.5153,10.4101,10.5153,2017-08-09
108561,IDFC Dynamic Bond Fund - Regular Plan - Quarterly Dividend,INF194K01QI0,INF194K01QH2,10.9457,10.9457,10.9457,2017-08-09
108675,IDFC Dynamic Bond Fund - Regular Plan - Annual Dividend,INF194K01QL4,INF194K01QK6,11.0632,11.0632,11.0632,2017-08-09
118415,IDFC  Dynamic Bond Fund-Direct Plan-Annual Dividend,INF194K01O13,INF194K01O05,11.5458,11.5458,11.5458,2017-08-09
118417,IDFC  Dynamic Bond Fund-Direct Plan-Dividend,INF194K01O47,INF194K01O39,12.8968,12.8968,12.8968,2017-08-09
118416,IDFC  Dynamic Bond Fund-Direct Plan-Growth,INF194K01N63,,21.7282,21.7282,21.7282,2017-08-09
122618,IDFC  Dynamic Bond Fund-Direct Plan-Half Yearly Dividend,INF194K011P8,INF194K012P6,10.9984,10.9984,10.9984,2017-08-09
118418,IDFC  Dynamic Bond Fund-Direct Plan-Quarterly Dividend,INF194K01N89,INF194K01N71,12.7150,12.7150,12.7150,2017-08-09
122868,IDFC  Dynamic Bond Fund-Regular Plan-Half Yearly Dividend,INF194K018R9,INF194K019R7,10.8539,10.8539,10.8539,2017-08-09
131396,IDFC DBF -Direct Plan_Periodic Dividend,INF194KA1TP6,INF194KA1TQ4,14.0428,14.0428,14.0428,2017-08-09
131397,IDFC DBF -Regular Plan_Periodic Dividend,INF194KA1TM3,INF194KA1TN1,13.5883,13.5883,13.5883,2017-08-09
111523,IDFC Dynamic Bond Fund -Regular Plan- DIVIDEND,INF194K01QO8,INF194K01QN0,10.6949,10.6949,10.6949,2017-08-09
111524,IDFC Dynamic Bond Fund -Regular Plan-GROWTH,INF194K01QG4,,20.8503,20.8503,20.8503,2017-08-09
122612,IIFL Dynamic Bond Fund - Regular Plan - Growth Option,INF579M01183,,13.5393,13.5393,13.5393,2017-08-09
122715,IIFL Dynamic Bond Fund Direct Plan Growth,INF579M01266,,13.8224,13.8224,13.8224,2017-08-09
122721,IIFL Dynamic Bond Fund Direct Plan Monthly Dividend,INF579M01282,INF579M01316,11.7882,11.7882,11.7882,2017-08-09
122711,IIFL Dynamic Bond Fund Regular Plan Bonus,INF579M01191,,13.5393,13.5393,13.5393,2017-08-09
122720,IIFL Dynamic Bond Fund Regular Plan Half Yearly Dividend,INF579M01225,INF579M01258,13.0653,13.0653,13.0653,2017-08-09
122719,IIFL Dynamic Bond Fund Regular Plan Monthly Dividend,INF579M01209,INF579M01233,11.5212,11.5212,11.5212,2017-08-09
122712,IIFL Dynamic Bond Fund Regular Plan Quarterly Dividend,INF579M01217,INF579M01241,13.0653,13.0653,13.0653,2017-08-09
133414,JM Dynamic Debt Fund (Direct) - Monthly Dividend Option,INF192K01IL5,INF192K01IM3,26.6381,26.6381,26.6381,2017-08-09
120432,JM Dynamic Debt Fund - (Direct)  - Daily Dividend Option,,INF192K01CZ8,10.0110,10.0110,10.0110,2017-08-09
122315,JM Dynamic Debt Fund - (Direct) - Bonus Option-Principal Units,INF192K01EZ4,,26.1883,26.1883,26.1883,2017-08-09
120434,JM Dynamic Debt Fund - (Direct) - Dividend Option,INF192K01DB7,INF192K01DC5,26.4346,26.4346,26.4346,2017-08-09
120435,JM Dynamic Debt Fund - (Direct) - Growth Option,INF192K01DD3,,26.2930,26.2930,26.2930,2017-08-09
133388,JM Dynamic Debt Fund - (Direct) - Half Yearly Bonus Option - Principal Units,INF192K01IP6,,26.4450,26.4450,26.4450,2017-08-09
120433,JM Dynamic Debt Fund - (Direct) - Weekly Dividend Option,,INF192K01DA9,10.5614,10.5614,10.5614,2017-08-09
122323,JM Dynamic Debt Fund - Bonus Option-Principal Units,INF192K01EX9,,25.6660,25.6660,25.6660,2017-08-09
133389,JM Dynamic Debt Fund - Half Yearly Bonus Option - Principal Units,INF192K01IN1,,25.8648,25.8648,25.8648,2017-08-09
133390,JM Dynamic Debt Fund - Monthly Dividend Option,INF192K01IJ9,INF192K01IK7,25.8558,25.8558,25.8558,2017-08-09
105638,JM Dynamic Debt Fund - Premium Plan - Daily Dividend Option,,INF192K01718,10.0063,10.0063,10.0063,2017-08-09
101807,JM Dynamic Debt Fund - Premium Plan - Dividend Option,INF192K01734,INF192K01742,10.3461,10.3461,10.3461,2017-08-09
101808,JM Dynamic Debt Fund - Premium Plan - Growth Option,INF192K01759,,24.8431,24.8431,24.8431,2017-08-09
105639,JM Dynamic Debt Fund - Regular Plan - Daily Dividend Option,,INF192K01668,10.0065,10.0065,10.0065,2017-08-09
101805,JM Dynamic Debt Fund - Regular Plan - Dividend Option,INF192K01684,INF192K01692,25.7329,25.7329,25.7329,2017-08-09
101806,JM Dynamic Debt Fund - Regular Plan - Growth Option,INF192K01700,,25.6524,25.6524,25.6524,2017-08-09
105637,JM Dynamic Debt Fund - Regular Plan - Weekly Dividend Option,,INF192K01676,10.5497,10.5497,10.5497,2017-08-09
119754,Kotak Dynamic Bond Fund - Daily Dividend - Direct,INF174K01JW8,,10.1422,10.1422,10.1422,2017-08-09
119755,Kotak Dynamic Bond Fund - Growth - Direct,INF174K01JU2,,22.5001,22.5001,22.5001,2017-08-09
119753,Kotak Dynamic Bond Fund - Quarterly Dividend - Direct,INF174K01JX6,,10.7607,10.7607,10.7607,2017-08-09
119756,Kotak Dynamic Bond Fund - Weekly Dividend Direct,INF174K01JV0,,12.88,12.88,12.88,2017-08-09
141702,Kotak Dynamic Bond Fund -Regular Plan- Monthly Dividend  Option,INF174K010P4,INF174K012P0,21.8701,21.8701,21.8701,2017-08-09
108500,Kotak Dynamic Bond Fund Regular Plan Daily Dividend,INF174K01FB0,,10.0475,10.0475,10.0475,2017-08-09
108511,Kotak Dynamic Bond Fund Regular Plan Growth,INF174K01FA2,,21.8702,21.8702,21.8702,2017-08-09
117998,Kotak Dynamic Bond Fund Regular Plan Quarterly Dividend,INF174K01IY6,INF174K01IZ3,10.9679,10.9679,10.9679,2017-08-09
108512,Kotak Dynamic Bond Fund Regular Plan Weekly Dividend,INF174K01FC8,,10.5452,10.5452,10.5452,2017-08-09
141703,Kotak Dynamic Bond Fund-Direct Plan-Monthly Dividend  Option,INF174K011P2,INF174K013P8,22.5001,22.5001,22.5001,2017-08-09
134417,L&T Flexi Bond Fund - Direct Plan - Annual Dividend,,,11.1066,11.0511,11.1066,2017-08-09
119427,L&T Flexi Bond Fund - Direct Plan- Dividend,INF917K01GY2,,12.2188,12.1577,12.2188,2017-08-09
119428,L&T Flexi Bond Fund - Direct Plan- Growth,INF917K01HA0,,18.8023,18.7083,18.8023,2017-08-09
134418,L&T Flexi Bond Fund - Regular Plan - Annual Dividend,INF917K01VP9,INF917K01VO2,11.0805,11.0251,11.0805,2017-08-09
118054,L&T Flexi Bond Fund - Regular Plan - Dividend,INF677K01924,INF677K01932,11.2025,11.1465,11.2025,2017-08-09
118053,L&T Flexi Bond Fund - Regular Plan - Growth,INF677K01916,,18.3141,18.2225,18.3141,2017-08-09
140770,Mirae Asset Dynamic Bond Fund -Direct Plan -Dividend,INF769K01DS6,INF769K01DT4,10.3834,10.3315,10.3834,2017-08-09
140769,Mirae Asset Dynamic Bond Fund -Direct Plan -Growth,INF769K01DR8,,10.3834,10.3315,10.3834,2017-08-09
140772,Mirae Asset Dynamic Bond Fund -Regular Plan -Dividend,INF769K01DP2,INF769K01DQ0,10.3345,10.2828,10.3345,2017-08-09
140771,Mirae Asset Dynamic Bond Fund-Regular Plan Growth,INF769K01DO5,,10.3345,10.2828,10.3345,2017-08-09
118750,Nippon India Dynamic Bond Fund - Direct Plan Dividend Plan,INF204K01A33,INF204K01A41,17.3833,17.2095,17.3833,2017-08-09
118747,Nippon India Dynamic Bond Fund - Direct Plan Growth Plan - Growth Option,INF204K01A25,,24.0621,23.8215,24.0621,2017-08-09
118749,Nippon India Dynamic Bond Fund - Direct Plan Quarterly Dividend Plan,INF204K01A58,INF204K01A66,10.5352,10.4298,10.5352,2017-08-09
102851,Nippon India Dynamic Bond Fund-Dividend Plan,INF204K01FJ8,INF204K01FK6,15.6989,15.5419,15.6989,2017-08-09
102849,Nippon India Dynamic Bond Fund-Growth Plan-Growth Option,INF204K01FI0,,23.3399,23.1065,23.3399,2017-08-09
117974,Nippon India Dynamic Bond Fund-Quarterly Dividend Plan,INF204K01XB8,INF204K01XC6,10.5526,10.4471,10.5526,2017-08-09
120084,PGIM India Dynamic Bond Fund - Direct Plan-Growth Option,INF663L01AD7,,1713.4995,1696.3645,1713.4995,2017-08-09
120085,PGIM India Dynamic Bond Fund - Direct Plan-Monthly Dividend Option,INF663L01AF2,INF663L01AE5,1224.5858,1212.3399,1224.5858,2017-08-09
120086,PGIM India Dynamic Bond Fund - Direct Plan-Quarterly Dividend Option,INF663L01AI6,INF663L01AH8,1189.5116,1177.6165,1189.5116,2017-08-09
116483,PGIM India Dynamic Bond Fund - Dividend Option - Monthly,INF663L01492,INF663L01500,1078.0167,1067.2365,1078.0167,2017-08-09
116484,PGIM India Dynamic Bond Fund - Dividend Option - Quarterly,INF663L01526,INF663L01534,1138.0875,1126.7066,1138.0875,2017-08-09
116485,PGIM India Dynamic Bond Fund - Growth Option,INF663L01484,,1644.9899,1628.54,1644.9899,2017-08-09
119460,Principal Dynamic Bond Fund - Direct Plan - Dividend Option -Annually,INF173K01GI5,INF173K01GJ3,12.5326,12.4073,12.5326,2017-08-09
119461,Principal Dynamic Bond Fund - Direct Plan - Growth Option,INF173K01GL9,,30.2806,29.9778,30.2806,2017-08-09
100960,Principal Dynamic Bond Fund - Dividend Option -Annual,INF173K01AX7,INF173K01AY5,12.1041,11.9831,12.1041,2017-08-09
100963,Principal Dynamic Bond Fund - Growth Option,INF173K01AT5,,29.2602,28.9676,29.2602,2017-08-09
100961,Principal Dynamic Bond Fund -Dividend Option - Quarterly,INF173K01AU3,INF173K01AV1,13.4328,13.2985,13.4328,2017-08-09
119459,Principal Dynamic Bond Fund- Direct Plan - Dividend Option - Quarterly,INF173K01GM7,INF173K01GN5,13.5197,13.3845,13.5197,2017-08-09
100173,Quant Dynamic Bond-Bonus,INF966L01101,,29.6654,29.3687,29.6654,2017-08-09
120831,Quant Dynamic Bond-Bonus Option-Direct Plan,INF966L01762,,29.6654,29.3687,29.6654,2017-08-09
100171,Quant Dynamic Bond-Dividend,INF966L01077,INF966L01085,11.2250,11.1128,11.2250,2017-08-09
120829,Quant Dynamic Bond-Dividend Option-Direct Plan,INF966L01739,INF966L01747,11.3402,11.2268,11.3402,2017-08-09
100172,Quant Dynamic Bond-Growth,INF966L01093,,56.4022,55.8382,56.4022,2017-08-09
120830,Quant Dynamic Bond-Growth Option-Direct Plan,INF966L01754,,56.8886,56.3197,56.8886,2017-08-09
134494,Quantum Dynamic Bond Fund - Direct Plan Growth Option,INF082J01176,,12.9471,12.9471,12.9471,2017-08-09
134493,Quantum Dynamic Bond Fund - Direct Plan Monthly Dividend Option,INF082J01184,INF082J01192,10.2910,10.2910,10.2910,2017-08-09
141061,Quantum Dynamic Bond Fund - Regular Plan Growth Option,INF082J01218,,12.9435,12.9435,12.9435,2017-08-09
141060,Quantum Dynamic Bond Fund - Regular Plan Monthly Dividend Option,INF082J01226,INF082J01234,10.2904,10.2904,10.2904,2017-08-09
119670,SBI Dynamic Bond Fund - DIRECT PLAN - Dividend,INF200K01RB8,INF200K01RC6,14.0825,14.0473,14.0825,2017-08-09
119671,SBI Dynamic Bond Fund - DIRECT PLAN - Growth,INF200K01RD4,,22.1091,22.0538,22.1091,2017-08-09
102206,SBI Dynamic Bond Fund - REGULAR PLAN - Dividend,INF200K01966,INF200K01974,12.9643,12.9319,12.9643,2017-08-09
102205,SBI Dynamic Bond Fund - REGULAR PLAN - Growth,INF200K01958,,21.4706,21.4169,21.4706,2017-08-09
102031,Tata Dynamic Bond Fund B - Dividend,INF277K01DF7,INF277K01378,16.3574,16.2756,16.3574,2017-08-09
101910,Tata Dynamic Bond Fund B - Growth,INF277K01386,,26.9696,26.8348,26.9696,2017-08-09
101224,Tata Dynamic Bond Fund Regular Plan - Dividend,INF277K01DE0,INF277K01352,15.2487,15.1725,15.2487,2017-08-09
101909,Tata Dynamic Bond Fund Regular Plan - Growth,INF277K01360,,26.4428,26.3106,26.4428,2017-08-09
119098,Tata Dynamic Bond Fund- Direct Plan-Bonus/Dividend,INF277K01MT9,INF277K01MU7,16.4109,16.3288,16.4109,2017-08-09
119097,Tata Dynamic Bond Fund- Direct Plan-Growth,INF277K01MV5,,27.6868,27.5484,27.6868,2017-08-09
114538,Taurus Dynamic Income Fund - Regular Plan - Dividend Option,INF044D01AH8,INF044D01AI6,9.6476,9.5511,9.6476,2017-08-09
114537,Taurus Dynamic Income Fund - Regular Plan - Growth Option,INF044D01AK2,,14.5292,14.3839,14.5292,2017-08-09
118875,Taurus Dynamic Income Fund-Direct Plan-Dividend Option,INF044D01DA7,INF044D01DB5,9.6932,9.5963,9.6932,2017-08-09
118874,Taurus Dynamic Income Fund-Direct Plan-Growth Option,INF044D01CZ6,,14.9314,14.7821,14.9314,2017-08-09
119310,Union Dynamic Bond Fund - Direct Plan - Dividend Option,INF582M01815,INF582M01807,11.7968,11.7378,11.7968,2017-08-09
119311,Union Dynamic Bond Fund - Direct Plan - Growth Option,INF582M01799,,15.5687,15.4909,15.5687,2017-08-09
116556,Union Dynamic Bond Fund - Dividend Option,INF582M01351,INF582M01344,11.3107,11.2541,11.3107,2017-08-09
116555,Union Dynamic Bond Fund - Growth Option,INF582M01336,,15.0508,14.9755,15.0508,2017-08-09
135536,UTI Dynamic Bond Fund - Direct Plan - Annual Div Option,INF789FA1S65,INF789FA1S73,11.504,11.504,0,2017-08-09
120763,UTI Dynamic Bond Fund - Direct Plan - Dividend Option,INF789F01XB8,INF789F01XC6,16.1388,16.1388,16.1388,2017-08-09
133180,UTI Dynamic Bond Fund - Direct Plan - Flexi Dividend Option,INF789FA1S81,INF789FA1S99,11.6548,11.6548,11.6548,2017-08-09
120762,UTI Dynamic Bond Fund - Direct Plan - Growth Option,INF789F01XD4,,20.5426,20.5426,20.5426,2017-08-09
134788,UTI Dynamic Bond Fund - Direct Plan - Half Yearly Div Option,INF789FA1S40,INF789FA1S57,11.5534,11.5534,0,2017-08-09
133852,UTI Dynamic Bond Fund - Regular Plan - Annual Div Option,INF789FA1S08,INF789FA1S16,11.453,11.453,0,2017-08-09
135336,UTI Dynamic Bond Fund - Regular Plan - Flexi Div Option,INF789FA1S24,INF789FA1S32,11.5319,11.5319,0,2017-08-09
113077,UTI Dynamic Bond Fund - Regular Plan - Growth Option,INF789F01JQ5,,19.9764,19.9764,19.9764,2017-08-09
139181,UTI Dynamic Bond Fund - Regular Plan - Half Yearly Div Option,INF789FA1R82,INF789FA1R90,11.3123,11.3123,0,2017-08-09
113078,UTI Dynamic Bond Fund - Regular Plan - Quarterly Div Option,INF789F01JO0,INF789F01JP7,12.3003,12.3003,12.3003,2017-08-09
111780,Aditya Birla Sun Life Corporate Bond Fund - Discipline Advantage Plan,INF209K01KK5,,19.8081,19.8081,19.8081,2017-08-09
124832,Aditya Birla Sun Life Corporate Bond Fund - Dividend - Direct Plan,INF209KA1KT0,,12.0457,12.0457,12.0457,2017-08-09
124833,Aditya Birla Sun Life Corporate Bond Fund - Dividend - Regular Plan,INF209KA1KS2,,12.0563,12.0563,12.0563,2017-08-09
119533,Aditya Birla Sun Life Corporate Bond Fund - Growth - Direct Plan,INF209K01S38,,64.6638,64.6638,64.6638,2017-08-09
103178,Aditya Birla Sun Life Corporate Bond Fund - Growth - Regular Plan,INF209K01785,,64.3588,64.3588,64.3588,2017-08-09
119532,Aditya Birla Sun Life Corporate Bond Fund - Monthly Dividend - Direct Plan,INF209K01N90,,11.8342,11.8342,11.8342,2017-08-09
103183,Aditya Birla Sun Life Corporate Bond Fund - Monthly Dividend - Regular Plan,INF209K01983,INF209K01DL8,11.7989,11.7989,11.7989,2017-08-09
141586,Axis Corporate Debt Fund - Direct Plan Daily Dividend Reinvestment,INF846K01ZN6,,10.0793,10.0793,10.0793,2017-08-09
141588,Axis Corporate Debt Fund - Direct Plan Growth,INF846K01ZM8,,10.0813,10.0813,10.0813,2017-08-09
141590,Axis Corporate Debt Fund - Direct Plan Monthly Dividend,INF846K01ZQ9,INF846K01ZR7,10.0813,10.0813,10.0813,2017-08-09
141591,Axis Corporate Debt Fund - Direct Plan Regular Dividend,INF846K01ZS5,INF846K01ZT3,10.0813,10.0813,10.0813,2017-08-09
141587,Axis Corporate Debt Fund - Direct Plan Weekly Dividend,INF846K01ZO4,INF846K01ZP1,10.0815,10.0815,10.0815,2017-08-09
141589,Axis Corporate Debt Fund - Regular Plan Daily Dividend Reinvestment,INF846K01ZV9,,10.0727,10.0727,10.0727,2017-08-09
141593,Axis Corporate Debt Fund - Regular Plan Growth,INF846K01ZU1,,10.0745,10.0745,10.0745,2017-08-09
141594,Axis Corporate Debt Fund - Regular Plan Monthly Dividend,INF846K01ZY3,INF846K01ZZ0,10.0745,10.0745,10.0745,2017-08-09
141595,Axis Corporate Debt Fund - Regular Plan Regular Dividend,INF846K01A03,INF846K01A11,10.0745,10.0745,10.0745,2017-08-09
141592,Axis Corporate Debt Fund - Regular Plan Weekly Dividend,INF846K01ZW7,INF846K01ZX5,10.0745,10.0745,10.0745,2017-08-09
117949,BNP PARIBAS CORPORATE BOND FUND  ANNUAL DIVIDEND OPTION,INF251K01EU9,INF251K01EV7,10.4352,10.4352,10.4352,2017-08-09
117950,BNP PARIBAS CORPORATE BOND FUND  MONTHLY DIVIDEND OPTION,INF251K01EQ7,INF251K01ER5,10.1017,10.1017,10.1017,2017-08-09
119983,BNP Paribas Corporate Bond Fund - Direct Plan - Annual Dividend Option,INF251K01GU4,INF251K01GV2,10.5286,10.5286,10.5286,2017-08-09
119984,BNP Paribas Corporate Bond Fund - Direct Plan - Growth Option,INF251K01GP4,,18.8551,18.8551,18.8551,2017-08-09
119985,BNP Paribas Corporate Bond Fund - Direct Plan - Monthly Dividend Option,INF251K01GQ2,INF251K01GR0,10.1037,10.1037,10.1037,2017-08-09
119986,BNP Paribas Corporate Bond Fund - Direct Plan - Quarterly Dividend Option,INF251K01GS8,INF251K01GT6,10.3790,10.3790,10.3790,2017-08-09
114100,BNP PARIBAS Corporate Bond Fund - Regular Plan - Annual-Dividend Option,INF251K01EN4,INF251K01EO2,10.4342,10.4342,10.4342,2017-08-09
114099,BNP PARIBAS Corporate Bond Fund - Regular Plan - Growth Option,INF251K01EI4,,21.1573,21.1573,21.1573,2017-08-09
114105,BNP PARIBAS Corporate Bond Fund - Regular Plan - Monthly-Dividend Option,INF251K01EJ2,INF251K01EK0,10.1018,10.1018,10.1018,2017-08-09
114097,BNP PARIBAS Corporate Bond Fund - Regular Plan - Quarterly-Dividend Option,INF251K01EL8,INF251K01EM6,10.1867,10.1867,10.1867,2017-08-09
117951,BNP PARIBAS CORPORATE BOND FUND GROWTH OPTION,INF251K01EP9,,18.3495,18.3495,18.3495,2017-08-09
117948,BNP PARIBAS CORPORATE BOND FUND QUARTERLY DIVIDEND OPTION,INF251K01ES3,INF251K01ET1,10.1864,10.1864,10.1864,2017-08-09
126686,Canara Robeco Corporate Bond Fund - Direct Plan - Dividend,INF760K01HC0,INF760K01HD8,11.6472,11.6472,11.6472,2017-08-09
126685,Canara Robeco Corporate Bond Fund - Direct Plan - Growth,INF760K01HB2,,13.8653,13.8653,13.8653,2017-08-09
126688,Canara Robeco Corporate Bond Fund - Regular Plan - Dividend,INF760K01GZ3,INF760K01HA4,11.4397,11.4397,11.4397,2017-08-09
126687,Canara Robeco Corporate Bond Fund - Regular Plan - Growth,INF760K01GY6,,13.6378,13.6378,13.6378,2017-08-09
140334,Edelweiss Corporate Bond Fund - Direct Plan - Dividend Option,INF843K01JK3,INF843K01JL1,13.2002,13.0682,13.2002,2017-08-09
140333,Edelweiss Corporate Bond Fund - Direct Plan - Growth Option,INF843K01JI7,,13.1971,13.0651,13.1971,2017-08-09
140346,Edelweiss Corporate Bond Fund - Regular Plan - Annual Dividend Option,INF843K01KB0,INF843K01JZ1,13.0196,12.8894,13.0196,2017-08-09
140337,Edelweiss Corporate Bond Fund - Regular Plan - Dividend Option,INF843K01JU2,INF843K01JV0,13.0217,12.8915,13.0217,2017-08-09
140344,Edelweiss Corporate Bond Fund - Regular Plan - Fortnightly Dividend Option,INF843K01JX6,,10.6922,10.5853,10.6922,2017-08-09
140336,Edelweiss Corporate Bond Fund - Regular Plan - Growth Option,INF843K01JS6,,13.0195,12.8893,13.0195,2017-08-09
140345,Edelweiss Corporate Bond Fund - Regular Plan - Monthly Dividend Option,INF843K01KA2,INF843K01JY4,10.5474,10.4419,10.5474,2017-08-09
140343,Edelweiss Corporate Bond Fund - Regular Plan - Weekly Dividend Option,INF843K01JW8,,10.6764,10.5696,10.6764,2017-08-09
100527,Franklin India Corporate Debt Fund - Annual Dividend,INF090I01DH4,INF090I01DI2,17.8846,17.7952,17.8846,2017-08-09
118570,Franklin India Corporate Debt Fund - Direct - ANNUAL DIVIDEND,INF090I01FX6,INF090I01FY4,18.7109,18.6173,18.7109,2017-08-09
118569,Franklin India Corporate Debt Fund - Direct - GROWTH,INF090I01FW8,,61.1664,60.8606,61.1664,2017-08-09
118573,Franklin India Corporate Debt Fund - Direct - HALF YEARLY DIVIDEND,INF090I01FU2,INF090I01FV0,15.2168,15.1407,15.2168,2017-08-09
118571,Franklin India Corporate Debt Fund - Direct - MONTHLY DIVIDEND,INF090I01FQ0,INF090I01FR8,16.8709,16.7865,16.8709,2017-08-09
118572,Franklin India Corporate Debt Fund - Direct - QUARTERLY DIVIDEND,INF090I01FS6,INF090I01FT4,14.3707,14.2988,14.3707,2017-08-09
100528,Franklin India Corporate Debt Fund - Growth,INF090I01DG6,,59.0306,58.7354,59.0306,2017-08-09
100531,Franklin India Corporate Debt Fund - Half Yearly Dividend,INF090I01DN2,INF090I01DO0,14.3506,14.2788,14.3506,2017-08-09
100529,Franklin India Corporate Debt Fund - Monthly Dividend,INF090I01DJ0,INF090I01DK8,16.1490,16.0683,16.1490,2017-08-09
100530,Franklin India Corporate Debt Fund - Quarterly Dividend,INF090I01DL6,INF090I01DM4,13.7429,13.6742,13.7429,2017-08-09
132849,HDFC Corporate Bond Fund - Direct Option - Normal Dividend Option,INF179KA1D17,,12.9338,12.9338,12.9338,2017-08-09
113070,HDFC Corporate Bond Fund - Growth Option,INF179K01DC2,,18.7685,18.7685,18.7685,2017-08-09
113071,HDFC Corporate Bond Fund - Quarterly Dividend Option,INF179K01DD0,INF179K01DE8,10.4149,10.4149,10.4149,2017-08-09
132848,HDFC Corporate Bond Fund - Regular Option - Normal Dividend Option,INF179KA1D33,,12.7653,12.7653,12.7653,2017-08-09
118987,HDFC Corporate Bond Fund -Direct Plan - Growth Option,INF179K01XD8,,18.8461,18.8461,18.8461,2017-08-09
118986,HDFC Corporate Bond Fund -Direct Plan - Quarterly Dividend Option,INF179K01XB2,INF179K01XC0,10.4592,10.4592,10.4592,2017-08-09
130947,ICICI Prudential Corporate Bond Fund - Bonus,INF109KA1I84,,12.3402,12.3402,12.3402,2017-08-09
111988,ICICI Prudential Corporate Bond Fund - Daily Dividend,INF109K01CR9,,10.2296,10.2296,10.2296,2017-08-09
120695,ICICI Prudential Corporate Bond Fund - Direct Plan - Daily Dividend,INF109K013B8,,10.1279,10.1279,10.1279,2017-08-09
120696,ICICI Prudential Corporate Bond Fund - Direct Plan - Fortnightly Dividend,INF109K014B6,INF109K015B3,10.9687,10.9687,10.9687,2017-08-09
120692,ICICI Prudential Corporate Bond Fund - Direct Plan - Growth,INF109K016B1,,17.6811,17.6811,17.6811,2017-08-09
131152,ICICI Prudential Corporate Bond Fund - Direct Plan - Half Yearly Dividend Option,INF109KA1N38,INF109KA1N20,12.0512,12.0512,12.0512,2017-08-09
120697,ICICI Prudential Corporate Bond Fund - Direct Plan - Monthly Dividend,INF109K017B9,INF109K018B7,10.2556,10.2556,10.2556,2017-08-09
120694,ICICI Prudential Corporate Bond Fund - Direct Plan - Quarterly Dividend,INF109K019B5,INF109K012C8,12.3354,12.3354,12.3354,2017-08-09
120693,ICICI Prudential Corporate Bond Fund - Direct Plan - Weekly Dividend,INF109K010C2,INF109K011C0,10.2232,10.2232,10.2232,2017-08-09
111990,ICICI Prudential Corporate Bond Fund - Fortnightly Dividend,INF109K01SJ2,INF109K01CS7,10.2582,10.2582,10.2582,2017-08-09
111987,ICICI Prudential Corporate Bond Fund - Growth,INF109K01CQ1,,17.2586,17.2586,17.2586,2017-08-09
131151,ICICI Prudential Corporate Bond Fund - Half Yearly Dividend Option,INF109KA1N12,INF109KA1N04,11.8862,11.8862,11.8862,2017-08-09
111991,ICICI Prudential Corporate Bond Fund - Monthly Dividend,INF109K01SK0,INF109K01CT5,10.3151,10.3151,10.3151,2017-08-09
111982,ICICI Prudential Corporate Bond Fund - Premium Daily Dividend,INF109K01CL2,,10.1279,10.1279,10.1279,2017-08-09
111989,ICICI Prudential Corporate Bond Fund - Weekly Dividend,INF109K01SL8,INF109K01SM6,10.3078,10.3078,10.3078,2017-08-09
111992,ICICI Prudential Corporate Bond Fund -Quarterly Dividend,INF109K01SN4,INF109K01SO2,10.7194,10.7194,10.7194,2017-08-09
111976,ICICI Prudential Corporate Bond Fund Retail Daily Dividend,INF109K01CF4,,10.1279,10.1279,10.1279,2017-08-09
111978,ICICI Prudential Corporate Bond Fund Retail Fort Nightly Dividend,INF109K01SF0,INF109K01CH0,10.2581,10.2581,10.2581,2017-08-09
111972,ICICI Prudential Corporate Bond Fund Retail Growth,INF109K01CE7,,18.7467,18.7467,18.7467,2017-08-09
111979,ICICI Prudential Corporate Bond Fund Retail Monthly Dividend,INF109K01QM0,INF109K01CI8,10.2549,10.2549,10.2549,2017-08-09
111980,ICICI Prudential Corporate Bond Fund Retail Quarterly Dividend,INF109K01FQ4,INF109K01CJ6,10.7259,10.7259,10.7259,2017-08-09
111977,ICICI Prudential Corporate Bond Fund Retail Weekly Dividend,INF109K01SE3,INF109K01CG2,10.2230,10.2230,10.2230,2017-08-09
139202,IDFC CBF-Regular Plan_Monthly Dividend,INF194KA1R28,INF194KA1R36,10.5543,10.5543,10.5543,2017-08-09
139201,IDFC CBF_Direct Plan_Annual Dividend,INF194KA1T34,INF194KA1T42,10.4451,10.4451,10.4451,2017-08-09
135916,IDFC CBF_Direct Plan_Growth,INF194KA1M23,,11.6067,11.6067,11.6067,2017-08-09
139198,IDFC CBF_Direct Plan_Monthly Dividend,INF194KA1S43,INF194KA1S50,10.2797,10.2797,10.2797,2017-08-09
135917,IDFC CBF_Direct Plan_Peiodic Dividend,INF194KA1M31,INF194KA1M49,11.0346,11.0346,11.0346,2017-08-09
139199,IDFC CBF_Direct Plan_Quarterly Dividend,INF194KA1S76,INF194KA1S84,10.3861,10.3861,10.3861,2017-08-09
139204,IDFC CBF_Regular Plan_Annual Dividend,INF194KA1S19,INF194KA1S27,10.4371,10.4371,10.4371,2017-08-09
135914,IDFC CBF_Regular Plan_Growth,INF194KA1L81,,11.5470,11.5470,11.5470,2017-08-09
139203,IDFC CBF_Regular Plan_Half Yearly Dividend,INF194KA1R85,INF194KA1R93,10.9749,10.9749,10.9749,2017-08-09
135915,IDFC CBF_Regular Plan_Peiodic Dividend,INF194KA1L99,INF194KA1M07,11.0368,11.0368,11.0368,2017-08-09
139205,IDFC CBF_Regular Plan_Quarterly Dividend,INF194KA1R51,INF194KA1R69,10.5420,10.5420,10.5420,2017-08-09
106179,Invesco India Corporate Bond Fund - AnnualDividend,INF205K01QX3,INF205K01QY1,1754.2217,1754.2217,1754.2217,2017-08-09
120497,Invesco India Corporate Bond Fund - Direct Plan - Growth,INF205K01RF8,,2063.1121,2063.1121,2063.1121,2017-08-09
120496,Invesco India Corporate Bond Fund - Direct Plan - MonthlyDividend,INF205K01RG6,INF205K01RH4,1259.5038,1259.5038,1259.5038,2017-08-09
120501,Invesco India Corporate Bond Fund - Direct Plan - Quarterly Dividend,INF205K01RI2,INF205K01RJ0,1139.4284,1139.4284,1139.4284,2017-08-09
106177,Invesco India Corporate Bond Fund - Growth,INF205K01RM4,,1994.6106,1994.6106,1994.6106,2017-08-09
106171,Invesco India Corporate Bond Fund - MonthlyDividend,INF205K01RN2,INF205K01RO0,1467.3119,1467.3119,1467.3119,2017-08-09
106172,Invesco India Corporate Bond Fund - QuarterlyDividend,INF205K01RP7,INF205K01RQ5,1111.6816,1111.6816,1111.6816,2017-08-09
133791,Kotak Corporate Bond Fund- Direct Plan- Growth Option,INF178L01BY0,,2239.9785,2239.9785,2239.9785,2017-08-09
133792,Kotak Corporate Bond Fund- Direct Plan- Monthly Dividend Option,INF178L01BZ7,,1107.9174,1107.9174,1107.9174,2017-08-09
133782,Kotak Corporate Bond Fund- Regular Plan-Growth Option,INF178L01BO1,,2200.38,2200.38,2200.38,2017-08-09
133787,Kotak Corporate Bond Fund- Regular Plan-Monthly Dividend Option,INF178L01BQ6,INF178L01BP8,1053.8642,1053.8642,1053.8642,2017-08-09
133777,Kotak Corporate Bond Fund- Regular Plan-Quarterly Dividend Option,INF178L01BR4,,1060.4371,1060.4371,1060.4371,2017-08-09
119844,L&T Triple Ace Bond Fund - Direct Plan -Growth,INF917K01HN3,,44.1526,44.1526,44.1526,2017-08-09
119846,L&T Triple Ace Bond Fund - Direct Plan -Semi Annual Dividend,INF917K01HR4,INF917K01HQ6,18.0057,18.0057,18.0057,2017-08-09
134424,L&T Triple Ace Bond Fund - Regular Plan - Annual Dividend,INF917K01WB7,INF917K01WA9,11.0406,11.0406,11.0406,2017-08-09
112414,L&T Triple Ace Bond Fund - Regular Plan - Quarterly Dividend,INF917K01AF4,INF917K01AG2,11.3076,11.3076,11.3076,2017-08-09
119847,L&T Triple Ace Bond Fund -Direct Plan- Quarterly Dividend,INF917K01HP8,INF917K01HO1,12.2118,12.2118,12.2118,2017-08-09
112420,L&T Triple Ace Bond Fund -Regular Plan - Bonus,INF917K01AK4,,16.152,16.152,16.152,2017-08-09
112416,L&T Triple Ace Bond Fund -Regular Plan - Semi Annual Dividend,INF917K01AI8,INF917K01AJ6,15.8196,15.8196,15.8196,2017-08-09
112410,L&T Triple Ace Bond Fund-Regular Plan-Growth,INF917K01AH0,,42.522,42.522,42.522,2017-08-09
125266,Nippon India Corporate Bond Fund - Direct Plan - Dividend Plan,INF204KA1EO9,INF204KA1EP6,11.3276,11.3276,11.3276,2017-08-09
118808,Nippon India Corporate Bond Fund - Direct Plan Daily Dividend Reinvestment Option,,INF204K01C23,17.0959,17.0959,17.0959,2017-08-09
118807,Nippon India Corporate Bond Fund - Direct Plan Growth Plan - Bonus,INF204K01D63,,25.5223,25.5223,25.5223,2017-08-09
118814,Nippon India Corporate Bond Fund - Direct Plan Growth Plan - Growth Option,INF204K01C15,,35.7481,35.7481,35.7481,2017-08-09
118809,Nippon India Corporate Bond Fund - Direct Plan Monthly Dividend Plan,INF204K01C56,INF204K01C64,11.2536,11.2536,11.2536,2017-08-09
118811,Nippon India Corporate Bond Fund - Direct Plan Quarterly Dividend Plan,INF204K01C72,INF204K01C80,11.6466,11.6466,11.6466,2017-08-09
118812,Nippon India Corporate Bond Fund - Direct Plan Weekly Dividend Plan,INF204K01C31,INF204K01C49,17.0987,17.0987,17.0987,2017-08-09
125267,Nippon India Corporate Bond Fund - Dividend Plan,INF204KA1EM3,INF204KA1EN1,11.2398,11.2398,11.2398,2017-08-09
100859,Nippon India Corporate Bond Fund - Growth Plan - Bonus Option,INF204KA12N8,,25.0565,25.0565,25.0565,2017-08-09
100856,Nippon India Corporate Bond Fund - Growth Plan - Growth Option,INF204K01EF9,,35.0836,35.0836,35.0836,2017-08-09
100857,Nippon India Corporate Bond Fund - Monthly Dividend Plan,INF204K01EJ1,INF204K01EK9,11.1731,11.1731,11.1731,2017-08-09
100858,Nippon India Corporate Bond Fund - Quarterly Dividend Plan,INF204K01EL7,INF204K01EM5,11.5494,11.5494,11.5494,2017-08-09
109472,Nippon India Corporate Bond Fund- Daily Dividend Reinvestment Plan,,INF204K01EG7,17.0959,17.0959,17.0959,2017-08-09
109473,Nippon India Corporate Bond Fund- Weekly Dividend Plan,INF204K01EH5,INF204K01EI3,17.0983,17.0983,17.0983,2017-08-09
138317,PGIM India Premier Bond Fund - Annual Dividend,INF223J01CY6,INF223J01CZ3,11.2761,11.2761,11.2761,2017-08-09
138329,PGIM India Premier Bond Fund - Direct Plan - Annual Dividend,INF223J01OM6,,12.3575,12.3575,12.3575,2017-08-09
138330,PGIM India Premier Bond Fund - Direct Plan - Growth,INF223J01OO2,,28.0174,28.0174,28.0174,2017-08-09
138331,PGIM India Premier Bond Fund - Direct Plan - Monthly Dividend,INF223J01OP9,,15.9333,15.9333,15.9333,2017-08-09
138332,PGIM India Premier Bond Fund - Direct Plan - Quarterly Dividend,INF223J01OR5,INF223J01OS3,13.2189,13.2189,13.2189,2017-08-09
138318,PGIM India Premier Bond Fund - Growth,INF223J01DB2,,26.8604,26.8604,26.8604,2017-08-09
138334,PGIM India Premier Bond Fund - Half-Yearly Bonus,INF223J01WF3,,12.5464,12.5464,12.5464,2017-08-09
138316,PGIM India Premier Bond Fund - Monthly Dividend,INF223J01DC0,INF223J01DD8,13.5948,13.5948,13.5948,2017-08-09
138323,PGIM India Premier Bond Fund - Premium Plus Plan - Growth,INF223J01CQ2,,16.1342,16.1342,16.1342,2017-08-09
138315,PGIM India Premier Bond Fund - Quarterly Dividend,INF223J01DE6,INF223J01DF3,12.1087,12.1087,12.1087,2017-08-09
119479,Principal Corporate Bond Fund  - Direct Plan -Growth Option,INF173K01HM5,,30.6442,30.3378,30.6442,2017-08-09
102169,Principal Corporate Bond Fund - Dividend - Monthly,INF173K01312,INF173K01320,10.3125,10.2094,10.3125,2017-08-09
102170,Principal Corporate Bond Fund - Dividend - Quarterly,INF173K01338,INF173K01346,12.1843,12.0625,12.1843,2017-08-09
102171,Principal Corporate Bond Fund -Growth,INF173K01288,,29.5280,29.2327,29.5280,2017-08-09
119630,Sundaram  Corporate Bond Fund - Direct Plan - Quarterly Dividend Option,INF903J01NU8,INF903J01NV6,14.6476,14.6476,14.6476,2017-08-09
119631,Sundaram  Corporate Bond Fund Direct Plan Annual Dividend Option,INF903J01OX0,INF903J01OZ5,13.5084,13.5084,13.5084,2017-08-09
119621,Sundaram Corporate Bond Fund -  Direct Plan - Growth Option,INF903J01NR4,,24.2804,24.2804,24.2804,2017-08-09
119622,Sundaram Corporate Bond Fund Direct Plan - Monthly Dividend Option,INF903J01NS2,INF903J01NT0,12.0803,12.0803,12.0803,2017-08-09
100788,Sundaram Corporate Bond Fund Regular - Annual  Dividend,INF903J01IA0,INF903J01IE2,13.4378,13.4378,13.4378,2017-08-09
100789,Sundaram Corporate Bond Fund Regular - Growth,INF903J01HW6,,24.0121,24.0121,24.0121,2017-08-09
100787,Sundaram Corporate Bond Fund Regular - Half  Yearly Dividend,INF903J01HZ9,INF903J01ID4,13.7752,13.7752,13.7752,2017-08-09
100785,Sundaram Corporate Bond Fund Regular - Monthly Dividend,INF903J01HX4,INF903J01IB8,11.7214,11.7214,11.7214,2017-08-09
100786,Sundaram Corporate Bond Fund Regular - Quarterly Dividend,INF903J01HY2,INF903J01IC6,14.5681,14.5681,14.5681,2017-08-09
101092,SUNDARAM GILT FUND (Growth. OPTION),INF903J01FA6,,27.9692,27.9692,27.9692,2017-08-09
119603,Sundaram Gilt Fund - Direct Plan - Growth Option,INF903J01NY0,,28.5098,28.5098,28.5098,2017-08-09
101059,SUNDARAM GILT FUND (DIV. OPTION),INF903J01FB4,INF903J01FC2,12.3854,12.3854,12.3854,2017-08-09
119608,Sundaram Gilt Fund - Direct Plan - Dividend Option,INF903J01NW4,INF903J01NX2,12.6871,12.6871,12.6871,2017-08-09
119644,Sundaram Regular Savings Fund - Direct Plan - Growth Option,INF903J01OF7,,16.4812,16.0692,16.4812,2017-08-09
112873,Sundaram Regular Savings Fund - DIVIDEND,INF903J01HJ3,INF903J01HM7,12.3760,12.0666,12.3760,2017-08-09
112874,Sundaram Regular Savings Fund - GROWTH,INF903J01HI5,,16.1140,15.7112,16.1140,2017-08-09
112871,Sundaram Regular Savings Fund - Half-yearly Dividend,INF903J01HL9,INF903J01HO3,12.3559,12.0470,12.3559,2017-08-09
112872,Sundaram Regular Savings Fund - Quarterly Dividend,INF903J01HK1,INF903J01HN5,11.9883,11.6886,11.9883,2017-08-09
119645,Sundaram Regular Savings Fund - Quarterly Dividend Option,INF903J01OK7,INF903J01OL5,12.0919,11.7896,12.0919,2017-08-09
106130,Tata Corporate Bond Fund -Regular Plan  -  Daily Dividend,,INF277K01AA4,1008.4750,1008.4750,1008.4750,2017-08-09
116516,Tata Corporate Bond Fund Retail Investment Plan Daily Dividend Option,,INF277K01GD5,1003.3596,1003.3596,1003.3596,2017-08-09
106128,Tata Corporate Bond Fund Retail Investment Plan Growth,INF277K01AD8,,2182.9110,2182.9110,2182.9110,2017-08-09
106123,Tata Corporate Bond Fund Retail Investment Plan Monthly Dividend,INF277K01CV6,INF277K01AE6,1004.5439,1004.5439,1004.5439,2017-08-09
119102,Tata Corporate Bond Fund- Direct Plan-Daily Dividend,,INF277K013D0,1008.5144,1008.5144,1008.5144,2017-08-09
119104,Tata Corporate Bond Fund- Direct Plan-Growth,INF277K01QT0,,2268.3881,2268.3881,2268.3881,2017-08-09
119105,Tata Corporate Bond Fund- Direct Plan-Monthly Dividend,INF277K01QU8,INF277K01QV6,1004.2886,1004.2886,1004.2886,2017-08-09
119103,Tata Corporate Bond Fund- Direct Plan-Weekly Dividend,INF277K014D8,INF277K015D5,1011.8045,1011.8045,1011.8045,2017-08-09
106129,Tata Corporate Bond Fund -Regular Plan -  Growth,INF277K01998,,2200.3608,2200.3608,2200.3608,2017-08-09
106132,Tata Corporate Bond Fund -Regular Plan -  Monthly Dividend,INF277K01CT0,INF277K01AB2,1004.0762,1004.0762,1004.0762,2017-08-09
106131,Tata Corporate Bond Fund-Regular Plan - Weekly Dividend,INF277K01CU8,INF277K01AC0,1010.8789,1010.8789,1010.8789,2017-08-09
134388,Aditya Birla Sun Life Credit Risk Fund - Direct Plan - Bonus,INF209KA1L12,,12.7447,12.6173,12.7447,2017-08-09
134385,Aditya Birla Sun Life Credit Risk Fund - Direct Plan - Dividend,INF209KA1K96,INF209KA1L04,11.7590,11.6414,11.7590,2017-08-09
134387,Aditya Birla Sun Life Credit Risk Fund - Direct Plan - Growth,INF209KA1K88,,12.7449,12.6175,12.7449,2017-08-09
134384,Aditya Birla Sun Life Credit Risk Fund - Regular Plan - Bonus,INF209KA1K70,,12.5109,12.3858,12.5109,2017-08-09
134386,Aditya Birla Sun Life Credit Risk Fund - Regular Plan - Dividend,INF209KA1K54,INF209KA1K62,11.5148,11.3997,11.5148,2017-08-09
134383,Aditya Birla Sun Life Credit Risk Fund - Regular Plan - Growth,INF209KA1K47,,12.4958,12.3708,12.4958,2017-08-09
130314,Axis Credit Risk Fund - Direct Plan - Growth,INF846K01PJ5,,13.6898,13.4845,13.6898,2017-08-09
130312,Axis Credit Risk Fund - Direct Plan - Monthly Dividend,INF846K01PM9,INF846K01PN7,10.1379,9.9858,10.1379,2017-08-09
130311,Axis Credit Risk Fund - Direct Plan - Weekly Dividend,INF846K01PK3,INF846K01PL1,10.2515,10.0977,10.2515,2017-08-09
130309,Axis Credit Risk Fund - Regular Plan - Growth,INF846K01PO5,,13.2451,13.0464,13.2451,2017-08-09
130313,Axis Credit Risk Fund - Regular Plan - Monthly Dividend,INF846K01PR8,INF846K01PS6,10.2098,10.0567,10.2098,2017-08-09
130310,Axis Credit Risk Fund - Regular Plan - weekly Dividend,INF846K01PP2,INF846K01PQ0,10.1704,10.0178,10.1704,2017-08-09
133486,Baroda Credit Risk Fund -Plan A -Growth Option,INF955L01FP0,,12.9911,12.8612,12.9911,2017-08-09
133517,Baroda Credit Risk Fund -Plan A -Monthly Dividend,INF955L01FU0,,10.9532,10.8437,10.9532,2017-08-09
133518,Baroda Credit Risk Fund -Plan A -Quarterly Dividend,INF955L01FV8,,10.8977,10.7887,10.8977,2017-08-09
133678,Baroda Credit Risk Fund -Plan B(Direct)-Bonus Option,INF955L01FY2,,13.3984,13.2644,13.3984,2017-08-09
133520,Baroda Credit Risk Fund -Plan B-(Direct) Monthly Dividend,INF955L01FZ9,,11.3521,11.2386,11.3521,2017-08-09
133524,Baroda Credit Risk Fund -Plan B-(Direct) Quarterly Dividend,INF955L01GA0,,11.2417,11.1293,11.2417,2017-08-09
133488,Baroda Credit Risk Fund -Plan B-Growth Option,INF955L01FR6,,13.3984,13.2644,13.3984,2017-08-09
133868,BOI AXA Credit Risk  Fund - Direct Plan,INF761K01DG8,,12.7697,12.2589,12.7697,2017-08-09
133867,BOI AXA Credit Risk Fund - Regular Plan,INF761K01DH6,,12.7317,12.2224,12.7317,2017-08-09
119087,DSP Credit Risk Fund - Direct Plan - Daily Dividend,,INF740KA1NX2,10.2505,10.1480,10.2505,2017-08-09
119083,DSP Credit Risk Fund - Direct Plan - Dividend,INF740K01OT2,INF740K01OU0,11.6017,11.4857,11.6017,2017-08-09
119082,DSP Credit Risk Fund - Direct Plan - Growth,INF740K01OS4,,28.5019,28.2169,28.5019,2017-08-09
119084,DSP Credit Risk Fund - Direct Plan - Monthly Dividend,INF740K01OV8,INF740K01OW6,10.5609,10.4553,10.5609,2017-08-09
119085,DSP Credit Risk Fund - Direct Plan - Quarterly Dividend,INF740K01OX4,INF740K01OY2,10.6872,10.5803,10.6872,2017-08-09
119086,DSP Credit Risk Fund - Direct Plan - Weekly Dividend,INF740KA1NY0,INF740KA1NZ7,10.2635,10.1609,10.2635,2017-08-09
117061,DSP Credit Risk Fund - Regular Plan - Monthly Dividend,INF740K01JW6,INF740K01JV8,10.5393,10.4339,10.5393,2017-08-09
117062,DSP Credit Risk Fund - Regular Plan - Quarterly Dividend,INF740K01JY2,INF740K01JX4,10.6435,10.5371,10.6435,2017-08-09
101840,DSP Credit Risk Fund - Regular Plan -Daily Dividend,,INF740KA1OA8,10.2505,10.1480,10.2505,2017-08-09
101839,DSP Credit Risk Fund - Regular Plan -Dividend,INF740K01581,INF740K01AB9,11.5480,11.4325,11.5480,2017-08-09
101837,DSP Credit Risk Fund - Regular Plan -Growth,INF740K01599,,27.7656,27.4879,27.7656,2017-08-09
101838,DSP Credit Risk Fund - Regular Plan -Weekly Dividend,,,10.2625,10.1599,10.2625,2017-08-09
118552,Franklin India Credit Risk Fund - Direct - Dividend,INF090I01JJ7,INF090I01JK5,11.8680,11.5120,11.8680,2017-08-09
118553,Franklin India Credit Risk Fund - Direct - Growth,INF090I01JL3,,17.9849,17.4454,17.9849,2017-08-09
116154,Franklin India Credit Risk Fund - Dividend,INF090I01ES9,INF090I01ER1,11.3119,10.9725,11.3119,2017-08-09
116153,Franklin India Credit Risk Fund - Growth,INF090I01ET7,,17.3021,16.7830,17.3021,2017-08-09
128051,HDFC Credit Risk Debt Fund - Direct Option - Growth Option,INF179KA1FZ3,,14.4420,14.1532,14.4420,2017-08-09
133147,HDFC Credit Risk Debt Fund - Direct Option - Normal Dividend Option,INF179KA1GA4,,12.6596,12.4064,12.6596,2017-08-09
128050,HDFC Credit Risk Debt Fund - Direct Plan - Quarterly Dividend Option,INF179KA1GB2,,10.8924,10.6746,10.8924,2017-08-09
128053,HDFC Credit Risk Debt Fund - Growth Option,INF179KA1GC0,,14.0142,13.7339,14.0142,2017-08-09
133148,HDFC Credit Risk Debt Fund - Regular Option - Normal Dividend Option,INF179KA1I87,INF179KA1I79,12.9039,12.6458,12.9039,2017-08-09
128052,HDFC Credit Risk Debt Fund - Regular Plan - Quarterly Dividend Option,INF179KA1GD8,INF179KA1GE6,10.8536,10.6365,10.8536,2017-08-09
134342,ICICI Prudential Credit Risk Fund - Annual Dividend,INF109KB1AF0,INF109KB1AG8,10.4540,10.3495,10.4540,2017-08-09
130943,ICICI Prudential Credit Risk Fund - Bonus,INF109KA1I27,,13.0196,12.8894,13.0196,2017-08-09
134341,ICICI Prudential Credit Risk Fund - Direct Plan - Annual Dividend,INF109KB1AD5,INF109KB1AE3,10.7165,10.6093,10.7165,2017-08-09
120711,ICICI Prudential Credit Risk Fund - Direct Plan - Growth,INF109K01V00,,18.7176,18.5304,18.7176,2017-08-09
120710,ICICI Prudential Credit Risk Fund - Direct Plan - Half Yearly Dividend,INF109K01V18,INF109K01V26,11.0364,10.9260,11.0364,2017-08-09
120709,ICICI Prudential Credit Risk Fund - Direct Plan - Quarterly Dividend,INF109K01V34,INF109K01V42,11.1119,11.0008,11.1119,2017-08-09
130944,ICICI Prudential Credit Risk Fund - Direct Plan Bonus,INF109KA1I19,,13.3165,13.1833,13.3165,2017-08-09
114239,ICICI Prudential Credit Risk Fund - Growth,INF109K01GU4,,17.9561,17.7765,17.9561,2017-08-09
114241,ICICI Prudential Credit Risk Fund - Half Yearly Dividend,INF109K01GX8,INF109K01GY6,10.6627,10.5561,10.6627,2017-08-09
114240,ICICI Prudential Credit Risk Fund - Quarterly Dividend,INF109K01GV2,INF109K01GW0,10.5289,10.4236,10.5289,2017-08-09
128337,IDBI Credit Risk Fund Annual Dividend - Direct Plan,INF397L01GD9,,13.4705,13.2011,13.4705,2017-08-09
128332,IDBI Credit Risk Fund Annual Dividend - Regular Plan,INF397L01FX9,,10.7498,10.5348,10.7498,2017-08-09
127181,IDBI Credit Risk Fund Growth Direct,INF397L01GG2,,13.7464,13.4715,13.7464,2017-08-09
127183,IDBI Credit Risk Fund Growth Regular,INF397L01GH0,,13.3344,13.0677,13.3344,2017-08-09
127184,IDBI Credit Risk Fund Quarterly Dividend - Direct Plan,INF397L01GA5,,10.4534,10.2443,10.4534,2017-08-09
127182,IDBI Credit Risk Fund Quarterly Dividend - Regular Plan,INF397L01FU5,,10.3269,10.1204,10.3269,2017-08-09
140610,IDFC Credit Risk Fund-Direct Plan-Annual Dividend,INF194KA1X38,INF194KA1X46,10.4903,10.4903,10.4903,2017-08-09
140603,IDFC Credit Risk Fund-Direct Plan-Growth,INF194KA1X61,,10.4903,10.4903,10.4903,2017-08-09
140605,IDFC Credit Risk Fund-Direct Plan-Half Yearly Dividend,INF194KA1X04,INF194KA1X12,10.4913,10.4913,10.4913,2017-08-09
140606,IDFC Credit Risk Fund-Direct Plan-Periodic Dividend,INF194KA1W47,INF194KA1W54,10.4904,10.4904,10.4904,2017-08-09
140604,IDFC Credit Risk Fund-Direct Plan-Quarterly Dividend,INF194KA1W70,INF194KA1W88,10.2466,10.2466,10.2466,2017-08-09
140608,IDFC Credit Risk Fund-Regular Plan-Annual Dividend,INF194KA1W05,INF194KA1W13,10.4464,10.4464,10.4464,2017-08-09
140609,IDFC Credit Risk Fund-Regular Plan-Growth,INF194KA1W39,,10.4464,10.4464,10.4464,2017-08-09
140611,IDFC Credit Risk Fund-Regular Plan-Half Yearly Dividend,INF194KA1V71,INF194KA1V89,10.4464,10.4464,10.4464,2017-08-09
140612,IDFC Credit Risk Fund-Regular Plan-Periodic Dividend,INF194KA1V14,INF194KA1V22,10.4464,10.4464,10.4464,2017-08-09
140607,IDFC Credit Risk Fund-Regular Plan-Quaterly Dividend,INF194KA1V48,INF194KA1V55,10.2437,10.2437,10.2437,2017-08-09
130722,Invesco India Credit Risk Fund - Direct Plan - Growth,INF205K01I83,,1351.0548,1337.5443,1351.0548,2017-08-09
130724,Invesco India Credit Risk Fund - Direct Plan - Monthly Dividend,INF205K01I91,INF205K01J17,1038.8677,1028.479,1038.8677,2017-08-09
130726,Invesco India Credit Risk Fund - Regular Plan - Discretionary Dividend,INF205K01I59,INF205K01I75,1321.679,1308.4622,1321.679,2017-08-09
130721,Invesco India Credit Risk Fund - Regular Plan - Growth,INF205K01I34,,1321.6848,1308.468,1321.6848,2017-08-09
130723,Invesco India Credit Risk Fund - Regular Plan - Monthly Dividend,INF205K01I42,INF205K01I67,1040.4213,1030.0171,1040.4213,2017-08-09
117715,Kotak Credit Risk Fund - Annual Dividend,INF174K01EG2,INF174K01EF4,10.5734,10.5734,10.5734,2017-08-09
119740,Kotak Credit Risk Fund - Annual Dividend - Direct,INF174K01MG5,,14.4901,14.4901,14.4901,2017-08-09
117716,Kotak Credit Risk Fund - Growth,INF174K01DY7,,18.4809,18.4809,18.4809,2017-08-09
119741,Kotak Credit Risk Fund - Growth - Direct,INF174K01LZ7,,19.2924,19.2924,19.2924,2017-08-09
117717,Kotak Credit Risk Fund - Monthly Dividend,INF174K01EC1,INF174K01EB3,10.3925,10.3925,10.3925,2017-08-09
119742,Kotak Credit Risk Fund - Monthly Dividend - Direct,INF174K01MC4,,10.6176,10.6176,10.6176,2017-08-09
117718,Kotak Credit Risk Fund - Quarterly Dividend,INF174K01EE7,INF174K01ED9,10.794,10.794,10.794,2017-08-09
119744,Kotak Credit Risk Fund - Quaterly Direct Dividend - Direct,INF174K01ME0,,10.1773,10.1773,10.1773,2017-08-09
117719,Kotak Credit Risk Fund - Weekly Dividend,INF174K01DZ4,,10.0127,10.0127,10.0127,2017-08-09
119743,Kotak Credit Risk Fund - Weekly Dividend - Direct,INF174K01MA8,,10.4369,10.4369,10.4369,2017-08-09
119785,L&T Credit Risk Fund - Direct Plan - Dividend,INF917K01UJ4,INF917K01UI6,11.269,11.1563,11.269,2017-08-09
134332,L&T Credit Risk Fund - Direct Plan -Annual Dividend,INF917K01UL0,INF917K01UK2,11.7001,11.5831,11.7001,2017-08-09
134331,L&T Credit Risk Fund - Regular Plan - Annual Dividend,INF917K01UN6,INF917K01UM8,11.5683,11.4526,11.5683,2017-08-09
112632,L&T Credit Risk Fund - Regular Plan - Growth,INF917K01130,,19.2682,19.0755,19.2682,2017-08-09
119786,L&T Credit Risk Fund- Direct Plan - Growth,INF917K01UH8,,19.6522,19.4557,19.6522,2017-08-09
112630,L&T Credit Risk Fund- Regular Plan - Bonus,INF917K01CU9,,18.9641,18.7745,18.9641,2017-08-09
112631,L&T Credit Risk Fund- Regular Plan - Dividend,INF917K01114,INF917K01122,11.0753,10.9645,11.0753,2017-08-09
112938,Nippon India Credit Risk Fund  - Growth Plan,INF204K01FQ3,,23.3871,23.1532,23.3871,2017-08-09
112939,Nippon India Credit Risk Fund  - Institutional Growth Plan,INF204K01FT7,,24.0959,23.8549,24.0959,2017-08-09
112941,Nippon India Credit Risk Fund  - Quarterly Dividend Plan,INF204K01FR1,INF204K01FS9,13.3045,13.1715,13.3045,2017-08-09
118780,Nippon India Credit Risk Fund - Direct Plan - Growth Plan,INF204K01A74,,24.3276,24.0843,24.3276,2017-08-09
118781,Nippon India Credit Risk Fund - Direct Plan Quarterly Dividend Plan,INF204K01A82,INF204K01A90,13.5668,13.4311,13.5668,2017-08-09
132873,Nippon India Credit Risk Fund- Direct Plan- Dividend Plan,,INF204KA1WV6,13.1709,13.0392,13.1709,2017-08-09
132871,Nippon India Credit Risk Fund- Dividend Plan,INF204KA1WT0,INF204KA1WS2,12.8296,12.7013,12.8296,2017-08-09
138897,PGIM India Credit Risk Fund - Direct Plan - Annual Dividend,INF663L01GG7,INF663L01GH5,13.5213,13.3861,13.5213,2017-08-09
138898,PGIM India Credit Risk Fund - Direct Plan - Growth,INF663L01GB8,,13.6816,13.5448,13.6816,2017-08-09
138899,PGIM India Credit Risk Fund - Direct Plan - Monthly Dividend,INF663L01GC6,INF663L01GD4,10.7306,10.6233,10.7306,2017-08-09
138900,PGIM India Credit Risk Fund - Direct Plan - Quarterly Dividend,INF663L01GF9,,11.1815,11.0697,11.1815,2017-08-09
138907,PGIM India Credit Risk Fund - Regular Plan - Annual Dividend,INF663L01FZ9,INF663L01GA0,13.2023,13.0703,13.2023,2017-08-09
138908,PGIM India Credit Risk Fund - Regular Plan - Dividend,INF663L01GP8,INF663L01GQ6,12.7949,12.667,12.7949,2017-08-09
138905,PGIM India Credit Risk Fund - Regular Plan - Growth,INF663L01GK9,,13.2947,13.1618,13.2947,2017-08-09
138906,PGIM India Credit Risk Fund - Regular Plan - Monthly Dividend,INF663L01GL7,INF663L01GM5,10.6205,10.5143,10.6205,2017-08-09
138903,PGIM India Credit Risk Fund - Regular Plan - Quarterly Dividend,INF663L01GN3,INF663L01GO1,10.7589,10.6513,10.7589,2017-08-09
119450,Principal Credit Risk Fund - Direct Plan - Growth Option,INF173K01FX6,,2650.7884,2650.7884,2650.7884,2017-08-09
119449,Principal Credit Risk Fund - Direct Plan - Monthly Dividend Option,INF173K01FY4,INF173K01FZ1,1244.9942,1244.9942,1244.9942,2017-08-09
102729,Principal Credit Risk Fund - Regular Plan - Growth Option,INF173K01DM4,,2609.7859,2609.7859,2609.7859,2017-08-09
102732,Principal Credit Risk Fund - Regular Plan - Monthly Dividend Option,INF173K01BJ4,INF173K01BK2,1241.8349,1241.8349,1241.8349,2017-08-09
119792,SBI CREDIT RISK FUND - DIRECT  PLAN - DAILY DIVIDEND,,INF200K01SS0,10.5091,10.1938,10.5091,2017-08-09
119793,SBI CREDIT RISK FUND - DIRECT PLAN - DIVIDEND,INF200K01ST8,INF200K01SU6,14.7315,14.2896,14.7315,2017-08-09
119798,SBI CREDIT RISK FUND - DIRECT PLAN -GROWTH,INF200K01SV4,,27.7498,26.9173,27.7498,2017-08-09
118211,SBI CREDIT RISK FUND - REGULAR PLAN - DAILY DIVIDEND,,INF200K01QK1,10.5073,10.1921,10.5073,2017-08-09
102506,SBI CREDIT RISK FUND - REGULAR PLAN - DIVIDEND,INF200K01693,INF200K01701,14.0398,13.6186,14.0398,2017-08-09
102505,SBI CREDIT RISK FUND - REGULAR PLAN - GROWTH,INF200K01685,,27.0873,26.2747,27.0873,2017-08-09
134964,Sundaram  Short Term Credit Risk Fund- Direct Plan - Monthly Dividend,INF903J012Q9,INF903J017Q8,11.9963,11.9963,11.9963,2017-08-09
134967,Sundaram Short Term Credit Risk Fund  - Direct Plan - Weekly Dividend,INF903J010Q3,INF903J015Q2,10.8739,10.8739,10.8739,2017-08-09
134968,Sundaram Short Term Credit Risk Fund  - Regular Plan - Quarterly Dividend,INF903J015P4,,11.9642,11.9642,11.9642,2017-08-09
119633,Sundaram Short Term Credit Risk Fund - Direct Plan - Dividend Option,INF903J01OC4,INF903J01OD2,11.9190,11.9190,11.9190,2017-08-09
119632,Sundaram Short Term Credit Risk Fund - Direct Plan - Growth Option,INF903J01OE0,,25.0700,25.0700,25.0700,2017-08-09
101544,Sundaram Short Term Credit Risk Fund -Dividend,INF903J01EV5,INF903J01EW3,11.5829,11.5829,11.5829,2017-08-09
134969,Sundaram Short Term Credit Risk Fund- Regular Plan - Monthly Dividend,INF903J014P7,INF903J019P6,11.8174,11.8174,11.8174,2017-08-09
134971,Sundaram Short Term Credit Risk Fund- Regular Plan - Weekly Dividend,INF903J012P1,INF903J017P0,11.0883,11.0883,11.0883,2017-08-09
101545,Sundaram Short Term Credit Risk Fund-Appreciation,INF903J01EU7,,24.4065,24.4065,24.4065,2017-08-09
117981,UTI Credit Risk Fund  - Regular Plan - Growth Option,INF789F01QZ1,,15.3098,15.3098,0,2017-08-09
117982,UTI Credit Risk Fund  - Regular Plan - Quarterly Div Option,INF789F01RA2,INF789F01RB0,11.6881,11.6881,0,2017-08-09
135290,UTI Credit Risk Fund - Direct Plan - Annual Div Option,INF789FB1U28,INF789FB1U36,11.4465,11.4465,0,2017-08-09
136302,UTI Credit Risk Fund - Direct Plan - Flexi Div Option,INF789FB1U44,INF789FB1U51,11.2134,11.2134,0,2017-08-09
120764,UTI Credit Risk Fund - Direct Plan - Growth Option,INF789F01YB6,,16.1986,16.1986,0,2017-08-09
135418,UTI Credit Risk Fund - Direct Plan - Half Yearly Div Option,INF789FA1W02,INF789FA1W10,11.2599,11.2599,0,2017-08-09
131419,UTI Credit Risk Fund - Direct Plan - Monthly Div Option,INF789FB1U02,INF789FB1U10,11.2384,11.2384,0,2017-08-09
120765,UTI Credit Risk Fund - Direct Plan - Quarterly Div Option,INF789F01YC4,INF789F01YD2,12.2364,12.2364,0,2017-08-09
133344,UTI Credit Risk Fund - Regular Plan - Annual Div Option,INF789FA1V60,INF789FA1V78,11.1627,11.1627,0,2017-08-09
135051,UTI Credit Risk Fund - Regular Plan - Flexi Div Option,INF789FA1V86,INF789FA1V94,10.886,10.886,0,2017-08-09
135419,UTI Credit Risk Fund - Regular Plan - Half Yearly Div Option,INF789FA1V45,INF789FA1V52,11.2291,11.2291,0,2017-08-09
131418,UTI Credit Risk Fund - Regular Plan - Monthly Div Option,INF789FB1T88,INF789FB1T96,10.5039,10.5039,0,2017-08-09
119551,Aditya Birla Sun Life Banking & PSU Debt Fund  - Direct Plan-Dividend,INF209KA12Z1,INF209KA13Z9,147.7244,147.7244,147.7244,2017-08-09
119552,Aditya Birla Sun Life Banking & PSU Debt Fund - Direct Plan-Monthly Dividend,INF209K01YM2,,108.9714,108.9714,108.9714,2017-08-09
119553,Aditya Birla Sun Life Banking & PSU Debt Fund - Direct Plan-Quarterly Dividend,INF209K01YO8,,107.2033,107.2033,107.2033,2017-08-09
108272,Aditya Birla Sun Life Banking & PSU Debt Fund - Regular Plan-Dividend,INF209K01LX6,INF209KA11Z3,146.1632,146.1632,146.1632,2017-08-09
108273,Aditya Birla Sun Life Banking & PSU Debt Fund - Regular Plan-Growth,INF209K01LV0,,215.8193,215.8193,215.8193,2017-08-09
110282,Aditya Birla Sun Life Banking & PSU Debt Fund - Regular Plan-Monthly Dividend,INF209K01LU2,,107.8403,107.8403,107.8403,2017-08-09
108274,Aditya Birla Sun Life Banking & PSU Debt Fund - Regular Plan-Quarterly Dividend,INF209K01LN7,,106.2128,106.2128,106.2128,2017-08-09
103176,Aditya Birla Sun Life Banking & PSU Debt Fund - Retail Plan-Growth,INF209K01LT4,,323.9765,323.9765,323.9765,2017-08-09
110490,Aditya Birla Sun Life Banking & PSU Debt Fund - Retail Plan-Monthly Dividend,INF209K01LR8,,107.7002,107.7002,107.7002,2017-08-09
106157,Aditya Birla Sun Life Banking & PSU Debt Fund - Retail Plan-Quarterly Dividend,INF209K01LS6,,108.9131,108.9131,108.9131,2017-08-09
119550,Aditya Birla Sun Life Banking & PSU Debt Fund- Direct Plan-Growth,INF209K01YN0,,218.3051,218.3051,218.3051,2017-08-09
112015,Aditya Birla Sun Life Treasury Optimizer Plan - Discipline Advantage Plan - Growth,INF209K01KM1,,200.2183,200.2183,200.2183,2017-08-09
120533,Aditya Birla Sun Life Banking & PSU Debt Fund - Growth - Direct Plan,INF209K01YL4,,51.7466,51.7466,51.7466,2017-08-09
103188,Aditya Birla Sun Life Banking & PSU Debt Fund - Growth - Regular Plan,INF209K01BF4,,50.4972,50.4972,50.4972,2017-08-09
133440,Aditya Birla Sun Life Banking & PSU Debt Fund - Monthly Dividend - Direct Plan,,INF209K01YJ8,12.8616,12.8616,12.8616,2017-08-09
133439,Aditya Birla Sun Life Banking & PSU Debt Fund - Monthly Dividend - Regular Plan,INF209KA1WN8,,12.5133,12.5133,12.5133,2017-08-09
103187,Aditya Birla Sun Life Banking & PSU Debt Fund - Regular Plan,INF209K01BE7,INF209K01EA9,10.6570,10.6570,10.6570,2017-08-09
120532,Aditya Birla Sun Life Banking & PSU Debt Fund - Weekly Dividend - Direct Plan,INF209K01YK6,,11.2638,11.2638,11.2638,2017-08-09
120437,Axis Banking & PSU Debt Fund - Direct Plan - Daily Dividend Option,,INF846K01CU0,1008.0388,1008.0388,1008.0388,2017-08-09
120438,Axis Banking & PSU Debt Fund - Direct Plan - Growth Option,INF846K01CR6,,1552.6326,1552.6326,1552.6326,2017-08-09
120439,Axis Banking & PSU Debt Fund - Direct Plan - Monthly Dividend Option,INF846K01CT2,INF846K01CS4,1010.6613,1010.6613,1010.6613,2017-08-09
120436,Axis Banking & PSU Debt Fund - Direct Plan - Weekly Dividend Option,INF846K01CV8,INF846K01CW6,1007.6533,1007.6533,1007.6533,2017-08-09
117447,Axis Banking & PSU Debt Fund - Regular Plan - Daily Dividend Option,,INF846K01CC8,1008.0388,1008.0388,1008.0388,2017-08-09
117446,Axis Banking & PSU Debt Fund - Regular Plan - Growth option,INF846K01CB0,,1539.9609,1539.9609,1539.9609,2017-08-09
117449,Axis Banking & PSU Debt Fund - Regular Plan - Monthly Dividend Option,INF846K01CF1,INF846K01CG9,1010.5868,1010.5868,1010.5868,2017-08-09
117448,Axis Banking & PSU Debt Fund - Regular Plan - Weekly Dividend option,INF846K01CD6,INF846K01CE4,1007.6433,1007.6433,1007.6433,2017-08-09
124182,DSP Banking & PSU Debt Fund - Direct Plan - Daily Dividend Reinvest,,INF740KA1OF7,10.1600,10.1600,10.1600,2017-08-09
124178,DSP Banking & PSU Debt Fund - Direct Plan - Dividend Payout & Reinvest,INF740K01A18,INF740K01A26,10.5968,10.5968,10.5968,2017-08-09
124175,DSP Banking & PSU Debt Fund - Direct Plan - Growth,INF740K01ZW2,,14.5091,14.5091,14.5091,2017-08-09
124176,DSP Banking & PSU Debt Fund - Direct Plan - Monthly Dividend Payout & Reinvest,INF740K01ZX0,INF740K01ZY8,10.2024,10.2024,10.2024,2017-08-09
124177,DSP Banking & PSU Debt Fund - Direct Plan - Quarterly Dividend Payout & Reinvest,INF740K01ZZ5,INF740K01A00,10.2995,10.2995,10.2995,2017-08-09
124183,DSP Banking & PSU Debt Fund - Direct Plan - Weekly Dividend Payout & Reinvest,INF740KA1OG5,INF740KA1OH3,10.3383,10.3383,10.3383,2017-08-09
124173,DSP Banking & PSU Debt Fund - Regular Plan - Daily Dividend Reinvest,,INF740KA1OI1,10.1600,10.1600,10.1600,2017-08-09
124174,DSP Banking & PSU Debt Fund - Regular Plan - Dividend Payout & Reinvest,INF740K01ZU6,INF740K01ZV4,10.5862,10.5862,10.5862,2017-08-09
124172,DSP Banking & PSU Debt Fund - Regular Plan - Growth,INF740K01ZP6,,14.3163,14.3163,14.3163,2017-08-09
124180,DSP Banking & PSU Debt Fund - Regular Plan - Monthly Dividend Payout & Reinvest,INF740K01ZQ4,INF740K01ZR2,10.2016,10.2016,10.2016,2017-08-09
124181,DSP Banking & PSU Debt Fund - Regular Plan - Quarterly Dividend Payout & Reinvest,INF740K01ZS0,INF740K01ZT8,10.2961,10.2961,10.2961,2017-08-09
124179,DSP Banking & PSU Debt Fund - Regular Plan - Weekly Dividend Payout & Reinvest,INF740KA1OJ9,INF740KA1OK7,10.1703,10.1703,10.1703,2017-08-09
140286,Edelweiss Banking and PSU Debt Fund - Direct Plan - Growth Option,INF843K01FC8,,14.1281,14.1281,14.1281,2017-08-09
140293,Edelweiss Banking and PSU Debt Fund - Direct Plan - Monthly Dividend Option,INF843K01FI5,INF843K01FH7,10.3732,10.3732,10.3732,2017-08-09
140290,Edelweiss Banking and PSU Debt Fund - Direct Plan - Weekly Dividend Option,INF843K01FF1,,10.8282,10.8282,10.8282,2017-08-09
140284,Edelweiss Banking and PSU Debt Fund - Regular Plan - Dividend Option,INF843K01FL9,INF843K01FM7,13.965,13.965,13.965,2017-08-09
140283,Edelweiss Banking and PSU Debt Fund - Regular Plan - Growth Option,INF843K01FK1,,13.9653,13.9653,13.9653,2017-08-09
140292,Edelweiss Banking and PSU Debt Fund - Regular Plan - Monthly Dividend Option,INF843K01FQ8,INF843K01FP0,10.3584,10.3584,10.3584,2017-08-09
140289,Edelweiss Banking and PSU Debt Fund - Regular Plan - Weekly Dividend Option,INF843K01FN5,,10.4747,10.4747,10.4747,2017-08-09
129009,Franklin India Banking & PSU Debt Fund - Direct - Dividend,INF090I01KS6,INF090I01KT4,10.8449,10.8449,10.8449,2017-08-09
129008,Franklin India Banking & PSU Debt Fund - Direct - Growth,INF090I01KR8,,13.4603,13.4603,13.4603,2017-08-09
129007,Franklin India Banking & PSU Debt Fund - Dividend,INF090I01KP2,INF090I01KQ0,10.6578,10.6578,10.6578,2017-08-09
129006,Franklin India Banking & PSU Debt Fund - Growth,INF090I01KO5,,13.2388,13.2388,13.2388,2017-08-09
128626,HDFC Banking and PSU Debt Fund - Direct Plan - Dividend Option,INF179KA1JA8,INF179KA1JB6,10.3233,10.3233,10.3233,2017-08-09
128629,HDFC Banking and PSU Debt Fund - Direct Plan - Growth Option,INF179KA1IZ7,,13.7285,13.7285,13.7285,2017-08-09
128627,HDFC Banking and PSU Debt Fund - Regular Plan - Dividend Option,INF179KA1JD2,INF179KA1JE0,10.2616,10.2616,10.2616,2017-08-09
128628,HDFC Banking and PSU Debt Fund - Regular Plan - Growth Option,INF179KA1JC4,,13.6415,13.6415,13.6415,2017-08-09
112343,ICICI Prudential Banking and PSU Debt Fund -  Daily Dividend,INF109K01WS5,INF109K01RV9,10.1033,10.1033,10.1033,2017-08-09
112344,ICICI Prudential Banking and PSU Debt Fund -  Weekly Dividend,INF109K01WR7,INF109K01RU1,10.2539,10.2539,10.2539,2017-08-09
130897,ICICI Prudential Banking and PSU Debt Fund - Bonus,INF109KA1B57,,13.3875,13.3875,13.3875,2017-08-09
120257,ICICI Prudential Banking and PSU Debt Fund - Direct Plan -  Daily Dividend,INF109K01Z89,INF109K01Z97,10.4622,10.4622,10.4622,2017-08-09
120256,ICICI Prudential Banking and PSU Debt Fund - Direct Plan -  Growth,INF109K010A6,,19.7117,19.7117,19.7117,2017-08-09
120258,ICICI Prudential Banking and PSU Debt Fund - Direct Plan -  Quarterly Dividend,INF109K011A4,INF109K012A2,11.8608,11.8608,11.8608,2017-08-09
120255,ICICI Prudential Banking and PSU Debt Fund - Direct Plan -  Weekly Dividend,INF109K013A0,INF109K014A8,10.3818,10.3818,10.3818,2017-08-09
130950,ICICI Prudential Banking and PSU Debt Fund - Direct Plan Bonus,INF109KA1B40,,13.4844,13.4844,13.4844,2017-08-09
131148,ICICI Prudential Banking and PSU Debt Fund - Direct Plan Half Yearly Dividend Option,INF109KA1M96,INF109KA1M88,12.4196,12.4196,12.4196,2017-08-09
112342,ICICI Prudential Banking and PSU Debt Fund - Growth,INF109K01RT3,,19.5167,19.5167,19.5167,2017-08-09
116174,ICICI Prudential Banking and PSU Debt Fund - Quarterly Dividend,INF109K01YE1,INF109K01YD3,10.5667,10.5667,10.5667,2017-08-09
131147,ICICI Prudential Banking and PSU Debt Fund Half Yearly Dividend Option,INF109KA1M70,INF109KA1M62,12.3031,12.3031,12.3031,2017-08-09
113247,ICICI Prudential Banking and PSU Debt Fund Retail Daily Dividend,INF109K01WW7,INF109K01JM5,10.0942,10.0942,10.0942,2017-08-09
113242,ICICI Prudential Banking and PSU Debt Fund Retail Growth,INF109K01II5,,18.3993,18.3993,18.3993,2017-08-09
127471,IDFC Banking & PSU Debt Fund-Direct Plan- Daily Dividend,,INF194KA1JD3,10.0509,10.0509,10.0509,2017-08-09
121281,IDFC Banking & PSU Debt Fund-Direct Plan- Dividend Option,INF194K016G6,INF194K017G4,10.4197,10.4197,10.4197,2017-08-09
121934,IDFC Banking & PSU Debt Fund-Direct Plan- Fortnightly Dividend,,INF194K010N5,10.0647,10.0647,10.0647,2017-08-09
121279,IDFC Banking & PSU Debt Fund-Direct Plan- Growth Option,INF194K015G8,,14.3835,14.3835,14.3835,2017-08-09
121935,IDFC Banking & PSU Debt Fund-Direct Plan- Monthly Dividend,,INF194K011N3,10.1382,10.1382,10.1382,2017-08-09
121938,IDFC Banking & PSU Debt Fund-Direct Plan- Quarterly Dividend,INF194K018M0,,10.7204,10.7204,10.7204,2017-08-09
121933,IDFC Banking & PSU Debt Fund-Regular Plan- Annual Dividend,INF194K015M6,,10.4051,10.4051,10.4051,2017-08-09
127470,IDFC Banking & PSU Debt Fund-Regular Plan- Daily Dividend,,INF194KA1JC5,10.0958,10.0958,10.0958,2017-08-09
121282,IDFC Banking & PSU Debt Fund-Regular Plan- Dividend Option,INF194K01SO4,INF194K012D2,10.4110,10.4110,10.4110,2017-08-09
121931,IDFC Banking & PSU Debt Fund-Regular Plan- Fortnightly Dividend,,INF194K016M4,10.1851,10.1851,10.1851,2017-08-09
121280,IDFC Banking & PSU Debt Fund-Regular Plan- Growth Option,INF194K01SN6,,14.3114,14.3114,14.3114,2017-08-09
121932,IDFC Banking & PSU Debt Fund-Regular Plan- Monthly Dividend,,INF194K017M2,10.1879,10.1879,10.1879,2017-08-09
121937,IDFC Banking & PSU Debt Fund-Regular Plan- Quarterly Dividend,INF194K014M9,,10.6453,10.6453,10.6453,2017-08-09
118234,Invesco India Banking & PSU Debt Fund - Daily Dividend Option,,INF205K01JX8,1003.4787,1003.4787,1003.4787,2017-08-09
120444,Invesco India Banking & PSU Debt Fund - Direct Plan -  Growth Option,INF205K01KT4,,1439.8374,1439.8374,1439.8374,2017-08-09
120445,Invesco India Banking & PSU Debt Fund - Direct Plan -  Monthly Dividend Option,INF205K01KU2,INF205K01KV0,1011.9792,1011.9792,1011.9792,2017-08-09
118232,Invesco India Banking & PSU Debt Fund - Growth Option,INF205K01JV2,,1387.5944,1387.5944,1387.5944,2017-08-09
118233,Invesco India Banking & PSU Debt Fund - Monthly Dividend Option,INF205K01JW0,INF205K01JY6,1011.8473,1011.8473,1011.8473,2017-08-09
123688,Kotak Banking and PSU Debt - Annual Dividend,INF174K01FS4,INF174K01FR6,16.1271,16.1271,16.1271,2017-08-09
123858,Kotak Banking and PSU Debt - Daily Dividend Reinvestment,,INF174K01SD9,10.1946,10.1946,10.1946,2017-08-09
123859,Kotak Banking and PSU Debt - Direct Daily Dividend Reinvestment,INF174K01SE7,,10.2663,10.2663,10.2663,2017-08-09
123690,Kotak Banking and PSU Debt - Growth,INF174K01FO3,,38.1431,38.1431,38.1431,2017-08-09
123691,Kotak Banking and PSU Debt - Monthly Dividend,INF174K01FQ8,INF174K01FP0,10.6826,10.6826,10.6826,2017-08-09
123689,Kotak Banking and PSU Debt Direct - Annual Dividend,INF174K01KI5,INF174K01KJ3,17.0761,17.0761,17.0761,2017-08-09
123693,Kotak Banking and PSU Debt Direct - Growth,INF174K01KH7,,38.5593,38.5593,38.5593,2017-08-09
123692,Kotak Banking and PSU Debt Direct - Monthly Dividend,INF174K01KK1,,10.7855,10.7855,10.7855,2017-08-09
119794,L&T Banking and PSU Debt Fund -  Direct Plan - Monthly Dividend,INF917K01HI3,,10.8408,10.8408,10.8408,2017-08-09
118080,L&T Banking and PSU Debt Fund -  Regular Plan - Monthly Dividend,INF677K01AI8,INF677K01AJ6,10.6445,10.6445,10.6445,2017-08-09
119795,L&T Banking and PSU Debt Fund - Direct Plan - Growth,INF917K01HH5,,15.2461,15.2461,15.2461,2017-08-09
119797,L&T Banking and PSU Debt Fund - Direct Plan - Weekly Dividend,,INF917K01HK9,10.4683,10.4683,10.4683,2017-08-09
118076,L&T Banking and PSU Debt Fund - Regular Plan - Daily Dividend,,INF677K01AF4,10.4973,10.4973,10.4973,2017-08-09
118078,L&T Banking and PSU Debt Fund - Regular Plan - Growth,INF677K01AE7,,14.9348,14.9348,14.9348,2017-08-09
118077,L&T Banking and PSU Debt Fund - Regular Plan - Weekly Dividend,INF917K01HM5,INF677K01AH0,10.4679,10.4679,10.4679,2017-08-09
120337,LIC MF Banking & PSU Debt Fund-Direct Plan-Daily Dividend,INF767K01GJ2,INF767K01GM6,10.2517,10.2517,10.2517,2017-08-09
120338,LIC MF Banking & PSU Debt Fund-Direct Plan-Growth,INF767K01GI4,,21.7291,21.7291,21.7291,2017-08-09
120339,LIC MF Banking & PSU Debt Fund-Direct Plan-Monthly Dividend,INF767K01GK0,INF767K01GN4,10.2446,10.2446,10.2446,2017-08-09
120336,LIC MF Banking & PSU Debt Fund-Direct Plan-Weekly Dividend,INF767K01GL8,INF767K01GO2,10.1015,10.1015,10.1015,2017-08-09
105822,LIC MF Banking & PSU Debt Fund-Regular Plan-Daily Dividend,INF767K01519,INF767K01527,10.1430,10.1430,10.1430,2017-08-09
105823,LIC MF Banking & PSU Debt Fund-Regular Plan-Growth,INF767K01535,,21.0409,21.0409,21.0409,2017-08-09
105856,LIC MF Banking & PSU Debt Fund-Regular Plan-Monthly Dividend,INF767K01543,INF767K01550,10.1235,10.1235,10.1235,2017-08-09
105857,LIC MF Banking & PSU Debt Fund-Regular Plan-Weekly Dividend,INF767K01568,INF767K01576,10.1013,10.1013,10.1013,2017-08-09
134551,Nippon India Banking  & PSU Debt Fund -Quarterly Dividend Plan,INF204KA1T98,INF204KA1U04,10.4848,10.4848,10.4848,2017-08-09
134555,Nippon India Banking  & PSU Debt Fund- Direct Plan-Dividend Plan,INF204KA1U79,INF204KA1U87,12.2684,12.2684,12.2684,2017-08-09
134552,Nippon India Banking  & PSU Debt Fund- Direct Plan-Growth Plan- Bonus Option,INF204KA1U61,,12.2684,12.2684,12.2684,2017-08-09
134547,Nippon India Banking  & PSU Debt Fund- Direct Plan-Growth Plan- Growth Option,INF204KA1U53,,12.2684,12.2684,12.2684,2017-08-09
134550,Nippon India Banking  & PSU Debt Fund- Direct Plan-Monthly Dividend Plan,INF204KA1V37,INF204KA1V45,10.3349,10.3349,10.3349,2017-08-09
134556,Nippon India Banking  & PSU Debt Fund- Direct Plan-Quarterly Dividend Plan,INF204KA1U95,INF204KA1V03,10.5002,10.5002,10.5002,2017-08-09
134554,Nippon India Banking  & PSU Debt Fund- Direct Plan-Weekly Dividend Plan,INF204KA1V11,INF204KA1V29,10.1845,10.1845,10.1845,2017-08-09
134548,Nippon India Banking  & PSU Debt Fund- Dividend Plan,INF204KA1T72,INF204KA1T80,12.2135,12.2135,12.2135,2017-08-09
134546,Nippon India Banking  & PSU Debt Fund- Growth Plan- Bonus Option,INF204KA1T64,,12.2135,12.2135,12.2135,2017-08-09
134545,Nippon India Banking  & PSU Debt Fund- Growth Plan- Growth Option,INF204KA1T56,,12.2135,12.2135,12.2135,2017-08-09
134549,Nippon India Banking  & PSU Debt Fund- Monthly Dividend Plan,INF204KA1U38,INF204KA1U46,10.3227,10.3227,10.3227,2017-08-09
134553,Nippon India Banking  & PSU Debt Fund- Weekly Dividend Plan,INF204KA1U12,INF204KA1U20,10.1854,10.1854,10.1854,2017-08-09
138565,PGIM India Banking and PSU Debt fund - Monthly Dividend,INF223J01SU0,,10.3999,10.3999,10.3999,2017-08-09
138571,PGIM India Banking and PSU Debt fund - Quarterly Dividend,INF223J01VV2,,10.6072,10.6072,10.6072,2017-08-09
138570,PGIM India Banking and PSU Debt fund - Weekly Dividend,INF223J01VT6,INF223J01VU4,10.2972,10.2972,10.2972,2017-08-09
138566,PGIM India Banking and PSU Debt fund -Growth,INF223J01SW6,,14.6068,14.6068,14.6068,2017-08-09
138574,PGIM India Banking and PSU Debt fund- Direct Plan-  Regular Bonus,INF223J01VI9,,14.7693,14.7693,14.7693,2017-08-09
138568,PGIM India Banking and PSU Debt fund- Direct Plan- Annual Dividend,INF223J01WD8,,10.5073,10.5073,10.5073,2017-08-09
138563,PGIM India Banking and PSU Debt fund- Direct Plan- Monthly Dividend,INF223J01SX4,INF223J01SY2,10.5829,10.5829,10.5829,2017-08-09
138567,PGIM India Banking and PSU Debt fund- Direct Plan- Quarterly Dividend,INF223J01WB2,,10.9945,10.9945,10.9945,2017-08-09
138569,PGIM India Banking and PSU Debt fund- Direct Plan- Weekly Dividend,INF223J01VZ3,INF223J01WA4,10.249,10.249,10.249,2017-08-09
138564,PGIM India Banking and PSU Debt fund- Direct Plan-Growth,INF223J01SZ9,,14.9086,14.9086,14.9086,2017-08-09
125504,SBI BANKING & PSU FUND - Direct Plan  - Weekly Dividend,INF200K01V32,INF200K01V24,1011.4293,1011.4293,1011.4293,2017-08-09
125502,SBI BANKING & PSU FUND - Direct Plan - Daily Dividend,,INF200K01V16,1013.0013,1013.0013,1013.0013,2017-08-09
125503,SBI BANKING & PSU FUND - Direct Plan - Growth,INF200K01V08,,1898.6480,1898.6480,1898.6480,2017-08-09
125505,SBI BANKING & PSU FUND - Direct Plan - Monthly Dividend,INF200K01V40,INF200K01V57,1049.6248,1049.6248,1049.6248,2017-08-09
125498,SBI BANKING & PSU FUND - Regular Paln - Growth,INF200K01U41,,1854.5978,1854.5978,1854.5978,2017-08-09
125499,SBI BANKING & PSU FUND - Regular Plan - Daily Dividend,,INF200K01U58,1011.5316,1011.5316,1011.5316,2017-08-09
125501,SBI BANKING & PSU FUND - Regular Plan - Monthly Dividend,INF200K01U82,INF200K01U90,1034.7984,1034.7984,1034.7984,2017-08-09
125500,SBI BANKING & PSU FUND - Regular Plan - Weekly Dividend,INF200K01U74,INF200K01U66,1010.5959,1010.5959,1010.5959,2017-08-09
100780,SUNDARAM BANKING AND PSU DEBT FUND  RETAIL MONTHLY DIVIDEND,INF903J01IL7,INF903J01IM5,10.9284,10.9284,10.9284,2017-08-09
118326,SUNDARAM BANKING AND PSU DEBT FUND - Bonus Option,INF903J01LY4,,13.3930,13.3930,13.3930,2017-08-09
119626,SUNDARAM BANKING AND PSU DEBT FUND - DIRECT PLAN MONTHLY DIVIDEND,INF903J01PB3,INF903J01PE7,11.0314,11.0314,11.0314,2017-08-09
100783,SUNDARAM BANKING AND PSU DEBT FUND - Regular Weekly Dividend,,INF903J01IQ6,11.1529,11.1529,11.1529,2017-08-09
119629,SUNDARAM BANKING AND PSU DEBT FUND DIRECT BONUS (FORMERLY SFRSTP - DIRECT BONUS,INF903J01RI4,,13.3348,13.3348,13.3348,2017-08-09
119627,SUNDARAM BANKING AND PSU DEBT FUND DIRECT PLAN DAILY DIVIDEND REINVESTMENT OPTION,,INF903J01PC1,10.1115,10.1115,10.1115,2017-08-09
100782,SUNDARAM BANKING AND PSU DEBT FUND REGULAR DAILY REINVESTMENT,,INF903J01IP8,10.1115,10.1115,10.1115,2017-08-09
100784,SUNDARAM BANKING AND PSU DEBT FUND REGULAR GROWTH,INF903J01IN3,,26.5589,26.5589,26.5589,2017-08-09
100793,SUNDARAM BANKING AND PSU DEBT FUND REGULAR MONTHLY DIVIDEND RE INVESTMENT,INF903J01IO1,INF903J01IR4,11.0273,11.0273,11.0273,2017-08-09
100781,SUNDARAM BANKING AND PSU DEBT FUND Retail - Growth,INF903J01IK9,,23.9422,23.9422,23.9422,2017-08-09
119625,Sundaram BANKING AND PSU DEBT FUND- Direct Plan - Growth Option,INF903J01PA5,,26.6470,26.6470,26.6470,2017-08-09
140135,UTI Banking & PSU Debt Fund - Direct Plan - Annual Div Option,INF789FA1V03,INF789FA1V11,10.7147,10.7147,0,2017-08-09
133972,UTI Banking & PSU Debt Fund - Direct Plan - Flexi Div Option,INF789FA1V29,INF789FA1V37,11.9002,11.9002,0,2017-08-09
126940,UTI Banking & PSU Debt Fund - Direct Plan - Growth Option,INF789F015Z6,,13.8093,13.8093,0,2017-08-09
141375,UTI Banking & PSU Debt Fund - Direct Plan - Half Yearly  Div Option,INF789FA1U87,INF789FA1U95,10.6657,10.6657,0,2017-08-09
134026,UTI Banking & PSU Debt Fund - Direct Plan - Monthly Div Option,INF789FC1HE1,INF789FC1HF8,11.6577,11.6577,0,2017-08-09
126942,UTI Banking & PSU Debt Fund - Direct Plan - Quarterly Div Option,INF789F016Z4,INF789F017Z2,11.7265,11.7265,0,2017-08-09
140116,UTI Banking & PSU Debt Fund - Regular Plan - Annual Div Option,INF789FAIU46,INF789FA1U53,10.6846,10.6846,0,2017-08-09
133971,UTI Banking & PSU Debt Fund - Regular Plan - Flexi Div Option,INF789FA1U61,INF789FA1U79,10.6013,10.6013,0,2017-08-09
139407,UTI Banking & PSU Debt Fund - Regular Plan - Half Yearly Div Option,INF789FA1U20,INF789FA1U38,10.6639,10.6639,0,2017-08-09
136110,UTI Banking & PSU Debt Fund - Regular Plan - Monthly div Option,INF789FC1HC5,INF789FC1HD3,11.6453,11.6453,0,2017-08-09
126939,UTI Banking & PSU Debt Fund- Regular Plan - Growth Option,INF789F014Z9,,13.7575,13.7575,0,2017-08-09
126941,UTI Banking & PSU Debt Fund- Regular Plan - Quarterly Div Option,INF789F012Z3,INF789F013Z1,10.8922,10.8922,0,2017-08-09
119614,Aditya Birla Sun Life Constant Maturity 10 Year Gilt Fund - Growth - Direct Plan,INF209K01XS1,,51.6738,51.6738,51.6738,2017-08-09
100061,Aditya Birla Sun Life Constant Maturity 10 Year Gilt Fund - Growth - Regular Plan,INF209K01AH2,,51.3169,51.3169,51.3169,2017-08-09
119615,Aditya Birla Sun Life Constant Maturity 10 Year Gilt Fund - Quarterly Dividend - Direct Plan,INF209KA1KX2,INF209K01XT9,10.9047,10.9047,10.9047,2017-08-09
100060,Aditya Birla Sun Life Constant Maturity 10 Year Gilt Fund - Quarterly Dividend - Regular Plan,INF209K01AI0,INF209K01DR5,12.4710,12.4710,12.4710,2017-08-09
119606,Aditya Birla Sun Life Govenment Securities Fund - Quarterly Dividend - Direct Plan,INF209KA1LC4,,10.7989,10.7449,10.7989,2017-08-09
100058,Aditya Birla Sun Life Government Securities Fund  - Growth - Regular Plan,INF209K01AC3,INF209K01AD1,48.9934,48.7484,48.9934,2017-08-09
119605,Aditya Birla Sun Life Government Securities Fund - Growth - Direct Plan,INF209K01XP7,,50.1214,49.8708,50.1214,2017-08-09
100057,Aditya Birla Sun Life Government Securities Fund - Quarterly Dividend - Regular Plan,INF209K01AF6,INF209K01DP9,10.6197,10.5666,10.6197,2017-08-09
120447,Axis Gilt Fund - Direct Plan - Growth Option,INF846K01DD4,,15.5932,15.5932,15.5932,2017-08-09
120449,Axis Gilt Fund - Direct Plan - Regular Dividend Option,INF846K01DG7,INF846K01DH5,10.3496,10.3496,10.3496,2017-08-09
116471,Axis Gilt Fund - Regular Plan - Growth Option,INF846K01AX8,,15.2276,15.2276,15.2276,2017-08-09
116472,Axis Gilt Fund - Regular Plan - Half Yearly Dividend Option,INF846K01AZ3,INF846K01BB2,11.9333,11.9333,11.9333,2017-08-09
116470,Axis Gilt Fund - Regular Plan - Regular Dividend Option,INF846K01CK1,INF846K01CL9,10.3296,10.3296,10.3296,2017-08-09
101188,BARODA GILT FUND - Plan A - Dividend Option,INF955L01435,INF955L01443,20.4982,20.2932,20.4982,2017-08-09
101187,BARODA GILT FUND - Plan A - Growth Option,INF955L01450,,26.7461,26.4786,26.7461,2017-08-09
119340,BARODA GILT FUND - Plan B (Direct) - Dividend Option,INF955L01AB1,,24.1565,23.9149,24.1565,2017-08-09
119341,BARODA GILT FUND - Plan B (Direct) - Growth Option,INF955L01AD7,,27.9032,27.6242,27.9032,2017-08-09
100596,Canara Robeco Gilt Fund - Regular Plan - Dividend,INF760K01AB7,INF760K01AC5,15.0859,15.0859,15.0859,2017-08-09
100597,Canara Robeco Gilt Fund - Regular Plan - Growth,INF760K01AE1,,48.4449,48.4449,48.4449,2017-08-09
118298,Canara Robeco Gilt Fund-Direct Plan - Dividend Option,INF760K01FA8,INF760K01FB6,15.4356,15.4356,15.4356,2017-08-09
118299,Canara Robeco Gilt Fund-Direct Plan - Growth option,INF760K01FC4,,49.4346,49.4346,49.4346,2017-08-09
119101,DSP Government Securities Fund - Direct Plan - Dividend,INF740K01NG1,INF740K01NI7,12.4104,12.4104,12.4104,2017-08-09
119099,DSP Government Securities Fund - Direct Plan - Growth,INF740K01NF3,,56.2948,56.2948,56.2948,2017-08-09
119100,DSP Government Securities Fund - Direct Plan - Monthly Dividend,INF740K01NE6,INF740K01NH9,10.6141,10.6141,10.6141,2017-08-09
100085,DSP Government Securities Fund - Regular Plan - Dividend,INF740K01607,INF740K01AD5,12.2904,12.2904,12.2904,2017-08-09
100084,DSP Government Securities Fund - Regular Plan - Growth,INF740K01615,,55.4416,55.4416,55.4416,2017-08-09
100086,DSP Government Securities Fund - Regular Plan - Monthly Dividend,INF740K01623,INF740K01AE3,10.5877,10.5877,10.5877,2017-08-09
140298,Edelweiss Government Securities Fund - Direct Plan - Growth Option,INF843K01GS2,,14.2076,14.2076,14.2076,2017-08-09
140310,Edelweiss Government Securities Fund - Regular Plan - Annual Dividend Option,INF843K01HL5,INF843K01HK7,13.9881,13.9881,13.9881,2017-08-09
140301,Edelweiss Government Securities Fund - Regular Plan - Dividend Option,INF843K01HE0,INF843K01HF7,13.9909,13.9909,13.9909,2017-08-09
140297,Edelweiss Government Securities Fund - Regular Plan - Growth Option,INF843K01HC4,,13.9817,13.9817,13.9817,2017-08-09
140307,Edelweiss Government Securities Fund - Regular Plan - Monthly Dividend Option,INF843K01HJ9,INF843K01HI1,10.6992,10.6992,10.6992,2017-08-09
140303,Edelweiss Government Securities Fund - Regular Plan - Weekly Dividend Option,INF843K01HG5,,10.5478,10.5478,10.5478,2017-08-09
118502,Franklin India GOVERNMENT SECURITIES FUND - Composite Plan - Direct - Growth,INF090I01HJ1,,59.6272,59.3291,59.6272,2017-08-09
118501,Franklin India GOVERNMENT SECURITIES FUND - Composite Plan - Direct - Quarterly Dividend,INF090I01HH5,INF090I01HI3,12.4475,12.3853,12.4475,2017-08-09
118498,Franklin India Government Securities Fund - Direct - Growth,INF090I01HS2,,42.3326,42.3326,42.3326,2017-08-09
118497,Franklin India Government Securities Fund - Direct - Quarterly Dividend,INF090I01HQ6,INF090I01HR4,12.6529,12.6529,12.6529,2017-08-09
100493,Franklin India Government Securities Fund - Growth,INF090I01CU9,,40.4650,40.4650,40.4650,2017-08-09
100494,Franklin India Government Securities Fund - Quarterly Dividend,INF090I01CS3,INF090I01CT1,12.0009,12.0009,12.0009,2017-08-09
118504,Franklin India GOVERNMENT SECURITIES FUND PF PLAN - Direct - Growth,INF090I01HP8,,25.8695,25.7402,25.8695,2017-08-09
100486,Franklin India Govt.Sec. Fund-Composite Plan - Dividend,INF090I01CP9,INF090I01CQ7,11.8210,11.7619,11.8210,2017-08-09
100485,Franklin India Govt.Sec. Fund-Composite Plan - Growth,INF090I01CR5,,57.4476,57.1604,57.4476,2017-08-09
100491,Franklin India Govt.Sec. Fund-PF Plan - Dividend,INF090I01CW5,INF090I01CX3,25.2324,25.1062,25.2324,2017-08-09
100490,Franklin India Govt.Sec. Fund-PF Plan - Growth,INF090I01CY1,,25.2324,25.1062,25.2324,2017-08-09
119115,HDFC Gilt Fund - Dividend Option - Direct Plan,INF179K01VR2,INF179K01VT8,11.5359,11.5359,11.5359,2017-08-09
101084,HDFC Gilt Fund - Dividend Plan,INF179K01772,INF179K01764,11.2712,11.2712,11.2712,2017-08-09
119116,HDFC Gilt Fund - Growth Option - Direct Plan,INF179K01VS0,,35.9341,35.9341,35.9341,2017-08-09
101083,HDFC Gilt Fund - Growth Plan,INF179K01756,,35.2785,35.2785,35.2785,2017-08-09
120589,ICICI Prudential Gilt Fund - Direct Plan - Dividend,INF109K016C9,INF109K017C7,12.9492,12.9492,12.9492,2017-08-09
120590,ICICI Prudential Gilt Fund - Direct Plan - Growth,INF109K018C5,,62.1913,62.1913,62.1913,2017-08-09
130955,ICICI Prudential Gilt Fund - Direct Plan Bonus,INF109KA1H02,,14.6749,14.6749,14.6749,2017-08-09
100368,ICICI Prudential Gilt Fund - Dividend,INF109K01JQ6,INF109K01JP8,12.6784,12.6784,12.6784,2017-08-09
100369,ICICI Prudential Gilt Fund - Growth,INF109K01JR4,,60.2355,60.2355,60.2355,2017-08-09
120607,ICICI Prudential Short Term Gilt Fund - Direct Plan -  Dividend,INF109K012D6,INF109K013D4,12.6279,12.6279,12.6279,2017-08-09
120608,ICICI Prudential Short Term Gilt Fund - Direct Plan -  Growth,INF109K014D2,,44.1253,44.1253,44.1253,2017-08-09
120609,ICICI Prudential Short Term Gilt Fund - Direct Plan -  Half Yearly Dividend,INF109K015D9,INF109K016D7,10.6743,10.6743,10.6743,2017-08-09
130956,ICICI Prudential Short Term Gilt Fund - Direct Plan Bonus,INF109KA1I50,,12.5912,12.5912,12.5912,2017-08-09
100370,ICICI Prudential Short Term Gilt Fund - Dividend,INF109K01JW4,INF109K01JV6,12.4564,12.4564,12.4564,2017-08-09
100371,ICICI Prudential Short Term Gilt Fund - Growth,INF109K01JX2,,43.2256,43.2256,43.2256,2017-08-09
100372,ICICI Prudential Short Term Gilt Fund - Half Yearly Dividend,INF109K01JZ7,INF109K01JY0,11.5742,11.5742,11.5742,2017-08-09
118034,IDBI Gilt Fund Annual Dividend,INF397L01AA8,INF397L01AB6,10.7593,10.7055,10.7593,2017-08-09
118447,IDBI Gilt Fund Annual Dividend Direct,INF397L01BZ3,INF397L01CA4,11.1697,11.1139,11.1697,2017-08-09
118030,IDBI Gilt Fund Growth,INF397L01AD2,,14.5283,14.4557,14.5283,2017-08-09
118341,IDBI Gilt Fund Growth Direct,INF397L01CC0,,14.8882,14.8138,14.8882,2017-08-09
118031,IDBI Gilt Fund Quarterly Dividend,INF397L01AE0,INF397L01AF7,10.3192,10.2676,10.3192,2017-08-09
118446,IDBI Gilt Fund Quarterly Dividend Direct,INF397L01CD8,INF397L01CE6,11.2919,11.2354,11.2919,2017-08-09
108558,IDFC Government Securities Fund - IP - Regular Plan - Half Yearly Dividend,INF194K01EB1,INF194K01EA3,11.2659,11.2659,11.2659,2017-08-09
108559,IDFC Government Securities Fund - IP - Regular Plan - Annual Dividend,INF194K01EE5,INF194K01ED7,10.9740,10.9740,10.9740,2017-08-09
108557,IDFC Government Securities Fund - IP - Regular Plan - Quarterly Dividend,INF194K01EH8,INF194K01EG0,11.1346,11.1346,11.1346,2017-08-09
118467,IDFC  Government Securities Fund-  Investment Plan-Direct Plan-Annual Dividend,INF194K01Q78,INF194K01Q60,12.0186,12.0186,12.0186,2017-08-09
118463,IDFC  Government Securities Fund-  Investment Plan-Direct Plan-Dividend,INF194K01R36,INF194K01R28,11.6331,11.6331,11.6331,2017-08-09
118464,IDFC  Government Securities Fund-  Investment Plan-Direct Plan-Growth,INF194K01Q29,,21.2968,21.2968,21.2968,2017-08-09
118466,IDFC  Government Securities Fund-  Investment Plan-Direct Plan-Quarterly Dividend,INF194K01R02,INF194K01Q94,10.8014,10.8014,10.8014,2017-08-09
111527,IDFC GSF - Investment Plan -Regular Plan- DIVIDEND,INF194K01EK2,INF194K01EJ4,10.7807,10.7807,10.7807,2017-08-09
111525,IDFC GSF - Investment Plan -Regular Plan-GROWTH,INF194K01DZ2,,20.6739,20.6739,20.6739,2017-08-09
131394,IDFC GSF -IP -Direct Plan_Periodic Dividend,INF194KA1RZ9,INF194KA1SA0,13.9551,13.9551,13.9551,2017-08-09
131395,IDFC GSF -IP -Regular Plan_Periodic Dividend,INF194KA1RW6,INF194KA1RX4,13.9490,13.9490,13.9490,2017-08-09
118427,Indiabulls Gilt Fund - Direct Plan -  Growth Option,INF666M01295,,1599.5066,1599.5066,1599.5066,2017-08-09
118817,Indiabulls Gilt Fund - Direct Plan - Fortnightly Dividend Option,INF666M01329,INF666M01337,1018.0944,1018.0944,1018.0944,2017-08-09
118818,Indiabulls Gilt Fund - Direct Plan - Monthly Dividend Option,INF666M01345,INF666M01352,1018.1250,1018.1250,1018.1250,2017-08-09
118816,Indiabulls Gilt Fund - Direct Plan - Weekly Dividend Option,INF666M01303,INF666M01311,1006.5069,1006.5069,1006.5069,2017-08-09
118822,Indiabulls Gilt Fund - Indirect Plan - Fortnightly Dividend Option,INF666M01402,INF666M01410,1040.8388,1040.8388,1040.8388,2017-08-09
118820,Indiabulls Gilt Fund - Indirect Plan - Growth Option,INF666M01378,,1528.4491,1528.4491,1528.4491,2017-08-09
118823,Indiabulls Gilt Fund - Indirect Plan - Monthly Dividend Option,INF666M01428,INF666M01436,1040.9003,1040.9003,1040.9003,2017-08-09
118821,Indiabulls Gilt Fund - Indirect Plan - Weekly Dividend Option,INF666M01386,INF666M01394,1042.7552,1042.7552,1042.7552,2017-08-09
107476,Invesco India Gilt Fund - Annual Dividend,INF205K01SJ8,INF205K01SK6,1545.5186,1545.5186,1545.5186,2017-08-09
120520,Invesco India Gilt Fund - Direct  Plan - Growth,INF205K01SN0,,1938.8074,1938.8074,1938.8074,2017-08-09
120519,Invesco India Gilt Fund - Direct Plan - Annual Dividend,INF205K01SL4,INF205K01SM2,1708.4088,1708.4088,1708.4088,2017-08-09
120521,Invesco India Gilt Fund - Direct Plan - Monthly Dividend,,INF205K01SO8,1513.0503,1513.0503,1513.0503,2017-08-09
120522,Invesco India Gilt Fund - Direct Plan - Quarterly Dividend,INF205K01SP5,INF205K01SQ3,1158.2391,1158.2391,1158.2391,2017-08-09
107477,Invesco India Gilt Fund - Growth,INF205K01SR1,,1862.7184,1862.7184,1862.7184,2017-08-09
107471,Invesco India Gilt Fund - Monthly Dividend,,INF205K01SS9,1054.1488,1054.1488,1054.1488,2017-08-09
107472,Invesco India Gilt Fund - Quarterly Dividend,INF205K01ST7,INF205K01SU5,1060.7564,1060.7564,1060.7564,2017-08-09
120421,JM G-Sec Fund - (Direct) - Growth Option,INF192K01CR5,,57.3407,57.3407,57.3407,2017-08-09
120420,JM G-Sec Fund - (Direct) - Quarterly Dividend Option,INF192K01CP9,INF192K01CQ7,26.3450,26.3450,26.3450,2017-08-09
134662,JM G-Sec Fund - (Direct) Annual Dividend Option,INF192K01KI7,INF192K01KJ5,26.7874,26.7874,26.7874,2017-08-09
120419,JM G-Sec Fund - (Direct) Bonus Option - Principal Units,INF192K01CT1,,29.3819,29.3819,29.3819,2017-08-09
134661,JM G-Sec Fund - (Direct) Half Yearly Dividend Option,INF192K01KE6,INF192K01KF3,26.7879,26.7879,26.7879,2017-08-09
134664,JM G-Sec Fund - (Direct) Monthly Dividend Option,INF192K01JY6,INF192K01KB2,26.6470,26.6470,26.6470,2017-08-09
134659,JM G-Sec Fund - Annual Dividend Option,INF192K01KG1,INF192K01KH9,25.8098,25.8098,25.8098,2017-08-09
100253,JM G-Sec Fund - Bonus Option - Principal Units,INF192K01817,,27.0074,27.0074,27.0074,2017-08-09
100250,JM G-Sec Fund - Growth Option,INF192K01809,,55.5136,55.5136,55.5136,2017-08-09
134663,JM G-Sec Fund - Half Yearly Dividend Option,INF192K01KC0,INF192K01KD8,25.7409,25.7409,25.7409,2017-08-09
134660,JM G-Sec Fund - Monthly Dividend Option,INF192K01JW0,INF192K01JX8,25.8098,25.8098,25.8098,2017-08-09
100249,JM G-Sec Fund - Quarterly Dividend Option,INF192K01783,INF192K01791,25.3715,25.3715,25.3715,2017-08-09
100280,Kotak Gilt-Investment  Provident Fund and Trust-Dividend,INF174K01FM7,,11.7869,11.7869,11.7869,2017-08-09
100281,Kotak Gilt-Investment  Provident Fund and Trust-Growth,INF174K01FL9,,60.5364,60.5364,60.5364,2017-08-09
119757,Kotak Gilt-Investment  Provident Fund and Trust-Growth - Direct,INF174K01KM7,,63.3997,63.3997,63.3997,2017-08-09
100264,Kotak Gilt-Investment Regular-Dividend,INF174K01FK1,INF174K01FJ3,13.1848,13.1848,13.1848,2017-08-09
119758,Kotak Gilt-Investment Regular-Dividend - Direct,INF174K01KF1,,13.9798,13.9798,13.9798,2017-08-09
100265,Kotak Gilt-Investment Regular-Growth,INF174K01FI5,,59.1717,59.1717,59.1717,2017-08-09
119759,Kotak Gilt-Investment Regular-Growth - Direct,INF174K01KE4,,61.9161,61.9161,61.9161,2017-08-09
119425,L&T Gilt Fund - Direct Plan - Growth,INF917K01FI7,,44.8743,44.8743,44.8743,2017-08-09
119426,L&T Gilt Fund - Direct Plan - Quarterly Dividend,INF917K01FK3,INF917K01FJ5,13.3055,13.3055,13.3055,2017-08-09
112429,L&T Gilt Fund - Regular Plan - Growth,INF917K01BP1,,43.171,43.171,43.171,2017-08-09
112428,L&T Gilt Fund - Regular Plan - Quarterly Dividend,INF917K01BN6,INF917K01BO4,12.7589,12.7589,12.7589,2017-08-09
120283,LIC MF Government Securities Fund-Direct Plan-Dividend,INF767K01EY6,INF767K01FA3,11.4763,11.4476,11.4763,2017-08-09
120282,LIC MF Government Securities Fund-Direct Plan-Growth,INF767K01EZ3,,38.5431,38.4467,38.5431,2017-08-09
100318,LIC MF Government Securities Fund-PF Plan-Dividend,INF767K01717,INF767K01725,13.8897,13.8550,13.8897,2017-08-09
100319,LIC MF Government Securities Fund-PF Plan-Growth,INF767K01733,,21.4646,21.4109,21.4646,2017-08-09
100316,LIC MF Government Securities Fund-Regular Plan-Dividend,INF767K01683,INF767K01691,11.0177,10.9902,11.0177,2017-08-09
100317,LIC MF Government Securities Fund-Regular Plan-Growth,INF767K01709,,37.1642,37.0713,37.1642,2017-08-09
118674,Nippon India Gilt Securities Fund - Direct Plan - P F Option - Automatic Annual Reinvest Option,,INF204K01E62,13.0543,13.0543,13.0543,2017-08-09
118669,Nippon India Gilt Securities Fund - Direct Plan - P F Option - Automatic Capital Appreciation Payout Option,INF204K01E70,,24.0614,24.0614,24.0614,2017-08-09
118673,Nippon India Gilt Securities Fund - Direct Plan - P F Option - Defined Maturity Date Option,INF204K01E88,,24.1875,24.1875,24.1875,2017-08-09
118672,Nippon India Gilt Securities Fund - Direct Plan Growth Plan - Growth Option,INF204K01XP8,,24.1232,24.1232,24.1232,2017-08-09
118670,Nippon India Gilt Securities Fund - Direct Plan- Monthly Dividend Plan,INF204K01XQ6,INF204K01XR4,11.3314,11.3314,11.3314,2017-08-09
109717,Nippon India Gilt Securities Fund - Institutional Plan-Growth Plan -Growth Option,INF204K01BX8,,23.1803,23.1803,23.1803,2017-08-09
109720,Nippon India Gilt Securities Fund -Growth Plan - Growth Option,INF204K01BU4,,22.9913,22.9913,22.9913,2017-08-09
109723,Nippon India Gilt Securities Fund -Monthly Dividend Plan,INF204K01BV2,INF204K01BW0,10.4305,10.4305,10.4305,2017-08-09
109716,Nippon India Gilt Securities Fund -P F Option-Automatic Annual Reinvest Option,INF204K01CA4,,19.2729,19.2729,19.2729,2017-08-09
109721,Nippon India Gilt Securities Fund -P F Option-Defined Maturity Date Option,INF204K01CB2,,22.9913,22.9913,22.9913,2017-08-09
133265,Nippon India Gilt Securities Fund- Direct Plan- Growth Plan- Bonus Option,INF204KA1YV2,,13.4826,13.4826,13.4826,2017-08-09
133264,Nippon India Gilt Securities Fund- Growth Plan- Bonus Option,INF204KA1YU4,,13.1919,13.1919,13.1919,2017-08-09
109724,Nippon India Gilt Securities Fund-P F Option-Automatic Capital Appreciation Payout Option,INF204K01CC0,,22.9913,22.9913,22.9913,2017-08-09
138474,PGIM India Gilt Fund - Direct Plan - Dividend,INF223J01NB1,,14.3663,14.3663,14.3663,2017-08-09
138472,PGIM India Gilt Fund - Direct Plan - Growth,INF223J01ND7,,19.0431,19.0431,19.0431,2017-08-09
138476,PGIM India Gilt Fund - Direct Plan - Half Yearly Bonus,INF223J01VM1,,12.7294,12.7294,12.7294,2017-08-09
138467,PGIM India Gilt Fund - Dividend,INF223J01AO1,INF223J01AP8,14.2509,14.2509,14.2509,2017-08-09
138470,PGIM India Gilt Fund - Growth,INF223J01AQ6,,18.8392,18.8392,18.8392,2017-08-09
138475,PGIM India Gilt Fund - Half Yearly Bonus,INF223J01VL3,,12.584,12.584,12.584,2017-08-09
101950,SBI MAGNUM GILT FUND -  DIVIDEND - PF (Fixed Period - 1 Yr) Option,INF200K01AC2,INF200K01AD0,13.6606,13.5923,13.6606,2017-08-09
101951,SBI MAGNUM GILT FUND -  DIVIDEND - PF (Fixed Period - 2 Yrs) Option,INF200K01AF5,INF200K01AG3,13.8087,13.7397,13.8087,2017-08-09
101935,SBI MAGNUM GILT FUND -  DIVIDEND - PF (Regular) Option,INF200K01AL3,INF200K01AM1,14.2241,14.1530,14.2241,2017-08-09
102061,SBI MAGNUM GILT FUND -  GROWTH - PF (Fixed Period - 1 Yr) Option,INF200K01AB4,,N.A.,N.A.,N.A.,2017-08-09
101933,SBI MAGNUM GILT FUND -  GROWTH - PF (Fixed Period - 2 Yrs) Option,INF200K01AE8,,N.A.,N.A.,N.A.,2017-08-09
101934,SBI MAGNUM GILT FUND -  GROWTH - PF (Fixed Period - 3 Yrs) Option,INF200K01AH1,,23.1692,23.0534,23.1692,2017-08-09
101932,SBI MAGNUM GILT FUND -  GROWTH - PF (Regular) Option,INF200K01AK5,,24.7977,24.6737,24.7977,2017-08-09
119706,SBI MAGNUM GILT FUND - DIRECT PLAN - DIVIDEND,INF200K01SF7,INF200K01SG5,14.7553,14.7553,14.7553,2017-08-09
119707,SBI MAGNUM GILT FUND - DIRECT PLAN - GROWTH,INF200K01SH3,,39.3417,39.3417,39.3417,2017-08-09
100999,SBI MAGNUM GILT FUND - REGULAR PLAN - DIVIDEND,INF200K01990,INF200K01AA6,14.0545,14.0545,14.0545,2017-08-09
101001,SBI MAGNUM GILT FUND - REGULAR PLAN - GROWTH,INF200K01982,,38.6300,38.6300,38.6300,2017-08-09
101952,SBI MGLT-  DIVIDEND - PF (Fixed Period - 3 Yrs) Option,INF200K01AI9,INF200K01AJ7,13.4327,13.3655,13.4327,2017-08-09
101902,Tata Gilt High Fund - Dividend Opt,INF277K01DO9,INF277K01543,18.9418,18.8471,18.9418,2017-08-09
102016,Tata Gilt High Fund - Growth,INF277K01550,,31.3667,31.2099,31.3667,2017-08-09
119944,Tata Gilt Mid Term Fund - Direct Plan - Growth,INF277K01OQ1,,19.4940,19.4940,19.4940,2017-08-09
119945,Tata Gilt Mid Term Fund - Direct Plan - Periodic Dividend,INF277K01OR9,INF277K01OS7,18.2444,18.2444,18.2444,2017-08-09
119946,Tata Gilt Mid Term Fund - Direct Plan - Quarterly Dividend,INF277K01OT5,INF277K01OU3,16.1422,16.1422,16.1422,2017-08-09
112929,Tata Gilt Mid Term Fund - Regular Plan -Periodic Dividend,INF277K01LI4,INF277K01LJ2,17.7885,17.7885,17.7885,2017-08-09
112928,Tata Gilt Mid Term Fund -Regular Plan- Growth,INF277K01LH6,,18.7537,18.7537,18.7537,2017-08-09
112930,Tata Gilt Mid Term Fund -Regular Plan- Quarterly Dividend,INF277K01LK0,INF277K01LL8,15.6533,15.6533,15.6533,2017-08-09
101945,Tata Gilt Retirement Plan 28/2/25 Growth Option,,,23.1213,23.0057,23.1213,2017-08-09
102046,Tata Gilt Retirement Plan28/2/25 Dividend Option,,,23.0921,22.9766,23.0921,2017-08-09
101049,Tata Gilt Securities Fund Regular Plan -  Dividend,INF277K01DN1,INF277K01535,14.8902,14.8157,14.8902,2017-08-09
101042,Tata Gilt Securities Fund -Regular Plan- Growth,INF277K01519,,50.8544,50.6001,50.8544,2017-08-09
102263,Tata Gilt Securities Fund RIP ( Bonus),INF277K01527,,25.5809,25.4530,25.5809,2017-08-09
119954,Tata Gilt Securities Fund- Direct Plan - Dividend,INF277K01OV1,INF277K01OW9,15.5615,15.4837,15.5615,2017-08-09
119953,Tata Gilt Securities Fund- Direct Plan - Growth,INF277K01OX7,,52.8798,52.6154,52.8798,2017-08-09
120791,UTI - GILT FUND - Direct Plan - Dividend Option,INF789F01TJ9,INF789F01TK7,20.9973,20.9973,20.9973,2017-08-09
120792,UTI - GILT FUND - Direct Plan - Growth Option,INF789F01TL5,,39.0364,39.0364,39.0364,2017-08-09
102512,UTI - GILT FUND - Discontinued PF Plan - Growth Option,INF789F01PT6,,28.6481,28.6481,28.6481,2017-08-09
102514,UTI - GILT FUND - Discontinued PF Plan Prescribed Date Auto Redemption Option,INF789F01PU4,,28.664,28.664,28.664,2017-08-09
102510,UTI - GILT FUND - Regular Plan - Growth Option,INF789F01661,,38.5296,38.5296,38.5296,2017-08-09
102511,UTI - GILT FUND -Discontinued PF Plan -Dividend Option,INF789F01PR0,INF789F01PS8,17.6775,17.6775,17.6775,2017-08-09
102509,UTI - GILT FUND -Regular Plan - Dividend Option,INF789F01646,INF789F01653,23.9,23.9,23.9,2017-08-09
131304,DSP 10Y G-Sec Fund - Direct Plan - Dividend,INF740K010J2,INF740K011J0,10.9868,10.9868,10.9868,2017-08-09
131301,DSP 10Y G-Sec Fund - Direct Plan - Growth,INF740K019I5,,13.8440,13.8440,13.8440,2017-08-09
131303,DSP 10Y G-Sec Fund - Direct Plan - Monthly Dividend,INF740K012J8,INF740K013J6,10.3759,10.3759,10.3759,2017-08-09
131302,DSP 10Y G-Sec Fund - Direct Plan - Quarterly Dividend,INF740K014J4,INF740K015J1,10.4804,10.4804,10.4804,2017-08-09
131298,DSP 10Y G-Sec Fund - Regular Plan - Dividend,INF740K013I8,INF740K014I6,10.9757,10.9757,10.9757,2017-08-09
131297,DSP 10Y G-Sec Fund - Regular Plan - Growth,INF740K012I0,,13.7450,13.7450,13.7450,2017-08-09
131299,DSP 10Y G-Sec Fund - Regular Plan - Monthly Dividend,INF740K015I3,INF740K016I1,10.3741,10.3741,10.3741,2017-08-09
131300,DSP 10Y G-Sec Fund - Regular Plan - Quarterly Dividend,INF740K017I9,INF740K018I7,10.5444,10.5444,10.5444,2017-08-09
131059,ICICI Prudential Constant Maturity Gilt Fund - Annual Dividend,INF109KA1N87,INF109KA1O29,11.4669,11.4382,11.4669,2017-08-09
131056,ICICI Prudential Constant Maturity Gilt Fund - Direct Plan - Annual Dividend,INF109KA1O78,INF109KA1P10,11.6840,11.6548,11.6840,2017-08-09
131061,ICICI Prudential Constant Maturity Gilt Fund - Direct Plan - Growth,INF109KA1O37,,13.9614,13.9265,13.9614,2017-08-09
131055,ICICI Prudential Constant Maturity Gilt Fund - Direct Plan - Half Yearly Dividend,INF109KA1O60,INF109KA1P02,11.5185,11.4897,11.5185,2017-08-09
131053,ICICI Prudential Constant Maturity Gilt Fund - Direct Plan - Monthly Dividend,INF109KA1O45,INF109KA1O86,11.5745,11.5456,11.5745,2017-08-09
131054,ICICI Prudential Constant Maturity Gilt Fund - Direct Plan - Quarterly Dividend,INF109KA1O52,INF109KA1O94,11.2544,11.2263,11.2544,2017-08-09
131051,ICICI Prudential Constant Maturity Gilt Fund - Growth,INF109KA1N46,,13.8481,13.8135,13.8481,2017-08-09
131058,ICICI Prudential Constant Maturity Gilt Fund - Half Yearly Dividend,INF109KA1N79,INF109KA1O11,11.2239,11.1958,11.2239,2017-08-09
131062,ICICI Prudential Constant Maturity Gilt Fund - Monthly Dividend,INF109KA1N53,INF109KA1N95,11.3830,11.3545,11.3830,2017-08-09
131057,ICICI Prudential Constant Maturity Gilt Fund - quarterly Dividend,INF109KA1N61,INF109KA1O03,11.0132,10.9857,11.0132,2017-08-09
108646,IDFC GSF - Constant Maturity Plan - Regular Plan- Quarterly Dividend,INF194K01FF9,INF194K01FE2,10.8262,10.8262,10.8262,2017-08-09
108753,IDFC GSF -Constant Maturity Plan - Regular Plan- Growth,INF194K01FA0,,24.7379,24.7379,24.7379,2017-08-09
111343,IDFC GSF - Constant Maturity Plan -Regular Plan- Weekly Dividend,INF194K01FI3,INF194K01FH5,10.1878,10.1878,10.1878,2017-08-09
118387,IDFC Government Securities Fund - Constant Maturity Plan -Direct Plan-Growth,INF194K01P38,,24.8651,24.8651,24.8651,2017-08-09
118390,IDFC Government Securities Fund - Constant Maturity Plan -Direct Plan-Monthly Dividend,INF194K01P53,INF194K01P46,10.4458,10.4458,10.4458,2017-08-09
118388,IDFC Government Securities Fund - Constant Maturity Plan -Direct Plan-Quarterly Dividend,INF194K01P87,INF194K01P79,11.0939,11.0939,11.0939,2017-08-09
118389,IDFC Government Securities Fund - Constant Maturity Plan -Direct Plan-Weekly Dividend,,INF194K01Q03,15.5494,15.5494,15.5494,2017-08-09
108644,IDFC Government Securities Fund - Constant Maturity Plan -Regular Plan- Monthly Dividend,INF194K01FC6,INF194K01FB8,10.4458,10.4458,10.4458,2017-08-09
131390,IDFC Government Securities Fund -Constant Maturity Plan -Direct Plan_Periodic Dividend,INF194KA1SL7,INF194KA1SM5,13.2704,13.2704,13.2704,2017-08-09
131391,IDFC Government Securities Fund -Constant Maturity Plan -Regular Plan_Periodic Dividend,INF194KA1SI3,INF194KA1SJ1,13.2580,13.2580,13.2580,2017-08-09
120136,SBI MAGNUM CONSTANT MATURITY FUND - DIRECT DIVIDEND,INF200K01SI1,INF200K01SJ9,13.1809,13.1809,13.1809,2017-08-09
120137,SBI MAGNUM CONSTANT MATURITY FUND - DIRECT PLAN - GROWTH,INF200K01SK7,,36.3869,36.3869,36.3869,2017-08-09
101003,SBI MAGNUM CONSTANT MATURITY FUND - REGULAR PLAN - DIVIDEND,INF200K01AO7,INF200K01AP4,13.0253,13.0253,13.0253,2017-08-09
101002,SBI MAGNUM CONSTANT MATURITY FUND - REGULAR PLAN - GROWTH,INF200K01AN9,,35.8916,35.8916,35.8916,2017-08-09
122645,Aditya Birla Sun Life Floating Rate Fund-Direct Plan-Daily Dividend,INF209K01UW9,,100.7299,100.7299,100.7299,2017-08-09
122646,Aditya Birla Sun Life Floating Rate Fund-Direct Plan-Growth,INF209K01UX7,,206.8085,206.8085,206.8085,2017-08-09
122648,Aditya Birla Sun Life Floating Rate Fund-Direct Plan-Weekly Dividend,INF209K01UY5,,100.4859,100.4859,100.4859,2017-08-09
122643,Aditya Birla Sun Life Floating Rate Fund-Regular Plan-Daily Dividend,,INF209KA1LN1,101.1772,101.1772,101.1772,2017-08-09
122644,Aditya Birla Sun Life Floating Rate Fund-Regular Plan-Growth,INF209K01MG9,,204.7386,204.7386,204.7386,2017-08-09
122647,Aditya Birla Sun Life Floating Rate Fund-Regular Plan-Weekly Dividend,,INF209K01MH7,100.4851,100.4851,100.4851,2017-08-09
122650,Aditya Birla Sun Life Floating Rate Fund-Retail Plan-Growth,INF209K01MF1,,296.1223,296.1223,296.1223,2017-08-09
122649,Aditya Birla Sun Life Floating Rate Fund-Retail Plan-Weekly Dividend,,INF209K01MI5,100.4851,100.4851,100.4851,2017-08-09
118507,Franklin India Floating Rate Fund - Direct - Dividend,,INF090I01LL9,10.0102,10.0102,10.0102,2017-08-09
118508,Franklin India Floating Rate Fund - Direct - Growth,INF090I01LK1,,26.0245,26.0245,26.0245,2017-08-09
101044,Franklin India Floating Rate Fund - Dividend Plan,,INF090I01LN5,10.0127,10.0127,10.0127,2017-08-09
101048,Franklin India Floating Rate Fund - Growth Plan,INF090I01LM7,,25.1011,25.1011,25.1011,2017-08-09
118959,HDFC Floating Rate Debt Fund - Direct Plan - Daily Div,,,10.0809,10.0809,10.0809,2017-08-09
118961,HDFC Floating Rate Debt Fund - Direct Plan - Growth Option,INF179K01VQ4,,29.1629,29.1629,29.1629,2017-08-09
118960,HDFC Floating Rate Debt Fund - Direct Plan - Monthly Div,INF179K01VO9,INF179K01VP6,10.1662,10.1662,10.1662,2017-08-09
118962,HDFC Floating Rate Debt Fund - Direct Plan - Weekly Div,,,10.1389,10.1389,10.1389,2017-08-09
106838,HDFC Floating Rate Debt Fund - Wholesale Daily Div Option,,INF179K01699,10.0809,10.0809,10.0809,2017-08-09
106841,HDFC Floating Rate Debt Fund - Wholesale Growth Option,INF179K01707,,29.0576,29.0576,29.0576,2017-08-09
106839,HDFC Floating Rate Debt Fund - Wholesale Monthly Div Option,INF179K01715,INF179K01723,10.1659,10.1659,10.1659,2017-08-09
106840,HDFC Floating Rate Debt Fund - Wholesale Weekly Div Option,INF179K01731,INF179K01749,10.1388,10.1388,10.1388,2017-08-09
101483,HDFC Floating Rate Debt Fund - Retail Daily Div Option,,INF179K01640,10.0809,10.0809,10.0809,2017-08-09
101481,HDFC Floating Rate Debt Fund - Retail Growth Option,INF179K01632,,28.2087,28.2087,28.2087,2017-08-09
101484,HDFC Floating Rate Debt Fund - Retail Monthly Div option,INF179K01657,INF179K01665,10.1653,10.1653,10.1653,2017-08-09
101482,HDFC Floating Rate Debt Fund - Retail Weekly Div Option,INF179K01681,INF179K01673,10.1386,10.1386,10.1386,2017-08-09
130899,ICICI Prudential Floating Interest Fund - Bonus,INF109KA1I43,,126.9491,126.9491,126.9491,2017-08-09
101804,ICICI Prudential Floating Interest Fund - Daily Dividend,INF109K01AW3,,101.4709,101.4709,101.4709,2017-08-09
120423,ICICI Prudential Floating Interest Fund - Direct Plan - Daily Dividend,,INF109K01P24,100.9352,100.9352,100.9352,2017-08-09
120426,ICICI Prudential Floating Interest Fund - Direct Plan - Dividend Others,INF109K01P65,INF109K01P32,127.4058,127.4058,127.4058,2017-08-09
120427,ICICI Prudential Floating Interest Fund - Direct Plan - Fortnightly Dividend,INF109K01P40,,101.4941,101.4941,101.4941,2017-08-09
120425,ICICI Prudential Floating Interest Fund - Direct Plan - Growth,INF109K01P57,,259.6209,259.6209,259.6209,2017-08-09
122607,ICICI Prudential Floating Interest Fund - Direct Plan - Monthly Dividend,INF109K018Z6,INF109K017Z8,101.5703,101.5703,101.5703,2017-08-09
125216,ICICI Prudential Floating Interest Fund - Direct Plan - Quarterly Dividend,INF109KA1012,INF109K019Z4,104.7420,104.7420,104.7420,2017-08-09
120424,ICICI Prudential Floating Interest Fund - Direct Plan - Weekly Dividend,INF109K01P73,INF109K01P81,101.2903,101.2903,101.2903,2017-08-09
115510,ICICI Prudential Floating Interest Fund - Dividend Others,INF109K01WQ9,INF109K01WP1,126.9398,126.9398,126.9398,2017-08-09
101803,ICICI Prudential Floating Interest Fund - Fortnightly Dividend,INF109K01AZ6,,101.4732,101.4732,101.4732,2017-08-09
101802,ICICI Prudential Floating Interest Fund - Growth,INF109K01AX1,,251.3915,251.3915,251.3915,2017-08-09
122606,ICICI Prudential Floating Interest Fund - Monthly Dividend,INF109KA1038,INF109KA1020,102.6566,102.6566,102.6566,2017-08-09
122891,ICICI Prudential Floating Interest Fund - Quarterly Dividend,INF109KA1053,INF109KA1046,103.7164,103.7164,103.7164,2017-08-09
111545,ICICI Prudential Floating Interest Fund - Weekly Dividend,INF109K01EN4,INF109K01AY9,101.3779,101.3779,101.3779,2017-08-09
101800,ICICI Prudential Floating Interest Fund Plan A - Dividend Daily,INF109K01928,,100.9352,100.9352,100.9352,2017-08-09
101796,ICICI Prudential Floating Interest Fund Plan A - Fortnightly Dividend,INF109K01910,,101.4712,101.4712,101.4712,2017-08-09
101795,ICICI Prudential Floating Interest Fund Plan A - Growth,INF109K01936,,252.2848,252.2848,252.2848,2017-08-09
111544,ICICI Prudential Floating Interest Fund Plan A - Weekly Dividend Option,INF109K01EK0,INF109K01944,101.2852,101.2852,101.2852,2017-08-09
101799,ICICI Prudential Floating Interest Fund Plan B - Dividend Daily,INF109K01951,,100.9352,100.9352,100.9352,2017-08-09
101794,ICICI Prudential Floating Interest Fund Plan B - Fortnightly Dividend,INF109K01969,,101.4715,101.4715,101.4715,2017-08-09
101793,ICICI Prudential Floating Interest Fund Plan B - Growth,INF109K01977,,272.4064,272.4064,272.4064,2017-08-09
111543,ICICI Prudential Floating Interest Fund Plan B - Weekly Dividend Option,INF109K01EL8,INF109K01985,101.2851,101.2851,101.2851,2017-08-09
101801,ICICI Prudential Floating Interest Fund Plan C - Dividend Daily,INF109K01AA9,,100.9352,100.9352,100.9352,2017-08-09
101798,ICICI Prudential Floating Interest Fund Plan C - Fortnightly Dividend,INF109K01993,,101.4712,101.4712,101.4712,2017-08-09
102676,Nippon India Floating Rate Fund  - Daily Dividend Reinvestment Option,,INF204K01CI7,10.1491,10.0984,10.1491,2017-08-09
118656,Nippon India Floating Rate Fund  - Direct Plan Growth Plan - Growth Option,INF204K01E05,,27.2616,27.1253,27.2616,2017-08-09
118655,Nippon India Floating Rate Fund  - Direct Plan Monthly Dividend Plan,INF204K01D89,INF204K01D97,10.9240,10.8694,10.9240,2017-08-09
118660,Nippon India Floating Rate Fund  - Direct Plan Weekly Dividend Plan,INF204K01D14,INF204K01E13,10.1363,10.0856,10.1363,2017-08-09
102675,Nippon India Floating Rate Fund  - Monthly Dividend Plan,INF204K01CH9,INF204K01CK3,10.7795,10.7256,10.7795,2017-08-09
112942,Nippon India Floating Rate Fund  - Quarterly Dividend Plan,INF204KO1HK2,,10.6604,10.6071,10.6604,2017-08-09
102677,Nippon India Floating Rate Fund  - Weekly Dividend Plan,INF204K01OQ5,INF204K01CJ5,10.1329,10.0822,10.1329,2017-08-09
118654,Nippon India Floating Rate Fund - Direct Plan Daily Dividend Reinvestment Option,,INF204K01D71,10.1496,10.0989,10.1496,2017-08-09
118661,Nippon India Floating Rate Fund - Direct Plan Quarterly Dividend Plan,INF204K01C98,INF204K01D06,10.5050,10.4525,10.5050,2017-08-09
102673,Nippon India Floating Rate Fund - Growth Plan-Growth Option,INF204K01CG1,,26.6575,26.5242,26.6575,2017-08-09
124590,Nippon India Floating Rate Fund -Direct Plan -Dividend Plan,INF204KA1DU8,INF204KA1DV6,12.1552,12.0944,12.1552,2017-08-09
124589,Nippon India Floating Rate Fund -Dividend Plan,INF204KA1DS2,INF204KA1DT0,12.0361,11.9759,12.0361,2017-08-09
138521,DHFL Pramerica Floating Rate Fund - Annual Bonus,INF663L01IG3,,12.7113,12.7113,12.7113,2017-08-09
138500,DHFL Pramerica Floating Rate Fund - Annual Dividend,INF663L01IW0,INF663L01IX8,15.8805,15.8805,15.8805,2017-08-09
138496,DHFL Pramerica Floating Rate Fund - Bonus,INF663L01IH1,,13.9316,13.9316,13.9316,2017-08-09
138484,DHFL Pramerica Floating Rate Fund - Daily Dividend,,INF663L01IS8,10.222,10.222,10.222,2017-08-09
138518,DHFL Pramerica Floating Rate Fund - Direct Plan -  Quarterly Bonus,INF223J01VQ2,,12.2156,12.2156,12.2156,2017-08-09
138522,DHFL Pramerica Floating Rate FUnd - Direct Plan - Annual Bonus,INF223J01XG9,,18.6013,18.6013,18.6013,2017-08-09
138510,DHFL Pramerica Floating Rate Fund - Direct Plan - Daily Dividend,,INF663L01IJ7,10.222,10.222,10.222,2017-08-09
138509,DHFL Pramerica Floating Rate Fund - Direct Plan - Growth,INF663L01II9,,18.6854,18.6854,18.6854,2017-08-09
138481,DHFL Pramerica Floating Rate Fund - Growth,INF663L01IT6,,18.5082,18.5082,18.5082,2017-08-09
138513,DHFL Pramerica Short Term Floating Rate Fund - Direct Plan - Weekly Dividend,INF663L01IK5,INF663L01IL3,11.0223,11.0223,11.0223,2017-08-09
138492,DHFL Pramerica Short Term Floating Rate Fund - Monthly Dividend,INF663L01IU4,INF663L01IV2,10.6596,10.6596,10.6596,2017-08-09
138491,DHFL Pramerica Short Term Floating Rate Fund - Weekly Dividend,INF663L01JA4,INF663L01JB2,10.0825,10.0825,10.0825,2017-08-09
120705,Aditya Birla Sun Life Regular Savings Fund - Growth / Payment - Direct Plan,INF209K01XH4,INF209K01XJ0,39.9640,39.5644,39.9640,2017-08-09
101818,Aditya Birla Sun Life Regular Savings Fund - Growth / Payment - Regular Plan,INF209K01751,INF209K01777,38.4437,38.0593,38.4437,2017-08-09
120550,Aditya Birla Sun Life Regular Savings Fund - Monthly Dividend - Direct Plan,INF209K01R47,,21.2922,21.0793,21.2922,2017-08-09
101816,Aditya Birla Sun Life Regular Savings Fund - Monthly Dividend - Regular Plan,INF209K01769,INF209K01DF0,15.6514,15.4949,15.6514,2017-08-09
120478,Axis Regular Saver Fund - Direct Plan - Half Yearly,INF846K01EB6,INF846K01EC4,12.1616,12.0400,12.1616,2017-08-09
120479,Axis Regular Saver Fund - Direct Plan - Quarterly,INF846K01ED2,INF846K01EE0,13.4118,13.2777,13.4118,2017-08-09
112927,Axis Regular Saver Fund - Regular Plan - Dividend Option - Annual Dividend Option,INF846K01743,INF846K01750,12.0689,11.9482,12.0689,2017-08-09
112926,Axis Regular Saver Fund - Regular Plan - Dividend Option - Half Yearly,INF846K01727,INF846K01735,11.6005,11.4845,11.6005,2017-08-09
112925,Axis Regular Saver Fund - Regular Plan - Dividend Option - Quarterly,INF846K01701,INF846K01719,11.0432,10.9328,11.0432,2017-08-09
112924,Axis Regular Saver Fund - Regular Plan - Growth Option,INF846K01693,,17.8634,17.6848,17.8634,2017-08-09
120477,Axis Regular Saver Fund- Direct Plan - Dividend Option - Annual Dividend Option,INF846K01DY0,INF846K01DZ7,12.6212,12.4950,12.6212,2017-08-09
120480,Axis Regular Saver Fund- Direct Plan - Growth Option,INF846K01EA8,,19.0221,18.8319,19.0221,2017-08-09
102661,BARODA CONSERVATIVE HYBRID FUND - Plan A - Growth Option,INF955L01161,,21.9826,21.7628,21.9826,2017-08-09
102662,BARODA CONSERVATIVE HYBRID FUND - Plan A - Monthly Dividend Option,INF955L01179,INF955L01187,13.7795,13.6417,13.7795,2017-08-09
102663,BARODA CONSERVATIVE HYBRID FUND - Plan A - Quarterly Dividend Option,INF955L01195,INF955L01203,13.4728,13.3381,13.4728,2017-08-09
119389,BARODA CONSERVATIVE HYBRID FUND - Plan B (Direct) - Growth Option,INF955L01AQ9,,22.8326,22.6043,22.8326,2017-08-09
119391,BARODA CONSERVATIVE HYBRID FUND - Plan B (Direct) - Quarterly Dividend Option,INF955L01AR7,,13.8154,13.6772,13.8154,2017-08-09
119390,BARODA CONSERVATIVE HYBRID FUND - Plan B (Direct)- Monthly Dividend Option,INF955L01AO4,,14.0914,13.9505,14.0914,2017-08-09
120082,BNP Paribas Conservative Hybrid Fund - Direct Plan - Growth Option,INF251K01HR8,,28.1352,28.1352,28.1352,2017-08-09
120083,BNP Paribas Conservative Hybrid Fund - Direct Plan - Monthly Dividend Option,INF251K01HS6,INF251K01HT4,11.3637,11.3637,11.3637,2017-08-09
120111,BNP Paribas Conservative Hybrid Fund - Direct Plan - Quarterly Dividend Option,INF251K01HU2,INF251K01HV0,10.8764,10.8764,10.8764,2017-08-09
113560,BNP PARIBAS Conservative Hybrid Fund-Regular Plan-Growth Option,INF251K01845,,26.3470,26.3470,26.3470,2017-08-09
113561,BNP PARIBAS Conservative hybrid Fund-Regular Plan-Monthly Dividend Option,INF251K01852,INF251K01860,10.6676,10.6676,10.6676,2017-08-09
113562,BNP PARIBAS Conservative Hybrid Fund-Regular Plan-Quarterly Dividend Option,INF251K01878,INF251K01886,10.6905,10.6905,10.6905,2017-08-09
118311,Canara Robeco Conservative Hybrid Fund - Direct Plan - Monthly Dividend Option,INF760K01FZ5,INF760K01GA6,15.4352,15.4352,15.4352,2017-08-09
118310,Canara Robeco Conservative Hybrid Fund - Direct Plan - Quarterly Dividend Option,INF760K01GC2,INF760K01GD0,15.8443,15.8443,15.8443,2017-08-09
100601,Canara Robeco Conservative Hybrid Fund - Regular Plan - Growth,INF760K01282,,52.3871,52.3871,52.3871,2017-08-09
100600,Canara Robeco Conservative Hybrid Fund - Regular Plan - Monthly Dividend,INF760K01308,INF760K01316,14.6467,14.6467,14.6467,2017-08-09
112378,Canara Robeco Conservative Hybrid Fund - Regular Plan - Quarterly Dividend,INF760K01AP7,INF760K01AQ5,15.0281,15.0281,15.0281,2017-08-09
118309,Canara Robeco Conservative Hybrid Fund-Direct Plan - Growth Option,INF760K01GB4,,54.9041,54.9041,54.9041,2017-08-09
118994,DSP Regular Savings Fund - Direct Plan - Growth,INF740K01NO5,,36.6249,36.2587,36.6249,2017-08-09
118992,DSP Regular Savings Fund - Direct Plan - Monthly Dividend,INF740K01NP2,INF740K01NR8,13.1518,13.0203,13.1518,2017-08-09
118993,DSP Regular Savings Fund - Direct Plan - Quarterly Dividend,INF740K01NQ0,INF740K01NS6,14.0671,13.9264,14.0671,2017-08-09
102450,DSP Regular Savings Fund - Regular Plan - Monthly Dividend,INF740K01458,INF740K01466,12.4524,12.3279,12.4524,2017-08-09
102451,DSP Regular Savings Fund - Regular Plan - Quarterly Dividend,INF740K01474,INF740K01482,13.5781,13.4423,13.5781,2017-08-09
102448,DSP Regular Savings Fund- Regular Plan - Growth,INF740K01441,,35.5165,35.1613,35.5165,2017-08-09
119156,Essel Regular Savings Fund-Direct Plan-Growth Option,INF959L01676,,19.0306,19.0306,19.0306,2017-08-09
119157,Essel Regular Savings Fund-Direct Plan-Monthly Dividend Option,INF959L01684,INF959L01692,11.4204,11.4204,11.4204,2017-08-09
119158,Essel Regular Savings Fund-Direct Plan-Quarterly Dividend Option,INF959L01700,INF959L01718,12.2876,12.2876,12.2876,2017-08-09
113141,Essel Regular Savings Fund-Dividend Option-Monthly Dividend,INF959L01098,INF959L01106,10.6225,10.6225,10.6225,2017-08-09
113143,Essel Regular Savings Fund-Dividend Option-Quarterly Dividend,INF959L01114,INF959L01122,11.4255,11.4255,11.4255,2017-08-09
113142,Essel Regular Savings Fund-Growth,INF959L01130,,17.8365,17.8365,17.8365,2017-08-09
118574,Franklin India Debt Hybrid Fund - Direct - GROWTH,INF090I01GF1,,53.8824,53.3436,53.8824,2017-08-09
118575,Franklin India Debt Hybrid Fund - Direct - MONTHLY DIVIDEND,INF090I01GG9,INF090I01GH7,14.8653,14.7166,14.8653,2017-08-09
118576,Franklin India Debt Hybrid Fund - Direct - QUARTERLY DIVIDEND,INF090I01GI5,INF090I01GJ3,14.3658,14.2221,14.3658,2017-08-09
100948,Franklin India Debt Hybrid Fund - Growth,INF090I01EA7,,52.0516,51.5311,52.0516,2017-08-09
100949,Franklin India Debt Hybrid Fund - Monthly Dividend,INF090I01EB5,INF090I01EC3,14.2824,14.1396,14.2824,2017-08-09
100950,Franklin India Debt Hybrid Fund - Quarterly Dividend,INF090I01ED1,INF090I01EE9,13.8047,13.6667,13.8047,2017-08-09
102147,HDFC Hybrid Debt Fund - Growth Plan,INF179K01AE4,,43.4793,43.0445,43.4793,2017-08-09
102148,HDFC Hybrid Debt Fund - Monthly Dividend Option,INF179K01AA2,INF179K01AB0,14.7222,14.5750,14.7222,2017-08-09
102149,HDFC Hybrid Debt Fund - Quarterly Dividend Option,INF179K01AC8,INF179K01AD6,15.4049,15.2509,15.4049,2017-08-09
119118,HDFC Hybrid Debt Fund -Direct Plan - Growth Option,INF179K01XE6,,44.4692,44.0245,44.4692,2017-08-09
119119,HDFC Hybrid Debt Fund -Direct Plan - Monthly Dividend Option,INF179K01XF3,INF179K01XG1,15.1295,14.9782,15.1295,2017-08-09
119120,HDFC Hybrid Debt Fund -Direct Plan - Quarterly Dividend Option,INF179K01XH9,INF179K01XI7,15.8319,15.6736,15.8319,2017-08-09
119121,HDFC MF MIP STP -Direct Plan - Growth Option,INF179K01XJ5,,30.8957,30.5867,30.8957,2017-08-09
119122,HDFC MF MIP STP -Direct Plan - Monthly Dividend Option,INF179K01XK3,INF179K01XL1,12.4243,12.3001,12.4243,2017-08-09
119117,HDFC MF MIP STP-Direct Plan - Quarterly Dividend Option,INF179K01XM9,INF179K01XN7,12.5686,12.4429,12.5686,2017-08-09
102144,HDFC MF Monthly Income Plan-Short Term Plan-Growth Option,INF179K01AF1,,29.8340,29.5357,29.8340,2017-08-09
102145,HDFC MF Monthly Income Plan-Short Term Plan-Monthly Dividend Option,INF179K01AG9,INF179K01AH7,11.5598,11.4442,11.5598,2017-08-09
102146,HDFC MF Monthly Income Plan-Short Term Plan-Quarterly Dividend Option,INF179K01AI5,INF179K01AJ3,12.0620,11.9414,12.0620,2017-08-09
102261,HSBC Regular Savings Fund -  Dividend - Quarterly,INF336L01123,INF336L01131,13.5135,13.5135,13.5135,2017-08-09
102260,HSBC Regular Savings Fund - Dividend - Monthly,INF336L01107,INF336L01115,13.4882,13.4882,13.4882,2017-08-09
102262,HSBC Regular Savings Fund - Growth,INF336L01099,,34.884,34.884,34.884,2017-08-09
120073,HSBC Regular Savings Fund-Growth Direct,INF336L01DW4,,35.7548,35.7548,35.7548,2017-08-09
120074,HSBC Regular Savings Fund-Monthly Dividend Direct,INF336L01DX2,INF336L01DY0,16.5121,16.5121,16.5121,2017-08-09
120075,HSBC Regular Savings Fund-Quarterly Dividend Direct,INF336L01DZ7,INF336L01EA8,14.4334,14.4334,14.4334,2017-08-09
123183,ICICI Prudential Regular Savings Fund - Direct Plan - Bonus,INF109KA1301,,39.8783,39.4795,39.8783,2017-08-09
120616,ICICI Prudential Regular Savings Fund - Direct Plan - Growth,INF109K01S39,,39.8850,39.4862,39.8850,2017-08-09
120613,ICICI Prudential Regular Savings Fund - Direct Plan - Half Yearly Dividend,INF109K01S47,INF109K01S54,15.9526,15.7931,15.9526,2017-08-09
120615,ICICI Prudential Regular Savings Fund - Direct Plan - Monthly Dividend,INF109K01S62,INF109K01S70,15.3303,15.1770,15.3303,2017-08-09
120614,ICICI Prudential Regular Savings Fund - Direct Plan - Quarterly Dividend,INF109K01S88,INF109K01S96,13.6161,13.4799,13.6161,2017-08-09
128110,ICICI Prudential Regular Savings Fund - Plan - Bonus,INF109KA1319,,16.0869,15.9260,16.0869,2017-08-09
102330,ICICI Prudential Regular Savings Fund - Plan - Growth,INF109K01902,,38.5178,38.1326,38.5178,2017-08-09
113098,ICICI Prudential Regular Savings Fund - Plan - Half Yearly Dividend,INF109K01IW6,INF109K01WX5,12.9743,12.8446,12.9743,2017-08-09
102331,ICICI Prudential Regular Savings Fund - Plan - Monthly Dividend,INF109K01ER5,INF109K01894,14.1517,14.0102,14.1517,2017-08-09
113097,ICICI Prudential Regular Savings Fund - Plan - Quarterly Dividend,INF109K01IX4,INF109K01WY3,11.6412,11.5248,11.6412,2017-08-09
118490,IDFC Regular Savings Fund -Direct Plan-Dividend,INF194K017B5,INF194K016B7,13.8659,13.8659,13.8659,2017-08-09
118491,IDFC Regular Savings Fund -Direct Plan-Growth,INF194K015B9,,20.9453,20.9453,20.9453,2017-08-09
118492,IDFC Regular Savings Fund -Direct Plan-Quarterly Dividend,INF194K010C8,INF194K019B1,14.2983,14.2983,14.2983,2017-08-09
112352,IDFC Regular Savings Fund -Regular Plan-Dividend,INF194K01RY5,INF194K01RX7,13.1588,13.1588,13.1588,2017-08-09
112353,IDFC Regular Savings Fund -Regular Plan-Growth,INF194K01RW9,,20.1211,20.1211,20.1211,2017-08-09
113361,IDFC Regular Savings Fund -Regular Plan-Quarterly Dividend,INF194K01SB1,INF194K01SA3,13.3878,13.3878,13.3878,2017-08-09
135689,Indiabulls Savings Income Fund-Direct Plan-Growth Option,INF666M01BK1,,11.7260,11.6087,11.7260,2017-08-09
135690,Indiabulls Savings Income Fund-Direct Plan-Monthly Dividend Option,INF666M01BL9,INF666M01BM7,11.6762,11.5594,11.6762,2017-08-09
135692,Indiabulls Savings Income Fund-Regular Plan-Growth Option,INF666M01BN5,,11.4545,11.3400,11.4545,2017-08-09
135691,Indiabulls Savings Income FUnd-Regular Plan-Monthly Dividend Option,INF666M01BO3,INF666M01BP0,11.4545,11.3400,11.4545,2017-08-09
120554,Invesco India Regular Savings Fund - Direct Plan  - Growth,INF205K01TX7,,1725.6637,1708.4071,1725.6637,2017-08-09
120555,Invesco India Regular Savings Fund - Direct Plan - Monthly Dividend,INF205K01TY5,INF205K01TZ2,1130.2351,1118.9327,1130.2351,2017-08-09
112887,Invesco India Regular Savings Fund - Growth,INF205K01UA3,,1670.3223,1653.6191,1670.3223,2017-08-09
112888,Invesco India Regular Savings Fund - Monthly Dividend,INF205K01UB1,INF205K01UC9,1183.6109,1171.7748,1183.6109,2017-08-09
114859,Kotak Debt Hybrid - Growth,INF174K01393,,29.076,29.076,29.076,2017-08-09
120154,Kotak Debt Hybrid - Growth - Direct,INF174K01JZ1,,30.3414,30.3414,30.3414,2017-08-09
114858,Kotak Debt Hybrid - Monthly Dividend,INF174K01419,INF174K01401,13.1713,13.1713,13.1713,2017-08-09
120155,Kotak Debt Hybrid - Monthly Dividend - Direct,INF174K01KA2,,13.5143,13.5143,13.5143,2017-08-09
114860,Kotak Debt Hybrid - Quarterly Dividend,INF174K01435,INF174K01427,14.4048,14.4048,14.4048,2017-08-09
120156,Kotak Debt Hybrid - Quarterly Dividend - Direct,INF174K01KC8,,14.9019,14.9019,14.9019,2017-08-09
119852,L&T Conservative Hybrid Fund -Direct Plan- Growth,INF917K01GF1,,33.6611,33.3245,33.6611,2017-08-09
112487,L&T Conservative Hybrid Fund- Regular Plan - Growth,INF917K01056,,32.6077,32.2816,32.6077,2017-08-09
119853,L&T Conservative Hybrid Fund -Direct Plan-Monthly Dividend,INF917K01GH7,INF917K01GG9,11.7406,11.6232,11.7406,2017-08-09
112488,L&T Conservative Hybrid Fund -Regular Plan - Monthly Dividend,INF917K01031,INF917K01049,11.2467,11.1342,11.2467,2017-08-09
119854,L&T Conservative Hybrid Fund -Direct Plan-Quarterly Dividend,INF917K01GJ3,INF917K01GI5,12.1408,12.0194,12.1408,2017-08-09
112489,L&T Conservative Hybrid Fund -Regular Plan -Quarterly Dividend,INF917K01064,INF917K01072,11.8489,11.7304,11.8489,2017-08-09
120276,LIC MF Debt Hybrid Fund-Direct Plan-Growth,INF767K01EO7,,52.0769,51.5561,52.0769,2017-08-09
120277,LIC MF Debt Hybrid Fund-Direct Plan-Monthly Dividend,INF767K01EP4,INF767K01ES8,10.6654,10.5587,10.6654,2017-08-09
120274,LIC MF Debt Hybrid Fund-Direct Plan-Quarterly Dividend,INF767K01EQ2,INF767K01ET6,11.1979,11.0859,11.1979,2017-08-09
120275,LIC MF Debt Hybrid Fund-Direct Plan-Yearly Dividend,INF767K01ER0,INF767K01EU4,11.8940,11.7751,11.8940,2017-08-09
101869,LIC MF Debt Hybrid Fund-Regular Plan-Growth,INF767K01808,,50.4536,49.9491,50.4536,2017-08-09
101866,LIC MF Debt Hybrid Fund-Regular Plan-Monthly Dividend,INF767K01816,INF767K01824,10.5944,10.4885,10.5944,2017-08-09
101867,LIC MF Debt Hybrid Fund-Regular Plan-Quarterly Dividend,INF767K01832,INF767K01840,10.7856,10.6777,10.7856,2017-08-09
101868,LIC MF Debt Hybrid Fund-Regular Plan-Yearly Dividend,INF767K01857,INF767K01865,11.5399,11.4245,11.5399,2017-08-09
118726,Nippon India Hybrid Bond Fund - Direct Plan Growth Plan - Growth Option,INF204K01YV4,,42.2164,41.5832,42.2164,2017-08-09
118727,Nippon India Hybrid Bond Fund - Direct Plan Monthly Dividend Plan,INF204K01YW2,INF204K01YX0,13.5194,13.3166,13.5194,2017-08-09
118729,Nippon India Hybrid Bond Fund - Direct Plan Quarterly Dividend Plan,INF204K01YY8,INF204K01YZ5,13.6562,13.4514,13.6562,2017-08-09
102172,Nippon India Hybrid Bond Fund-Growth Plan,INF204K01FD1,,40.5863,39.9775,40.5863,2017-08-09
102173,Nippon India Hybrid Bond Fund-Monthly Dividend Plan,INF204K01FE9,INF204K01FF6,12.7150,12.5243,12.7150,2017-08-09
102174,Nippon India Hybrid Bond Fund-Quarterly Dividend Plan,INF204K01FG4,INF204K01FH2,13.3655,13.1650,13.3655,2017-08-09
138464,PGIM India Hybrid Debt Fund - Direct Plan - Growth,INF223J01NN6,,21.2928,20.9734,21.2928,2017-08-09
138463,PGIM India Hybrid Debt Fund - Direct Plan - Monthly Dividend,INF223J01RB2,INF223J01RC0,10.1747,10.0221,10.1747,2017-08-09
138460,PGIM India Hybrid Debt Fund - Dividend,INF223J01CA6,INF223J01CB4,10.537,10.3789,10.537,2017-08-09
138459,PGIM India Hybrid Debt Fund - Growth,INF223J01BZ5,,20.3911,20.0852,20.3911,2017-08-09
119837,SBI DEBT HYBRID FUND - DIRECT PLAN - ANNUAL DIVIDEND,INF200K01TQ2,INF200K01TR0,17.3072,17.1341,17.3072,2017-08-09
119839,SBI DEBT HYBRID FUND - DIRECT PLAN - GROWTH,INF200K01TS8,,39.5118,39.1167,39.5118,2017-08-09
119838,SBI DEBT HYBRID FUND - DIRECT PLAN - MONTHLY  DIVIDEND,INF200K01TT6,INF200K01TU4,15.9069,15.7478,15.9069,2017-08-09
119836,SBI DEBT HYBRID FUND - DIRECT PLAN - QUARTERLY DIVIDEND,INF200K01TV2,INF200K01TW0,13.9663,13.8266,13.9663,2017-08-09
100927,SBI DEBT HYBRID FUND - Dividend-REGULAR PLAN -Monthly,INF200K01867,INF200K01875,13.1280,12.9967,13.1280,2017-08-09
100968,SBI DEBT HYBRID FUND - REGULAR PLAN - GROWTH,INF200K01859,,37.9893,37.6094,37.9893,2017-08-09
100929,SBI DEBT HYBRID FUND -Dividend-REGULAR PLAN - Annual,INF200K01909,INF200K01917,14.9780,14.8282,14.9780,2017-08-09
100928,SBI DEBT HYBRID FUND -REGULAR PLAN - Dividend-Quaterly,INF200K01883,INF200K01891,12.7905,12.6626,12.7905,2017-08-09
119636,Sundaram Debt Oriented Hybrid Fund - Direct Monthly Dividend Option,INF903J01OQ4,INF903J01OT8,14.6668,14.6668,14.6668,2017-08-09
119635,Sundaram Debt Oriented Hybrid Fund Direct Plan - Growth Option,INF903J01OP6,,18.8263,18.8263,18.8263,2017-08-09
119638,Sundaram Debt Oriented Hybrid Fund Direct Plan - Half Yearly Dividend Option,INF903J01OS0,INF903J01OV4,14.8409,14.8409,14.8409,2017-08-09
119637,Sundaram Debt Oriented Hybrid Fund Direct Plan - Quarterly Dividend Option,INF903J01OR2,INF903J01OU6,14.8459,14.8459,14.8459,2017-08-09
112869,Sundaram Debt Oriented Hybrid Fund Half-yearly Dividend,INF903J01HE4,INF903J01HH7,14.5441,14.5441,14.5441,2017-08-09
112867,Sundaram Debt Oriented Hybrid Fund Monthly Dividend,INF903J01HC8,INF903J01HF1,14.5435,14.5435,14.5435,2017-08-09
112870,Sundaram Debt Oriented Hybrid Fund Quarterly Dividend,INF903J01HD6,INF903J01HG9,14.5967,14.5967,14.5967,2017-08-09
112868,Sundaram Debt Oriented Hybrid Fund- GROWTH,INF903J01HB0,,18.4528,18.4528,18.4528,2017-08-09
120789,UTI - Regular Savings Fund - Direct Plan - Flexi Dividend Option,INF789F01UH1,INF789F01UI9,36.3157,36.3157,36.3157,2017-08-09
120779,UTI - Regular Savings Fund - Direct Plan - Growth Option,INF789F01UJ7,,39.1297,39.1297,39.1297,2017-08-09
120778,UTI - Regular Savings Fund - Direct Plan - Monthly Dividend Option,INF789F01UK5,INF789F01UL3,16.1863,16.1863,16.1863,2017-08-09
120790,UTI - Regular Savings Fund - Direct Plan - Monthly Payment Option,INF789F01UM1,,38.4927,38.4927,0,2017-08-09
102534,UTI - Regular Savings Fund - Regular Plan - Flexi Dividend Option,INF789F01877,INF789F01885,35.211,35.211,35.211,2017-08-09
102535,UTI - Regular Savings Fund - Regular Plan - Growth Option,INF789F01893,,37.998,37.998,37.998,2017-08-09
102533,UTI - Regular Savings Fund - Regular Plan - Monthly Payment Option,INF789F01927,,38.0173,38.0173,38.0173,2017-08-09
102536,UTI - Regular Savings Fund -Regular Plan - Monthly Dividend Option,INF789F01901,INF789F01919,15.6445,15.6445,15.6445,2017-08-09
118738,Nippon India Balanced Advantage Fund - Direct Plan Dividend Plan,INF204K01G78,INF204K01G86,29.7861,29.4882,29.7861,2017-08-09
118736,Nippon India Balanced Advantage Fund - Direct Plan Growth Plan - Growth Option,INF204K01G94,,85.1905,84.3386,85.1905,2017-08-09
102848,Nippon India Balanced Advantage Fund-Dividend Plan,INF204K01570,INF204K01588,26.0737,25.8130,26.0737,2017-08-09
102847,Nippon India Balanced Advantage Fund-Growth Plan-Bonus Option,INF204K01596,,82.9598,82.1302,82.9598,2017-08-09
102846,Nippon India Balanced Advantage Fund-Growth Plan-Growth Option,INF204K01604,,82.9598,82.1302,82.9598,2017-08-09
119545,Sundaram Equity Hybrid Fund Direct Dividend,INF903J01MN5,INF903J01MO3,15.8786,15.7198,15.8786,2017-08-09
119542,Sundaram Equity Hybrid Fund Direct Growth,INF903J01MP0,,81.0878,80.2769,81.0878,2017-08-09
101472,Sundaram Equity Hybrid Fund Regular Dividend,INF903J01728,INF903J01736,15.4224,15.2682,15.4224,2017-08-09
100617,Sundaram Equity Hybrid Fund Regular Growth,INF903J01744,,79.1868,78.3949,79.1868,2017-08-09
120518,Aditya Birla Sun Life Equity Hybrid'95 Fund - Direct Plan-Dividend,INF209KA1LH3,INF209K01ZB2,214.98,212.83,214.98,2017-08-09
120517,Aditya Birla Sun Life Equity Hybrid'95 Fund - Direct Plan-Growth,INF209K01ZC0,,760.18,752.58,760.18,2017-08-09
103154,Aditya Birla Sun Life Equity Hybrid'95 Fund - Regular Plan-Dividend,INF209K01BS7,INF209K01EE1,150.66,149.15,150.66,2017-08-09
103155,Aditya Birla Sun Life Equity Hybrid'95 Fund - Regular Plan-Growth,INF209K01BT5,,726.10,718.84,726.10,2017-08-09
101913,BARODA  HYBRID EQUITY FUND - Plan A - Dividend Option,INF955L01682,INF955L01690,18.62,18.43,18.62,2017-08-09
101912,BARODA  HYBRID EQUITY FUND - Plan A - Growth Option,INF955L01708,,53.68,53.14,53.68,2017-08-09
119325,BARODA HYBRID EQUITY FUND - Plan B (Direct) - Dividend Option,INF955L01922,,20.16,19.96,20.16,2017-08-09
119326,BARODA HYBRID EQUITY FUND - Plan B (Direct) - Growth Option,INF955L01948,,56.45,55.89,56.45,2017-08-09
141005,BNP PARIBAS SUBSTANTIAL EQUITY HYBRID FUND -DIRECT PLAN- DIVIDEND OPTION,INF251K01PB5,INF251K01PA7,10.3660,10.3660,10.3660,2017-08-09
141006,BNP PARIBAS SUBSTANTIAL EQUITY HYBRID FUND- DIRECT PLAN - GROWTH OPTION,INF251K01OZ7,,10.5222,10.5222,10.5222,2017-08-09
141007,BNP PARIBAS SUBSTANTIAL EQUITY HYBRID FUND- REGULAR PLAN- DIVIDEND OPTION,INF251K01OY0,INF251K01OX2,10.3131,10.3131,10.3131,2017-08-09
141004,BNP PARIBAS SUBSTANTIAL EQUITY HYBRID FUND- REGULAT PLAN -GROWTH OPTION,INF251K01OW4,,10.4660,10.4660,10.4660,2017-08-09
118272,Canara Robeco Equity Hybrid Fund - Direct Plan - Growth,INF760K01EZ8,,144.5500,144.5500,144.5500,2017-08-09
118271,Canara Robeco Equity Hybrid Fund - Direct Plan - Monthly Dividend,INF760K01EX3,INF760K01EY1,85.3400,85.3400,85.3400,2017-08-09
106166,Canara Robeco Equity Hybrid Fund - Regular Plan - Growth,INF760K01050,,140.4800,140.4800,140.4800,2017-08-09
106167,Canara Robeco Equity Hybrid Fund - Regular Plan - Monthly Dividend,INF760K01068,INF760K01076,82.6500,82.6500,82.6500,2017-08-09
131086,DSP BlackRock Equity & Bond Fund - Direct Plan - Quarterly Dividend,INF740K010D5,INF740K011D3,15.206,15.054,15.206,2017-08-09
131087,DSP BlackRock Equity & Bond Fund - Regular Plan - Quarterly Dividend,INF740K018C0,INF740K019C8,14.734,14.587,14.734,2017-08-09
119020,DSP Equity & Bond Fund - Direct Plan - Dividend,INF740K01NZ1,INF740K01OA2,38.417,38.033,38.417,2017-08-09
119019,DSP Equity & Bond Fund - Direct Plan - Growth,INF740K01NY4,,144.303,142.860,144.303,2017-08-09
100081,DSP Equity & Bond Fund- Regular Plan - Growth,INF740K01318,,139.330,137.937,139.330,2017-08-09
100082,DSP Equity & Bond Fund- Regular Plan -Dividend,INF740K01326,INF740K01334,25.360,25.106,25.360,2017-08-09
112108,Edelweiss Aggressive Hybrid Fund - Regular Plan - Growth Option,INF754K01202,,23.09,23.09,23.09,2017-08-09
112012,Edelweiss Aggressive Hybrid Fund- Plan B-Growth Option,INF754K01160,,22.79,22.79,22.79,2017-08-09
112109,Edelweiss Aggressive Hybrid Fund- Regular Plan - Dividend Option,INF754K01178,INF754K01186,18.52,18.52,18.52,2017-08-09
118625,Edelweiss Aggressive Hybrid Fund-Direct Plan-Dividend Option,INF754K01CB6,INF754K01CC4,18.91,18.91,18.91,2017-08-09
118624,Edelweiss Aggressive Hybrid Fund-Direct Plan-Growth Option,INF754K01CE0,,23.49,23.49,23.49,2017-08-09
112013,Edelweiss Aggressive Hybrid Fund-Plan B- Dividend Option,INF754K01137,INF754K01145,23.23,23.23,23.23,2017-08-09
118547,Franklin India Equity Hybrid Fund - Direct - Dividend,INF090I01GA2,INF090I01GB0,23.8555,23.6169,23.8555,2017-08-09
118546,Franklin India Equity Hybrid Fund - Direct - Growth,INF090I01FZ1,,116.2711,115.1084,116.2711,2017-08-09
100549,Franklin India Equity Hybrid Fund - Dividend Plan,INF090I01825,INF090I01833,22.5424,22.3170,22.5424,2017-08-09
100550,Franklin India Equity Hybrid Fund - Growth Plan,INF090I01817,,110.8404,109.7320,110.8404,2017-08-09
119061,HDFC Hybrid Equity -Direct Plan - Dividend Option,INF179K01XX6,INF179K01XY4,15.0210,14.8710,15.0210,2017-08-09
119062,HDFC Hybrid Equity -Direct Plan - Growth Option,INF179K01XZ1,,54.0210,53.4810,54.0210,2017-08-09
102947,HDFC Hybrid Equity Fund-Dividend,INF179K01AQ8,INF179K01AR6,14.5170,14.3720,14.5170,2017-08-09
102948,HDFC Hybrid Equity Fund-Growth,INF179K01AS4,,52.5910,52.0650,52.5910,2017-08-09
136113,ICICI Prudential Equity & Debt Fund - Annual Dividend,INF109KB1QK6,INF109KB1QJ8,13.74,13.60,13.74,2017-08-09
136114,ICICI Prudential Equity & Debt Fund - Direct Plan - Annual Dividend,INF109KB1QM2,INF109KB1QL4,14.05,13.91,14.05,2017-08-09
120251,ICICI Prudential Equity & Debt Fund - Direct Plan - Growth,INF109K01Y07,,126.85,125.58,126.85,2017-08-09
131453,ICICI Prudential Equity & Debt Fund - Direct Plan - Half Yearly Dividend,INF109KA1Y19,INF109KA1Y01,13.40,13.27,13.40,2017-08-09
120252,ICICI Prudential Equity & Debt Fund - Direct Plan - Monthly Dividend,INF109K01X81,INF109K01X99,30.55,30.24,30.55,2017-08-09
100356,ICICI Prudential Equity & Debt Fund - Growth,INF109K01480,,120.76,119.55,120.76,2017-08-09
131452,ICICI Prudential Equity & Debt Fund - Half Yearly Dividend,INF109KA1X93,INF109KA1X85,13.03,12.90,13.03,2017-08-09
100355,ICICI Prudential Equity & Debt Fund - Monthly Dividend,INF109K01DX5,INF109K01498,24.86,24.61,24.86,2017-08-09
139972,IDBI Hybrid Equity Fund Dividend Direct,INF397L01IZ8,INF397L01JA9,11.5575,11.4419,11.5575,2017-08-09
139970,IDBI Hybrid Equity Fund Dividend Regular,INF397L01JD3,INF397L01JE1,11.3974,11.2834,11.3974,2017-08-09
139971,IDBI Hybrid Equity Fund Growth Direct,INF397L01JC5,,11.5575,11.4419,11.5575,2017-08-09
139969,IDBI Hybrid Equity Fund Growth Regular,INF397L01JG6,,11.3974,11.2834,11.3974,2017-08-09
140383,IDFC Hybrid Equity Fund-Direct Plan-Dividend,INF194KA1U64,INF194KA1U72,10.9592,10.9592,10.9592,2017-08-09
140382,IDFC Hybrid Equity Fund-Direct Plan-Growth,INF194KA1U56,,11.3255,11.3255,11.3255,2017-08-09
140384,IDFC Hybrid Equity Fund-Regular Plan-Dividend,INF194KA1U23,INF194KA1U31,10.8347,10.8347,10.8347,2017-08-09
140381,IDFC Hybrid Equity Fund-Regular Plan-Growth,INF194KA1U15,,11.1981,11.1981,11.1981,2017-08-09
130904,JM Equity Hybrid Fund (Direct) - Annual Bonus Option,INF192K01HB8,,45.8739,45.8739,45.8739,2017-08-09
131477,JM Equity Hybrid Fund (Direct) - Annual Dividend Option,INF192K01HJ1,INF192K01HK9,32.7062,32.7062,32.7062,2017-08-09
133401,JM Equity Hybrid Fund (Direct) - Bonus Option - Principal Units,INF192K01GP0,,46.8636,46.8636,46.8636,2017-08-09
120483,JM Equity Hybrid Fund (Direct) - Dividend Option,INF192K01BO4,INF192K01BP1,32.1888,32.1888,32.1888,2017-08-09
120484,JM Equity Hybrid Fund (Direct) - Growth Option,INF192K01BQ9,,45.8425,45.8425,45.8425,2017-08-09
133409,JM Equity Hybrid Fund (Direct) - Half Yearly Bonus Option - Principal Units,INF192K01HV6,,46.8636,46.8636,46.8636,2017-08-09
133402,JM Equity Hybrid Fund (Direct) - Half Yearly Dividend Option,INF192K01HH5,INF192K01HI3,33.0451,33.0451,33.0451,2017-08-09
133412,JM Equity Hybrid Fund (Direct) - Monthly Dividend Option,INF192K01HN3,INF192K01HO1,33.0451,33.0451,33.0451,2017-08-09
133411,JM Equity Hybrid Fund (Direct) - Quarterly Bonus Option - Principal Units,INF192K01HZ7,,46.8636,46.8636,46.8636,2017-08-09
133406,JM Equity Hybrid Fund (Direct) - Quarterly Dividend Option,INF192K01HR4,INF192K01HS2,17.5866,17.5866,17.5866,2017-08-09
133407,JM Equity Hybrid Fund - Annual Bonus Option,INF192K01GZ9,,44.7818,44.7818,44.7818,2017-08-09
131476,JM Equity Hybrid Fund - Annual Dividend Option,INF192K01HF9,INF192K01HG7,31.9263,31.9263,31.9263,2017-08-09
133400,JM Equity Hybrid Fund - Bonus Option - Principal Units,INF192K01GN5,,44.7818,44.7818,44.7818,2017-08-09
133403,JM Equity Hybrid Fund - Half Yearly Bonus Option - Principal Units,INF192K01HT0,,44.7818,44.7818,44.7818,2017-08-09
133408,JM Equity Hybrid Fund - Half Yearly Dividend Option,INF192K01HD4,INF192K01HE2,31.9241,31.9241,31.9241,2017-08-09
133404,JM Equity Hybrid Fund - Monthly Dividend Option,INF192K01HL7,INF192K01HM5,31.6719,31.6719,31.6719,2017-08-09
133410,JM Equity Hybrid Fund - Quarterly Bonus Option - Principal Units,INF192K01HX2,,44.7818,44.7818,44.7818,2017-08-09
133405,JM Equity Hybrid Fund - Quarterly Dividend Option,INF192K01HP8,INF192K01HQ6,11.3661,11.3661,11.3661,2017-08-09
100220,JM Equity Hybrid Fund-Dividend,INF192K01528,INF192K01536,12.1970,12.1970,12.1970,2017-08-09
100221,JM Equity Hybrid Fund-Growth,INF192K01544,,43.6074,43.6074,43.6074,2017-08-09
100286,Kotak Equity Hybrid - Dividend,INF174K01450,INF174K01443,16.736,16.569,16.736,2017-08-09
119767,Kotak Equity Hybrid - Dividend - Direct,INF174K01LL7,INF174K01LM5,17.952,17.772,17.952,2017-08-09
133036,Kotak Equity Hybrid - Growth,INF174K01E92,,23.207,22.975,23.207,2017-08-09
133035,Kotak Equity Hybrid - Growth - Direct,INF174K01F00,,24.513,24.268,24.513,2017-08-09
133871,L&T Hybrid Equity Fund - Direct Plan - Annual Dividend,INF917K01TY5,INF917K01TX7,13.481,13.346,13.481,2017-08-09
119348,L&T Hybrid Equity Fund - Direct Plan -Dividend,INF917K01LD6,,21.822,21.604,21.822,2017-08-09
119347,L&T Hybrid Equity Fund - Direct Plan-Growth,INF917K01LE4,,26.142,25.881,26.142,2017-08-09
133870,L&T Hybrid Equity Fund - Regular Plan- Annual Dividend,INF917K01TW9,INF917K01TV1,13.121,12.99,13.121,2017-08-09
118192,L&T Hybrid Equity Fund- Regular Plan - Dividend,INF917K01KZ1,INF917K01LA2,20.133,19.932,20.133,2017-08-09
118191,L&T Hybrid Equity Fund- Regular Plan - Growth,INF917K01LB0,,24.982,24.732,24.982,2017-08-09
120260,LIC MF Equity Hybrid Fund-Direct Plan-Dividend,INF767K01EC2,INF767K01EE8,15.1937,15.0418,15.1937,2017-08-09
120261,LIC MF Equity Hybrid Fund-Direct Plan-Growth,INF767K01ED0,,95.4848,94.5300,95.4848,2017-08-09
100321,LIC MF Equity Hybrid Fund-Regular Plan-Dividend,INF767K01022,INF767K01014,14.6871,14.5402,14.6871,2017-08-09
100323,LIC MF Equity Hybrid Fund-Regular Plan-Growth,INF767K01030,,92.2978,91.3748,92.2978,2017-08-09
134814,Mirae Asset Hybrid-Equity Fund -Direct Plan-Dividend,INF769K01DI7,INF769K01DJ5,12.711,12.584,12.711,2017-08-09
134813,Mirae Asset Hybrid-Equity Fund -Direct Plan-Growth,INF769K01DH9,,13.490,13.355,13.490,2017-08-09
134816,Mirae Asset Hybrid-Equity Fund -Regular Plan-Dividend,INF769K01DF3,INF769K01DG1,12.221,12.099,12.221,2017-08-09
134815,Mirae Asset Hybrid-Equity Fund -Regular Plan-Growth,INF769K01DE6,,12.978,12.848,12.978,2017-08-09
118794,Nippon India Equity Hybrid Fund  - Direct Plan Growth Plan,INF204K01B08,,54.9139,54.3648,54.9139,2017-08-09
122766,Nippon India Equity Hybrid Fund - Direct Plan - Quarterly Dividend Plan,INF204K011R2,INF204K012R0,16.0134,15.8533,16.0134,2017-08-09
118793,Nippon India Equity Hybrid Fund - Direct Plan Dividend Plan,INF204K01B16,INF204K01B24,22.4452,22.2207,22.4452,2017-08-09
139679,Nippon India Equity Hybrid Fund - Direct Plan-Monthly Dividend Plan,INF204KB1BE5,INF204KB1BD7,11.6664,11.5497,11.6664,2017-08-09
112937,Nippon India Equity Hybrid Fund - Dividend Plan,INF204K01FX9,INF204K01FY7,18.2203,18.0381,18.2203,2017-08-09
112936,Nippon India Equity Hybrid Fund - Growth Plan,INF204K01FW1,,52.2979,51.7749,52.2979,2017-08-09
139680,Nippon India Equity Hybrid Fund - Monthly Dividend Plan,INF204KB1BG0,INF204KB1BF2,11.4833,11.3685,11.4833,2017-08-09
122765,Nippon India Equity Hybrid Fund - Quarterly Dividend Plan,INF204K013R8,INF204K014R6,15.8039,15.6459,15.8039,2017-08-09
138387,PGIM India Hybrid Equity Fund - Direct Plan - Dividend,INF663L01GY0,INF663L01GZ7,23.99,23.75,23.99,2017-08-09
138386,PGIM India Hybrid Equity Fund - Direct Plan - Growth,INF663L01GX2,,67.92,67.24,67.92,2017-08-09
138381,PGIM India Hybrid Equity Fund - Dividend Option,INF663L01HA8,INF663L01HB6,15.15,15,15.15,2017-08-09
138382,PGIM India Hybrid Equity Fund - Growth Option,INF663L01HC4,,64.45,63.81,64.45,2017-08-09
138384,PGIM India Hybrid Equity Fund Wealth Plan- Dividend Option,INF223J01309,,20.4,20.2,20.4,2017-08-09
138383,PGIM India Hybrid Equity Fund Wealth Plan- Growth Option,INF223J01325,,29.15,28.86,29.15,2017-08-09
139820,PGIM India Hybrid Equity Fund-Direct Plan-Monthly Dividend Option,INF663L01OA4,INF663L01OB2,24.03,23.79,24.03,2017-08-09
139823,PGIM India Hybrid Equity Fund-Direct Plan-Quarterly Divdend Option,INF663L01OE6,INF663L01OF3,16.27,16.11,16.27,2017-08-09
139821,PGIM India Hybrid Equity Fund-Monthly Dividend Option,INF663L01NY6,INF663L01NZ3,23.73,23.49,23.73,2017-08-09
139822,PGIM India Hybrid Equity Fund-Quarterly Dividend Option,INF663L01OC0,INF663L01OD8,16.38,16.22,16.38,2017-08-09
119484,Principal Hybrid Equity Fund- Direct Plan - Growth Option,INF173K01FE6,,71.44,70.73,71.44,2017-08-09
101266,Principal Hybrid Equity Fund- Monthly Dividend,INF173K01CI4,INF173K01CJ2,27.80,27.52,27.80,2017-08-09
119485,Principal Hybrid Equity Fund-Direct Plan - Monthly Dividend Option,INF173K01FB2,INF173K01FC0,31.25,30.94,31.25,2017-08-09
101265,Principal Hybrid Equity Fund-Growth,INF173K01CL8,,68.62,67.93,68.62,2017-08-09
101069,Quant Absolute Fund-Dividend Option,INF966L01242,INF966L01259,18.3943,18.2104,18.3943,2017-08-09
120818,Quant Absolute Fund-Dividend Option-Direct Plan,INF966L01531,INF966L01549,18.5660,18.3803,18.5660,2017-08-09
101070,Quant Absolute Fund-Growth Option,INF966L01267,,123.3015,122.0685,123.3015,2017-08-09
120819,Quant Absolute Fund-Growth Option-Direct Plan,INF966L01556,,123.7925,122.5546,123.7925,2017-08-09
119604,SBI EQUITY HYBRID FUND - DIRECT PLAN - Dividend,INF200K01RW4,INF200K01RX2,41.1429,40.7315,41.1429,2017-08-09
119609,SBI EQUITY HYBRID FUND - DIRECT PLAN - Growth,INF200K01RY0,,122.2608,121.0382,122.2608,2017-08-09
101551,SBI EQUITY HYBRID FUND - REGULAR PLAN - Dividend,INF200K01115,INF200K01123,28.6093,28.3232,28.6093,2017-08-09
102885,SBI EQUITY HYBRID FUND - REGULAR PLAN -Growth,INF200K01107,,117.2857,116.1128,117.2857,2017-08-09
125712,Shriram Hybrid Equity Fund- Direct Dividend,INF680P01059,INF680P01067,12.5163,12.3911,12.5163,2017-08-09
125711,Shriram Hybrid Equity Fund- Direct Growth,INF680P01042,,15.7278,15.5705,15.7278,2017-08-09
125714,Shriram Hybrid Equity Fund- Dividend,INF680P01026,INF680P01034,12.3034,12.1804,12.3034,2017-08-09
125713,Shriram Hybrid Equity Fund- Growth,INF680P01018,,15.3903,15.2364,15.3903,2017-08-09
100414,Tata Hybrid Equity Fund Regular Plan - Growth,INF277K01303,,201.2719,199.2592,201.2719,2017-08-09
113134,Tata Hybrid Equity Fund Regular Plan- Monthly Dividend Option,INF277K01CS2,INF277K01CW4,68.5939,67.9080,68.5939,2017-08-09
119053,Tata Hybrid Equity Fund -Direct Plan- Growth,INF277K01MN2,,207.1696,205.0979,207.1696,2017-08-09
119057,Tata Hybrid Equity Fund -Direct Plan- Monthly Dividend option,INF277K01MO0,INF277K01MP7,71.0395,70.3291,71.0395,2017-08-09
119058,Tata Hybrid Equity Fund -Direct Plan-Dividend Option,INF277K01ML6,INF277K01MM4,81.4067,80.5926,81.4067,2017-08-09
101222,Tata Hybrid Equity Fund Regular Plan - Dividend Option,INF277K01DB6,INF277K01295,78.5700,77.7843,78.5700,2017-08-09
120673,UTI - Hybrid Equity Fund - Direct Plan - Income,INF789F01SI3,INF789F01SJ1,31.4303,31.4303,31.4303,2017-08-09
100684,UTI - Hybrid Equity Fund - Regular Plan - Growth,INF789F01323,,160.2196,160.2196,160.2196,2017-08-09
100685,UTI - Hybrid Equity Fund - Regular Plan -Income,INF789F01307,INF789F01315,30.731,30.731,30.731,2017-08-09
120674,UTI - Hybrid Equity Fund -Direct Plan - Growth,INF789F01SK9,,163.276,163.276,163.276,2017-08-09
131671,Aditya Birla Sun Life Balanced Advantage Fund - Direct Plan - Dividend Option,INF084M01DK3,INF084M01DL1,23.06,22.83,23.06,2017-08-09
131670,Aditya Birla Sun Life Balanced Advantage Fund - Direct Plan - Growth Option,INF084M01DJ5,,51.39,50.88,51.39,2017-08-09
131665,Aditya Birla Sun Life Balanced Advantage Fund - Regular Plan - Dividend Option,INF084M01AC6,INF084M01AD4,22.22,22.00,22.22,2017-08-09
131666,Aditya Birla Sun Life Balanced Advantage Fund - Regular Plan - Growth Option,INF084M01AB8,,49.64,49.14,49.64,2017-08-09
141643,Axis Dynamic Equity Fund - Direct Plan - Dividend,INF846K01A37,INF846K01A45,9.97,9.87,9.97,2017-08-09
141642,Axis Dynamic Equity Fund - Direct Plan - Growth,INF846K01A29,,9.97,9.87,9.97,2017-08-09
141645,Axis Dynamic Equity Fund - Regular Plan - Dividend,INF846K01A60,INF846K01A78,9.96,9.86,9.96,2017-08-09
141644,Axis Dynamic Equity Fund - Regular Plan - Growth,INF846K01A52,,9.96,9.86,9.96,2017-08-09
127852,BOI AXA EQUITY DEBT REBALANCER FUND  DIRECT PLAN DIVIDEND,INF761K01BM0,INF761K01BN8,12.4603,12.4603,12.4603,2017-08-09
127851,BOI AXA EQUITY DEBT REBALANCER FUND  REGULAR PLAN DIVIDEND,INF761K01BP3,INF761K01BQ1,11.0370,11.0370,11.0370,2017-08-09
127850,BOIAXAEQUITY DEBT REBALANCER FUND DIRECT PLAN  GROWTH,INF761K01BO6,,14.9136,14.9136,14.9136,2017-08-09
127849,BOIAXAEQUITY DEBT REBALANCER FUND REGULAR PLAN  GROWTH,INF761K01BR9,,14.6849,14.6849,14.6849,2017-08-09
126393,DSP Dynamic Asset Allocation Fund - Direct Plan - Growth,INF740K01K81,,14.5392,14.3938,14.5392,2017-08-09
126391,DSP Dynamic Asset Allocation Fund - Direct Plan - Monthly Dividend,INF740K01K99,INF740K01L07,11.1514,11.0399,11.1514,2017-08-09
126394,DSP Dynamic Asset Allocation Fund - Regular Plan - Growth,INF740K01K57,,14.1160,13.9748,14.1160,2017-08-09
126392,DSP Dynamic Asset Allocation Fund - Regular Plan - Monthly Dividend,INF740K01K65,INF740K01K73,10.8895,10.7806,10.8895,2017-08-09
118614,Edelweiss Balanced Advantage Fund - Direct Plan-Quarterly Dividend Option,INF754K01BP8,INF754K01BQ6,15.13,14.98,15.13,2017-08-09
112117,Edelweiss Balanced Advantage Fund - Regular Plan - Growth Option,INF754K01285,,21.39,21.18,21.39,2017-08-09
112118,Edelweiss Balanced Advantage Fund - Regular Plan - Quarterly Dividend Option,INF754K01251,INF754K01269,13.28,13.15,13.28,2017-08-09
118615,Edelweiss Balanced Advantage Fund -Direct Plan-Growth Option,INF754K01BS2,,21.96,21.74,21.96,2017-08-09
100120,HDFC Balance Advantage Fund - Dividend Option,INF179K01814,INF179K01822,31.9810,31.6610,31.9810,2017-08-09
100119,HDFC Balance Advantage Fund - Growth Option,INF179K01830,,172.3710,170.6470,172.3710,2017-08-09
118969,HDFC Balance Advantage Fund -Direct Plan - Dividend Option,INF179K01VY8,INF179K01VZ5,32.9750,32.6450,32.9750,2017-08-09
118968,HDFC Balance Advantage Fund -Direct Plan - Growth Option,INF179K01WA6,,176.6590,174.8920,176.6590,2017-08-09
106671,HSBC Dynamic Asset Allocation Fund - Dividend,INF336L01404,INF336L01396,16.9769,16.9769,16.9769,2017-08-09
106670,HSBC Dynamic Asset Allocation Fund - Growth,INF336L01412,,16.9769,16.9769,16.9769,2017-08-09
120041,HSBC Dynamic Asset Allocation Fund-Dividend Direct,INF336L01CE4,INF336L01CF1,17.5434,17.5434,17.5434,2017-08-09
120042,HSBC Dynamic Asset Allocation Fund-Growth Direct,INF336L01CG9,,17.5434,17.5434,17.5434,2017-08-09
120376,ICICI Prudential Balanced Advantage Fund - Direct Plan -  Dividend,INF109K010B4,INF109K011B2,20.22,20.02,20.22,2017-08-09
120377,ICICI Prudential Balanced Advantage Fund - Direct Plan -  Growth,INF109K012B0,,33.46,33.13,33.46,2017-08-09
122236,ICICI Prudential Balanced Advantage Fund - Direct Plan - Monthly Dividend,INF109K016W7,INF109K015W9,15.47,15.32,15.47,2017-08-09
131451,ICICI Prudential Balanced Advantage Fund - Direct Plan - Quarterly Dividend,INF109KA1Y50,INF109KA1Y43,12.67,12.54,12.67,2017-08-09
104686,ICICI Prudential Balanced Advantage Fund - Dividend,INF109K01EG8,INF109K01BG4,16.90,16.73,16.90,2017-08-09
104685,ICICI Prudential Balanced Advantage Fund - Growth,INF109K01BH2,,31.75,31.43,31.75,2017-08-09
122168,ICICI Prudential Balanced Advantage Fund - Monthly Dividend,INF109K018W3,INF109K017W5,14.60,14.45,14.60,2017-08-09
131450,ICICI Prudential Balanced Advantage Fund - Quarterly Dividend,INF109KA1Y35,INF109KA1Y27,12.10,11.98,12.10,2017-08-09
131356,IDFC DEF_Direct Plan_Dividend,INF194KA1UI9,INF194KA1UJ7,11.1395,11.1395,11.1395,2017-08-09
131355,IDFC DEF_Direct Plan_Growth,INF194KA1UH1,,12.5158,12.5158,12.5158,2017-08-09
131354,IDFC DEF_Regular Plan_Dividend,INF194KA1UF5,INF194KA1UG3,10.7663,10.7663,10.7663,2017-08-09
131357,IDFC DEF_Regular Plan_Growth,INF194KA1UE8,,12.0883,12.0883,12.0883,2017-08-09
120332,Invesco India Dynamic Equity Fund - Direct Plan - Dividend,INF205K01LL9,INF205K01LM7,21.18,21.18,21.18,2017-08-09
120333,Invesco India Dynamic Equity Fund - Direct Plan - Growth,INF205K01LN5,,29.29,29.29,29.29,2017-08-09
106316,Invesco India Dynamic Equity Fund - Dividend,INF205K01239,INF205K01221,20.55,20.55,20.55,2017-08-09
106317,Invesco India Dynamic Equity Fund - Growth,INF205K01213,,27.39,27.39,27.39,2017-08-09
119297,L&T Balanced Advantage Fund-Direct Plan-Dividend,INF917K01IM3,INF917K01IL5,19.029,18.839,19.029,2017-08-09
119298,L&T Balanced Advantage Fund-Direct Plan-Growth,INF917K01IN1,,22.901,22.672,22.901,2017-08-09
118193,L&T Balanced Advantage Fund-Regular Plan-Dividend,INF917K01KW8,INF917K01KX6,18.065,17.884,18.065,2017-08-09
118194,L&T Balanced Advantage Fund-Regular Plan-Growth,INF917K01KY4,,21.873,21.654,21.873,2017-08-09
139872,Motilal Oswal Dynamic Fund  (MOFDYNAMIC) - Direct Plan - Growth Option,INF247L01635,,11.6831,11.6831,11.6831,2017-08-09
139866,Motilal Oswal Dynamic Fund (MOFDYNAMIC)  - Direct Plan - Annual Dividend Payout Option,INF247L01650,INF247L01676,11.6831,11.6831,11.6831,2017-08-09
139865,Motilal Oswal Dynamic Fund (MOFDYNAMIC) - Direct Plan - Quarterly Dividend Payout Option,INF247L01643,INF247L01668,11.6269,11.6269,11.6269,2017-08-09
139863,Motilal Oswal Dynamic Fund (MOFDYNAMIC) - Regular Plan - Annual Dividend Payout Option,INF247L01601,INF247L01627,11.5537,11.5537,11.5537,2017-08-09
139870,Motilal Oswal Dynamic Fund (MOFDYNAMIC) - Regular Plan - Growth Option,INF247L01585,,11.5537,11.5537,11.5537,2017-08-09
139871,Motilal OSwal Dynamic Fund (MOFDYNAMIC) - Regular Plan - Quarterly Dividend Payout Option,INF247L01593,INF247L01619,11.4696,11.4696,11.4696,2017-08-09
119482,Principal Balanced Advantage Fund - Direct Plan - Growth Option,INF173K01FI7,,20.15,19.95,20.15,2017-08-09
119483,Principal Balanced Advantage Fund - Direct Plan - Monthly Dividend Option,INF173K01FF3,INF173K01FG1,17.28,17.11,17.28,2017-08-09
114301,Principal Balanced Advantage Fund - Growth Option,INF173K01585,,19.31,19.12,19.31,2017-08-09
114302,Principal Balanced Advantage Fund - Monthly Dividend Option,INF173K01551,INF173K01569,15.87,15.71,15.87,2017-08-09
134111,SBI Dynamic Asset Allocation Fund - Direct Plan - Dividend,INF200KA1689,INF200KA1697,12.2239,12.1017,12.2239,2017-08-09
134110,SBI Dynamic Asset Allocation Fund - Direct Plan - Growth,INF200KA1671,,12.2308,12.1085,12.2308,2017-08-09
134108,SBI Dynamic Asset Allocation Fund - Regular Plan - Dividend,INF200KA1655,INF200KA1663,12.1210,11.9998,12.1210,2017-08-09
134109,SBI Dynamic Asset Allocation Fund - Regular Plan - Growth,INF200KA1648,,12.1210,11.9998,12.1210,2017-08-09
100646,UTI - Unit Linked Insurance Plan,,,23.5468,23.5468,23.5468,2017-08-09
120784,UTI - Unit Linked Insurance Plan- Direct,,,24.1276,24.1276,24.1276,2017-08-09
120523,Axis Triple Advantage Fund - Direct Plan - Dividend Option,INF846K01ET8,INF846K01EU6,15.8612,15.7026,15.8612,2017-08-09
120524,Axis Triple Advantage Fund - Direct Plan - Growth Option,INF846K01EV4,,18.4203,18.2361,18.4203,2017-08-09
113065,Axis Triple Advantage Fund - Regular Plan - Dividend Option,INF846K01776,INF846K01784,14.2964,14.1534,14.2964,2017-08-09
113064,Axis Triple Advantage Fund - Regular Plan - Growth Option,INF846K01768,,17.5286,17.3533,17.5286,2017-08-09
119174,Essel 3 in 1 Fund-Direct Plan-Dividend Option-Monthly Dividend,INF959L01551,INF959L01569,16.0310,16.0310,16.0310,2017-08-09
119175,Essel 3 in 1 Fund-Direct Plan-Dividend Option-Quarterly Dividend,INF959L01577,INF959L01585,16.0931,16.0931,16.0931,2017-08-09
119176,Essel 3 in 1 Fund-Direct Plan-Growth Option,INF959L01544,,17.6115,17.6115,17.6115,2017-08-09
114854,Essel 3 in 1 Fund-Dividend Option-Monthly Dividend,INF959L01023,INF959L01049,16.6433,16.6433,16.6433,2017-08-09
115101,Essel 3 in 1 Fund-Dividend Option-Quarterly Dividend,INF959L01031,INF959L01056,15.5355,15.5355,15.5355,2017-08-09
114855,Essel 3 in 1 Fund-Growth,INF959L01015,,16.6415,16.6415,16.6415,2017-08-09
119131,HDFC Multi Asset Fund - Growth Option - Direct Plan,INF179K01XW8,,30.5783,30.2725,30.5783,2017-08-09
103130,HDFC Multi-Asset Fund - Dividend Option,INF179K01AN5,INF179K01AO3,11.6640,11.5474,11.6640,2017-08-09
119130,HDFC Multi-Asset Fund - Dividend Option - Direct Plan,INF179K01XU2,INF179K01XV0,12.5414,12.4160,12.5414,2017-08-09
103131,HDFC Multi-Asset Fund -Growth Option,INF179K01AP0,,29.7691,29.4714,29.7691,2017-08-09
120335,ICICI Prudential Multi-Asset Fund - Direct Plan - Dividend,INF109K013K9,INF109K014K7,26.8500,26.5815,26.8500,2017-08-09
120334,ICICI Prudential Multi-Asset Fund - Direct Plan - Growth,INF109K015K4,,248.3451,245.8616,248.3451,2017-08-09
101143,ICICI Prudential Multi-Asset Fund - Dividend,INF109K01ED5,INF109K01779,23.3087,23.0756,23.3087,2017-08-09
101144,ICICI Prudential Multi-Asset Fund - Growth,INF109K01761,,239.6846,237.2878,239.6846,2017-08-09
115269,ICICI Prudential Multi-Asset Fund- Institutional Growth Option,INF109K01TN2,,23.4223,23.1881,23.4223,2017-08-09
104898,ICICI Prudential Multi-Asset Fund-Institutional Option - I,INF109K01787,,39.8454,39.4469,39.8454,2017-08-09
101071,Quant Multi Asset Fund-DIVIDEND OPTION,INF966L01184,INF966L01192,32.1185,32.1185,32.1185,2017-08-09
120820,Quant Multi Asset Fund-DIVIDEND OPTION-Direct Plan,INF966L01564,INF966L01572,32.1185,32.1185,32.1185,2017-08-09
101072,Quant Multi Asset Fund-GROWTH OPTION,INF966L01200,,35.0869,35.0869,35.0869,2017-08-09
120821,Quant Multi Asset Fund-GROWTH OPTION-Direct Plan,INF966L01580,,35.0869,35.0869,35.0869,2017-08-09
119841,SBI MULTI ASSET ALLOCATION FUND -  DIRECT PLAN - MONTHLY DIVIDEND,INF200K01UA4,INF200K01UB2,12.8413,12.7129,12.8413,2017-08-09
103400,SBI MULTI ASSET ALLOCATION FUND -  REGULAR PLAN - MONTHLY DIVIDEND,INF200K01818,INF200K01826,12.4348,12.3105,12.4348,2017-08-09
119840,SBI MULTI ASSET ALLOCATION FUND - DIRECT PLAN - ANNUAL DIVIDEND,INF200K01TX8,INF200K01TY6,16.0969,15.9359,16.0969,2017-08-09
119843,SBI MULTI ASSET ALLOCATION FUND - DIRECT PLAN - GROWTH,INF200K01TZ3,,25.6243,25.3681,25.6243,2017-08-09
119842,SBI MULTI ASSET ALLOCATION FUND - DIRECT PLAN - QUARTERLY DIVIDEND,INF200K01UC0,INF200K01UD8,13.7458,13.6083,13.7458,2017-08-09
103409,SBI MULTI ASSET ALLOCATION FUND - REGULAR PLAN - ANNUAL DIVIDEND,INF200K01784,INF200K01792,15.5207,15.3655,15.5207,2017-08-09
103408,SBI MULTI ASSET ALLOCATION FUND - REGULAR PLAN - GROWTH,INF200K01800,,24.7818,24.5340,24.7818,2017-08-09
103401,SBI MULTI ASSET ALLOCATION FUND - REGULAR PLAN - QUARTERLY DIVIDEND,INF200K01834,INF200K01842,12.6469,12.5204,12.6469,2017-08-09
119328,Union Asset Allocation Fund - Direct Plan - Dividend Option,INF582M01948,INF582M01930,12.9013,12.8368,12.9013,2017-08-09
119327,Union Asset Allocation Fund - Direct Plan - Growth Option,INF582M01922,,14.9369,14.8622,14.9369,2017-08-09
117394,Union Asset Allocation Fund - Dividend Option,INF582M01484,INF582M01476,12.4603,12.3980,12.4603,2017-08-09
117393,Union Asset Allocation Fund - Growth Option,INF582M01468,,14.4913,14.4188,14.4913,2017-08-09
111602,UTI - Multi Asset Fund  - Regular Plan - Dividend Option,INF789F01AN1,INF789F01AO9,18.5497,18.5497,18.5497,2017-08-09
120761,UTI - Multi Asset Fund - Direct Plan - Dividend Option,INF789F01VC0,INF789F01VD8,19.2069,19.2069,19.2069,2017-08-09
111599,UTI - Multi Asset Fund - Regular Plan - Growth Option,INF789F01AP6,,31.94,31.94,31.94,2017-08-09
120760,UTI - Multi Asset Fund- Direct Plan - Growth Option,INF789F01VE6,,32.9241,32.9241,32.9241,2017-08-09
119525,Aditya Birla Sun Life Arbitrage Fund - Dividend - Direct Plan,INF209K01P80,INF209K01VQ9,11.0670,11.0117,11.0670,2017-08-09
119526,Aditya Birla Sun Life Arbitrage Fund - Growth - Direct Plan,INF209K01VP1,,17.6408,17.5526,17.6408,2017-08-09
112088,Aditya BIRLA SUN LIFE ARBITRAGE FUND - REGULAR PLAN - GROWTH,INF209K01264,,17.2308,17.1446,17.2308,2017-08-09
112087,Aditya Birla Sun Life Arbitrage Fund Dividend Regular Plan,INF209K01256,INF209K01CI6,10.9304,10.8757,10.9304,2017-08-09
130774,Axis Arbitrage Fund - Direct Plan - Dividend,INF846K01QA2,INF846K01QB0,10.8638,10.8366,10.8638,2017-08-09
130773,Axis Arbitrage Fund - Direct Plan - Growth,INF846K01PZ1,,12.4774,12.4462,12.4774,2017-08-09
130776,Axis Arbitrage Fund - Regular Plan - Dividend,INF846K01QD6,INF846K01QE4,10.4914,10.4652,10.4914,2017-08-09
130771,Axis Arbitrage Fund - Regular Plan - Growth,INF846K01QC8,,12.1690,12.1386,12.1690,2017-08-09
141208,BNP PARIBAS  ARBITRAGE FUND DIRECT PLAN MONTHLY DIVIDEND,INF251K01PF6,INF251K01PE9,10.0650,10.0650,10.0650,2017-08-09
141209,BNP PARIBAS  ARBITRAGE FUND DIRECT PLAN QUARTERLY DIVIDEND,INF251K01PJ8,INF251K01PI0,10.1620,10.1620,10.1620,2017-08-09
140385,BNP PARIBAS  ARBITRAGE FUND- REGULAR PLAN- GROWTH OPTION,INF251K01ON3,,10.4320,10.4320,10.4320,2017-08-09
140387,BNP PARIBAS ARBITRAGE FUND -DIRECT PLAN - ADHOC DIVIDEND OPTION,INF251K01OV6,INF251K01OU8,10.4650,10.4650,10.4650,2017-08-09
141207,BNP PARIBAS ARBITRAGE FUND REGULAR PLAN MONTHLY DIVIDEND,INF251K01PD1,INF251K01PC3,10.0520,10.0520,10.0520,2017-08-09
141210,BNP PARIBAS ARBITRAGE FUND REGULAR PLAN QUARTERLY DIVIDEND,INF251K01PH2,INF251K01PG4,10.1500,10.1500,10.1500,2017-08-09
140386,BNP PARIBAS ARBITRAGE FUND-DIRECT PLAN-GROWTH OPTION,INF251K01OT0,,10.4650,10.4650,10.4650,2017-08-09
140388,BNP PARIBAS ARBITRAGE FUND-REGULAR PLAN- ADHOC DIVIDEND OPTION,INF251K01OP8,INF251K01OO1,10.4320,10.4320,10.4320,2017-08-09
141606,Edelweiss Arbitrage Fund - Direct Plan - Monthly Dividend Option,INF754K01HW1,INF754K01HX9,12.6026,12.6026,12.6026,2017-08-09
141605,Edelweiss Arbitrage Fund - Regular Plan - Monthly Dividend Option,INF754K01HT7,INF754K01HU5,12.4065,12.4065,12.4065,2017-08-09
130209,Edelweiss Arbitrage Fund- Direct Plan- Dividend Option,INF754K01EB2,INF754K01EC0,10.6303,10.6037,10.6303,2017-08-09
130206,Edelweiss Arbitrage Fund- Direct Plan- Growth Option,INF754K01EA4,,12.663,12.6313,12.663,2017-08-09
130208,Edelweiss Arbitrage Fund- Regular Plan -Bonus Option,INF754K01EJ5,,12.4674,12.4362,12.4674,2017-08-09
130207,Edelweiss Arbitrage Fund- Regular Plan- Dividend Option,INF754K01EG1,INF754K01EH9,10.5052,10.4789,10.5052,2017-08-09
130205,Edelweiss Arbitrage Fund- Regular Plan- Growth Option,INF754K01EF3,,12.467,12.4358,12.467,2017-08-09
118931,HDFC Arbitrage Fund -Direct Plan - Growth Option,INF179K01UU8,,20.1080,20.0580,20.1080,2017-08-09
106799,HDFC Arbitrage Fund Retail Plan Dividend Option,,,14.6310,14.5940,14.6310,2017-08-09
106796,HDFC Arbitrage Fund Retail Plan Growth Option,INF179K01319,,19.7020,19.6530,19.7020,2017-08-09
106797,HDFC Arbitrage Fund Retail Plan Quarterly Dividend Option,INF179K01327,,14.0020,13.9670,14.0020,2017-08-09
129053,HDFC Arbitrage Fund Wholesale Plan Dividend Option Direct Plan,INF179KA1KQ2,INF179KA1KP4,10.7810,10.7540,10.7810,2017-08-09
106793,HDFC Arbitrage Fund Wholesale Plan Growth Option,INF179K01343,,20.0900,20.0400,20.0900,2017-08-09
129052,HDFC Arbitrage Fund Wholesale Plan Growth Option Direct Plan,INF179KA1KT6,,12.6840,12.6520,12.6840,2017-08-09
129051,HDFC Arbitrage Fund Wholesale Plan Monthly Dividend Option,INF179KA1KO7,INF179KA1KN9,10.9100,10.8830,10.9100,2017-08-09
129054,HDFC Arbitrage Fund Wholesale Plan Montly Dividend Option Direct Plan,INF179KA1KS8,INF179KA1KR0,10.5280,10.5020,10.5280,2017-08-09
106795,HDFC Arbitrage Fund Wholesale Plan Normal Dividend Option,INF179KA1KM1,INF179KA1KL3,10.5280,10.5020,10.5280,2017-08-09
118930,HDFC Arbitrage Fund-Direct Plan - Dividend Quarterly Option,INF179K01UV6,INF179K01UW4,15.2370,15.1990,15.2370,2017-08-09
104684,ICICI Prudential Equity - Arbitrage Fund-Institutional Growth Option,INF109K01BD1,,22.4365,22.3243,22.4365,2017-08-09
120365,ICICI Prudential Equity Arbitrage Fund - Direct Plan - Dividend,INF109K017O2,INF109K015O6,14.7289,14.6553,14.7289,2017-08-09
120364,ICICI Prudential Equity Arbitrage Fund - Direct Plan - Growth,INF109K016O4,,22.7484,22.6347,22.7484,2017-08-09
130951,ICICI Prudential Equity Arbitrage Fund - Direct Plan Bonus,INF109KA1C07,,12.3769,12.3150,12.3769,2017-08-09
104681,ICICI Prudential Equity Arbitrage Fund - Dividend,INF109K01EF0,INF109K01BE9,13.8150,13.7459,13.8150,2017-08-09
104683,ICICI Prudential Equity Arbitrage Fund - Growth,INF109K01BF6,,22.1890,22.0781,22.1890,2017-08-09
118474,IDFC  Arbitrage Fund-Direct Plan- Growth,INF194K01Y60,,21.6452,21.6452,21.6452,2017-08-09
118475,IDFC  Arbitrage Fund-Direct Plan-Monthly Dividend,INF194K01Y78,INF194K01Y86,13.0337,13.0337,13.0337,2017-08-09
108845,IDFC  Arbitrage Fund-Regular Plan- Growth,INF194K01649,,21.1441,21.1441,21.1441,2017-08-09
108847,IDFC  Arbitrage Fund-Regular Plan-Monthly Dividend,INF194K01656,INF194K01664,12.6687,12.6687,12.6687,2017-08-09
133679,IDFC Arbitrage Fund-Direct Plan- Annual Dividend,INF194KA1YG5,INF194KA1YH3,11.6582,11.6582,11.6582,2017-08-09
133680,IDFC Arbitrage Fund-Regular Plan- Annual Dividend,INF194KA1YD2,INF194KA1YE0,10.6437,10.6437,10.6437,2017-08-09
133181,Indiabulls Arbitrage Fund - Direct Plan - Growth Option,INF666M01AW8,,12.2244,12.1938,12.2244,2017-08-09
140805,Indiabulls Arbitrage Fund - Direct Plan - Half Yearly Dividend Option,INF666M01CE2,INF666M01CF9,10.2868,10.2611,10.2868,2017-08-09
140801,Indiabulls Arbitrage Fund - Direct Plan - Monthly Dividend Option,INF666M01AX6,INF666M01AY4,10.6004,10.5739,10.6004,2017-08-09
133184,Indiabulls Arbitrage Fund - Regular Plan - Growth Option,INF666M01BA2,,12.0129,11.9829,12.0129,2017-08-09
140806,Indiabulls Arbitrage Fund - Regular Plan - Half Yearly Dividend Option,INF666M01CK9,INF666M01CL7,10.2601,10.2344,10.2601,2017-08-09
140802,Indiabulls Arbitrage Fund - Regular Plan - Monthly Dividend Option,INF666M01BB0,INF666M01BC8,10.5766,10.5502,10.5766,2017-08-09
140804,Indiabulls Arbitrage Fund - Regular Plan - Quarterly Dividend Option,INF666M01CG7,INF666M01CH5,10.2611,10.2354,10.2611,2017-08-09
140808,Indiabulls Arbitrage Fund - Regular Plan - Yearly Dividend Option,INF666M01CI3,INF666M01CJ1,10.2611,10.2354,10.2611,2017-08-09
130788,Invesco India Arbitrage Fund - Annual Bonus,INF205K01P50,,20.5414,20.4387,20.5414,2017-08-09
122785,Invesco India Arbitrage Fund - Bonus Option,INF205K01VF0,,13.6943,13.6258,13.6943,2017-08-09
130787,Invesco India Arbitrage Fund - Direct Plan - Annual Bonus,INF205K01P68,,21.101,20.9955,21.101,2017-08-09
122784,Invesco India Arbitrage Fund - Direct Plan - Bonus Option,INF205K01VO2,,14.0673,13.997,14.0673,2017-08-09
120400,Invesco India Arbitrage Fund - Direct Plan - Dividend Option,INF205K01KP2,INF205K01KQ0,13.3466,13.2799,13.3466,2017-08-09
120401,Invesco India Arbitrage Fund - Direct Plan - Growth Option,INF205K01KR8,,21.1015,20.996,21.1015,2017-08-09
105604,Invesco India Arbitrage Fund - Dividend Option,INF205K01148,INF205K01130,12.8667,12.8024,12.8667,2017-08-09
105603,Invesco India Arbitrage Fund - Growth Option,INF205K01122,,20.5404,20.4377,20.5404,2017-08-09
133395,JM Arbitrage Fund (Direct) - Annual Bonus Option - Principal Units,INF192K01GX4,,11.7472,11.6885,11.7472,2017-08-09
135173,JM Arbitrage Fund (Direct) - Annual Dividend Option,INF192K01KY4,INF192K01KZ1,10.4081,10.3561,10.4081,2017-08-09
130604,JM Arbitrage Fund (Direct) - Bonus Option - Principal Units,INF192K01GL9,,12.2392,12.1780,12.2392,2017-08-09
120481,JM Arbitrage Fund (Direct) - Dividend Option,INF192K01BL0,INF192K01BM8,10.9648,10.9100,10.9648,2017-08-09
120482,JM Arbitrage Fund (Direct) - Growth Option,INF192K01BN6,,22.8705,22.7561,22.8705,2017-08-09
133397,JM Arbitrage Fund (Direct) - Half Yearly Bonus Option - Principal Units,INF192K01ID2,,22.9164,22.8018,22.9164,2017-08-09
135171,JM Arbitrage Fund (Direct) - Half Yearly Dividend Option,INF192K01KU2,INF192K01KV0,10.6280,10.5749,10.6280,2017-08-09
135172,JM Arbitrage Fund (Direct) - Monthly Dividend Option,INF192K01KM9,INF192K01KN7,12.2982,12.2367,12.2982,2017-08-09
133398,JM Arbitrage Fund (Direct) - Quarterly Bonus Option - Principal Units,INF192K01IH3,,22.9230,22.8084,22.9230,2017-08-09
135174,JM Arbitrage Fund (Direct) - Quarterly Dividend Option,INF192K01KQ0,INF192K01KR8,10.9150,10.8604,10.9150,2017-08-09
133394,JM Arbitrage Fund - Annual Bonus Option,INF192K01GV8,,22.5703,22.4574,22.5703,2017-08-09
135167,JM Arbitrage Fund - Annual Dividend Option,INF192K01KW8,INF192K01KX6,11.9598,11.9000,11.9598,2017-08-09
130603,JM Arbitrage Fund - Bonus Option - Principal Units,INF192K01GJ3,,12.1477,12.0870,12.1477,2017-08-09
133399,JM Arbitrage Fund - Half Yearly Bonus Option - Principal Units,INF192K01IB6,,22.6088,22.4958,22.6088,2017-08-09
135170,JM Arbitrage Fund - Half Yearly Dividend Option,INF192K01KS6,INF192K01KT4,11.9219,11.8623,11.9219,2017-08-09
135168,JM Arbitrage Fund - Monthly Dividend Option,INF192K01KK3,INF192K01KL1,11.8936,11.8341,11.8936,2017-08-09
133396,JM Arbitrage Fund - Quarterly Bonus Option - Principal Units,INF192K01IF7,,22.6088,22.4958,22.6088,2017-08-09
135169,JM Arbitrage Fund - Quarterly Dividend Option,INF192K01KO5,INF192K01KP2,10.1383,10.0876,10.1383,2017-08-09
103781,JM ARBITRAGE FUND-Dividend,INF192K01494,INF192K01502,10.5583,10.5055,10.5583,2017-08-09
103780,JM ARBITRAGE FUND-Growth,INF192K01510,,22.3444,22.2327,22.3444,2017-08-09
133034,Kotak Equity Arbitrage Fund - Bimonthly,INF174K01F18,INF174K01F34,20.0302,19.9801,20.0302,2017-08-09
133033,Kotak Equity Arbitrage Fund - Bimonthly Direct,INF174K01F26,INF174K01F42,20.2249,20.1743,20.2249,2017-08-09
105967,Kotak Equity Arbitrage Fund - Dividend,INF174K01328,INF174K01310,10.7715,10.7446,10.7715,2017-08-09
119770,Kotak Equity Arbitrage Fund - Dividend - Direct,INF174K01LE2,INF174K01LD4,10.9201,10.8928,10.9201,2017-08-09
140414,Kotak Equity Arbitrage Fund - Fortnightly - Regular,INF174K012K1,INF174K014K7,23.3091,23.2508,23.3091,2017-08-09
105968,Kotak Equity Arbitrage Fund - Growth,INF174K01302,,23.9432,23.8833,23.9432,2017-08-09
119771,Kotak Equity Arbitrage Fund - Growth - Direct,INF174K01LC6,,24.4972,24.436,24.4972,2017-08-09
140413,Kotak Equity Arbitrage Fund -Fortnightly - Direct,INF174K013K9,INF174K015K4,23.7943,23.7348,23.7943,2017-08-09
130453,L&T Arbitrage Opportunities Fund - Direct Plan - Bonus,INF917K01QW5,,12.57,12.507,12.57,2017-08-09
130450,L&T Arbitrage Opportunities Fund - Direct Plan - Growth,INF917K01QR5,,12.57,12.507,12.57,2017-08-09
130447,L&T Arbitrage Opportunities Fund - Direct Plan - Monthly Dividend,INF917K01QT1,INF917K01QS3,10.257,10.206,10.257,2017-08-09
130448,L&T Arbitrage Opportunities Fund - Direct Plan - Quarterly Dividend,INF917K01QV7,INF917K01QU9,10.664,10.611,10.664,2017-08-09
130451,L&T Arbitrage Opportunities Fund - Regular Plan - Bonus,INF917K01QQ7,,12.334,12.272,12.334,2017-08-09
130446,L&T Arbitrage Opportunities Fund - Regular Plan - Growth,INF917K01QL8,,12.334,12.272,12.334,2017-08-09
130452,L&T Arbitrage Opportunities Fund - Regular Plan - Monthly Dividend,INF917K01QN4,INF917K01QM6,10.096,10.046,10.096,2017-08-09
130449,L&T Arbitrage Opportunities Fund - Regular Plan - Quarterly Dividend,INF917K01QP9,INF917K01QO2,10.625,10.572,10.625,2017-08-09
118587,Nippon India Arbitrage Fund - Direct Plan Dividend Plan,INF204K01YA8,INF204K01YB6,12.5819,12.5504,12.5819,2017-08-09
118585,Nippon India Arbitrage Fund - Direct Plan Growth Plan - Growth Option,INF204K01XZ7,,17.5223,17.4785,17.5223,2017-08-09
113346,Nippon India Arbitrage Fund - Dividend Plan,INF204K01IZ8,INF204K01JA9,12.0782,12.0480,12.0782,2017-08-09
113345,Nippon India Arbitrage Fund - Growth Plan - Growth Option,INF204K01IY1,,17.1318,17.0890,17.1318,2017-08-09
128821,Nippon India Arbitrage Fund- Direct Plan- Monthly dividend Plan,INF204KA1MV7,INF204KA1MW5,10.8396,10.8125,10.8396,2017-08-09
128820,Nippon India Arbitrage Fund-Monthly dividend Plan,INF204KA1MT1,INF204KA1MU9,10.6132,10.5867,10.6132,2017-08-09
138880,PGIM India Arbitrage Fund - Direct Plan - Annual Dividend,INF223J012N9,,11.3309,11.2742,11.3309,2017-08-09
138875,PGIM India Arbitrage Fund - Direct Plan - Growth,INF223J013N7,,12.4094,12.3474,12.4094,2017-08-09
138878,PGIM India Arbitrage Fund - Direct Plan - Monthly Dividend,INF223J011N1,INF223J016N0,10.7062,10.6527,10.7062,2017-08-09
138879,PGIM India Arbitrage Fund - Direct Plan - Quarterly Dividend,INF223J010N3,INF223J015N2,10.9254,10.8708,10.9254,2017-08-09
138877,PGIM India Arbitrage Fund - Direct Plan - Regular Dividend,INF223J019M6,INF223J014N5,11.8472,11.788,11.8472,2017-08-09
138885,PGIM India Arbitrage Fund - Regular Plan - Annual Dividend,INF223J012M1,INF223J016M2,11.1435,11.0878,11.1435,2017-08-09
138876,PGIM India Arbitrage Fund - Regular Plan - Growth,INF223J019N4,,12.2119,12.1508,12.2119,2017-08-09
138883,PGIM India Arbitrage Fund - Regular Plan - Monthly Dividend,INF223J011M3,INF223J015M4,10.575,10.5221,10.575,2017-08-09
138884,PGIM India Arbitrage Fund - Regular Plan - Quarterly Dividend,INF223J010M5,INF223J014M7,10.7954,10.7414,10.7954,2017-08-09
138887,PGIM India Arbitrage Fund - Regular Plan - Regular Dividend,INF223J019L8,INF223J013M9,11.558,11.5002,11.558,2017-08-09
139221,Principal Arbitrage Fund - Direct Plan - Growth,INF173K01NF7,,10.8302,10.8302,10.8302,2017-08-09
139219,Principal Arbitrage Fund - Direct Plan- Monthly Dividend,INF173K01NC4,INF173K01NE0,10.5170,10.5170,10.5170,2017-08-09
139224,Principal Arbitrage Fund - Regular Plan - Growth,INF173K01NB6,,10.7322,10.7322,10.7322,2017-08-09
139222,Principal Arbitrage Fund - Regular Plan - Monthly Dividend,INF173K01MY0,INF173K01NA8,10.4234,10.4234,10.4234,2017-08-09
119567,SBI Arbitrage Opportunities Fund - Direct Plan - DIVIDEND,INF200K01QS4,INF200K01QT2,14.1108,14.0402,14.1108,2017-08-09
119574,SBI Arbitrage Opportunities Fund - Direct Plan - Gr,INF200K01QU0,,22.3113,22.1997,22.3113,2017-08-09
104458,SBI Arbitrage Opportunities Fund - Regular Plan - Div,INF200K01131,INF200K01149,13.2937,13.2272,13.2937,2017-08-09
104457,SBI Arbitrage Opportunities Fund - Regular Plan - Gr,INF200K01156,,21.8394,21.7302,21.8394,2017-08-09
120795,UTI Arbitrage Fund - Direct Plan - Growth Option,INF789FB1RG6,,23.0485,0,23.0485,2017-08-09
120796,UTI Arbitrage Fund - Direct Plan -Dividend Option,INF789FB1RE1,INF789FB1RF8,16.6549,0,16.6549,2017-08-09
104074,UTI Arbitrage Fund - Regular Plan - Dividend Option,INF789FB1RH4,INF789FB1RI2,15.922,0,15.922,2017-08-09
104075,UTI Arbitrage Fund - Regular Plan - Growth Option,INF789FB1RJ0,,22.5863,0,22.5863,2017-08-09
132996,Aditya Birla Sun Life Equity Savings Fund - Direct Plan - Dividend,INF209KA1TQ7,INF209KA1TR5,12.09,11.97,12.09,2017-08-09
132995,Aditya Birla Sun Life Equity Savings Fund - Direct Plan - Growth,INF209KA1TP9,,13.34,13.21,13.34,2017-08-09
132997,Aditya Birla Sun Life Equity Savings Fund - Regular Plan - Dividend,INF209KA1TT1,INF209KA1TU9,11.74,11.62,11.74,2017-08-09
132998,Aditya Birla Sun Life Equity Savings Fund - Regular Plan - Growth,INF209KA1TS3,,12.94,12.81,12.94,2017-08-09
135120,Axis Equity Saver Fund - Direct Plan - Growth,INF846K01VJ3,,11.70,11.58,11.70,2017-08-09
135121,Axis Equity Saver Fund - Direct Plan - Monthly Dividend,INF846K01VK1,INF846K01VL9,10.97,10.86,10.97,2017-08-09
135124,Axis Equity Saver Fund - Direct Plan - Quarterly Dividend,INF846K01VM7,INF846K01VN5,11.07,10.96,11.07,2017-08-09
139520,Axis Equity Saver Fund - Direct Plan - Regular Dividend,INF846K01XP6,INF846K01XQ4,10.87,10.76,10.87,2017-08-09
135122,Axis Equity Saver Fund - Regular Plan - Growth,INF846K01VO3,,11.41,11.30,11.41,2017-08-09
135123,Axis Equity Saver Fund - Regular Plan - Monthly Dividend,INF846K01VP0,INF846K01VQ8,10.74,10.63,10.74,2017-08-09
135125,Axis Equity Saver Fund - Regular Plan - Quarterly Dividend,INF846K01VR6,INF846K01VS4,10.82,10.71,10.82,2017-08-09
139521,Axis Equity Saver Fund - Regular Plan - Regular Dividend,INF846K01XR2,INF846K01XS0,11.08,10.97,11.08,2017-08-09
136568,DSP Equity Savings Fund - Direct Plan - Dividend,INF740KA1512,INF740KA1520,11.531,11.416,11.531,2017-08-09
136567,DSP Equity Savings Fund - Direct Plan - Growth,INF740KA1504,,12.122,12.001,12.122,2017-08-09
136569,DSP Equity Savings Fund - Direct Plan - Monthly Dividend,INF740KA1538,INF740KA1546,11.392,11.278,11.392,2017-08-09
136570,DSP Equity Savings Fund - Direct Plan - Quarterly Dividend,INF740KA1553,INF740KA1561,11.795,11.677,11.795,2017-08-09
136564,DSP Equity Savings Fund - Regular Plan - Dividend,INF740KA1447,INF740KA1454,11.283,11.170,11.283,2017-08-09
136563,DSP Equity Savings Fund - Regular Plan - Growth,INF740KA1439,,11.934,11.815,11.934,2017-08-09
136565,DSP Equity Savings Fund - Regular Plan - Monthly Dividend,INF740KA1462,INF740KA1470,11.149,11.038,11.149,2017-08-09
136566,DSP Equity Savings Fund - Regular Plan - Quarterly Dividend,INF740KA1488,INF740KA1496,11.206,11.094,11.206,2017-08-09
140350,Edelweiss Equity Savings Fund - Direct Plan - Bonus Option,INF843K01KD6,,12.6017,12.4757,12.6017,2017-08-09
140348,Edelweiss Equity Savings Fund - Direct Plan - Dividend Option,INF843K01KE4,INF843K01KF1,11.5358,11.4204,11.5358,2017-08-09
140347,Edelweiss Equity Savings Fund - Direct Plan - Growth Option,INF843K01KC8,,12.6029,12.4769,12.6029,2017-08-09
140352,Edelweiss Equity Savings Fund - Regular Plan - Bonus Option,INF843K01KH7,,12.4564,12.3318,12.4564,2017-08-09
140349,Edelweiss Equity Savings Fund - Regular Plan - Dividend Option,INF843K01KI5,INF843K01KJ3,10.8735,10.7648,10.8735,2017-08-09
140351,Edelweiss Equity Savings Fund - Regular Plan - Growth Option,INF843K01KG9,,12.4561,12.3315,12.4561,2017-08-09
101586,HDFC Equity Savings Fund - DIVIDEND,INF179K01AK1,INF179K01AL9,11.9330,11.8140,11.9330,2017-08-09
119129,HDFC Equity Savings Fund -Direct Plan - Dividend Option,INF179K01XR8,INF179K01XS6,12.4160,12.2920,12.4160,2017-08-09
119128,HDFC Equity Savings Fund -Direct Plan - Growth Option,INF179K01XT4,,35.0980,34.7470,35.0980,2017-08-09
101585,HDFC Equity Savings Fund -GROWTH,INF179K01AM7,,33.9260,33.5870,33.9260,2017-08-09
133051,ICICI Prudential Equity Savings Fund - Cumulative option,INF109KA14I5,,12.43,12.31,12.43,2017-08-09
133054,ICICI Prudential Equity Savings Fund - Direct Plan - Cumulative option,INF109KA11J9,,12.73,12.60,12.73,2017-08-09
133056,ICICI Prudential Equity Savings Fund - Direct Plan - Half Yearly Dividend,INF109KA14J3,INF109KA17J6,12.16,12.04,12.16,2017-08-09
133049,ICICI Prudential Equity Savings Fund - Direct Plan - Monthly Dividend,INF109KA12J7,INF109KA15J0,12.09,11.97,12.09,2017-08-09
133052,ICICI Prudential Equity Savings Fund - Direct Plan - Quarterly Dividend,INF109KA13J5,INF109KA16J8,11.74,11.62,11.74,2017-08-09
133057,ICICI Prudential Equity Savings Fund - Half Yearly Dividend,INF109KA17I8,INF109KA10J1,11.90,11.78,11.90,2017-08-09
133050,ICICI Prudential Equity Savings Fund - Monthly Dividend,INF109KA15I2,INF109KA18I6,11.26,11.15,11.26,2017-08-09
133053,ICICI Prudential Equity Savings Fund - Quarterly Dividend,INF109KA16I0,INF109KA19I4,11.54,11.42,11.54,2017-08-09
114630,IDBI Equity Savings Fund Dividend Option,INF397L01257,INF397L01265,13.5666,13.4309,13.5666,2017-08-09
118453,IDBI Equity Savings Fund Dividend Option Direct,INF397L01BA6,INF397L01BB4,12.1143,11.9932,12.1143,2017-08-09
114982,IDBI Equity Savings Fund Growth Option,INF397L01315,,15.9334,15.7741,15.9334,2017-08-09
118452,IDBI Equity Savings Fund Growth Option Direct,INF397L01AZ5,,16.3907,16.2268,16.3907,2017-08-09
118454,IDBI Equity Savings Fund Option Direct,INF397L01BD0,INF397L01BE8,11.0770,10.9662,11.0770,2017-08-09
114983,IDBI Equity Savings Fund Quarterly Dividend Option,INF397L01281,INF397L01299,12.6883,12.5614,12.6883,2017-08-09
133682,IDFC Equity Savings Fund- Regular Plan- Annual Dividend,INF194KA1XX2,INF194KA1XY0,10.8047,10.8047,10.8047,2017-08-09
133681,IDFC Equity Savings Fund-Direct Plan- Annual Dividend,INF194KA1YA8,INF194KA1YB6,11.1081,11.1081,11.1081,2017-08-09
118477,IDFC Equity Savings Fund-Direct Plan-Growth,INF194K01Z02,,19.0890,19.0890,19.0890,2017-08-09
118476,IDFC Equity Savings Fund-Direct Plan-Monthly Dividend,INF194K01Z10,INF194K01Z28,12.3494,12.3494,12.3494,2017-08-09
108995,IDFC Equity Savings Fund-Regular Plan-Growth,INF194K01581,,18.6259,18.6259,18.6259,2017-08-09
108992,IDFC Equity Savings Fund-Regular Plan-Monthly Dividend,INF194K01599,INF194K01607,12.0598,12.0598,12.0598,2017-08-09
131373,Kotak Equity Savings Fund - Direct - Growth,INF174K01D28,,13.0248,13.0248,13.0248,2017-08-09
131375,Kotak Equity Savings Fund - Direct - Monthly Dividend,INF174K01D36,INF174K01D51,11.4237,11.4237,11.4237,2017-08-09
131377,Kotak Equity Savings Fund - Direct - Quarterly Dividend,INF174K01D44,INF174K01D69,11.2617,11.2617,11.2617,2017-08-09
131372,Kotak Equity Savings Fund - Regular - Growth,INF174K01C78,,12.7781,12.7781,12.7781,2017-08-09
131374,Kotak Equity Savings Fund - Regular - Monthly Dividend,INF174K01C86,INF174K01D02,11.1923,11.1923,11.1923,2017-08-09
131376,Kotak Equity Savings Fund - Regular - Quarterly Dividend,INF174K01C94,INF174K01D10,11.1776,11.1776,11.1776,2017-08-09
119801,L&T  Equity Savings Fund- Direct Plan-Quarterly Dividend,INF917K01GD6,INF917K01GC8,12.557,12.431,12.557,2017-08-09
119802,L&T Equity Savings Fund - Direct Plan-Growth,INF917K01GE4,,17.045,16.875,17.045,2017-08-09
119803,L&T Equity Savings Fund - Direct Plan-Monthly Dividend,INF917K01GA2,,12.32,12.197,12.32,2017-08-09
115887,L&T Equity Savings Fund - Regular Plan - Growth,INF917K01AA5,,16.466,16.301,16.466,2017-08-09
115883,L&T Equity Savings Fund - Regular Plan - Monthly Dividend,INF917K01965,INF917K01973,12.25,12.128,12.25,2017-08-09
115886,L&T Equity Savings Fund - Regular Plan - Quarterly Dividend,INF917K01981,INF917K01999,11.941,11.822,11.941,2017-08-09
140442,Mahindra Manulife Equity Savings Dhan Sanchay Yojana -Direct Plan -Dividend,INF174V01192,INF174V01200,10.8395,10.7311,10.8395,2017-08-09
140444,Mahindra Manulife Equity Savings Dhan Sanchay Yojana -Direct Plan -Growth,INF174V01184,,10.9981,10.8881,10.9981,2017-08-09
140446,Mahindra Manulife Equity Savings Dhan Sanchay Yojana -Regular Plan -Dividend,INF174V01168,INF174V01176,10.7141,10.6070,10.7141,2017-08-09
140447,Mahindra Manulife Equity Savings Dhan Sanchay Yojana -Regular Plan -Growth,INF174V01150,,10.8670,10.7583,10.8670,2017-08-09
134595,Nippon India Equity Savings Fund- Direct Plan- Growth Plan- Bonus Option,INF204KA1W85,,12.4631,12.3385,12.4631,2017-08-09
134594,Nippon India Equity Savings Fund- Direct Plan- Growth Plan-Growth Option,INF204KA1W77,,12.4631,12.3385,12.4631,2017-08-09
134601,Nippon India Equity Savings Fund- Direct Plan- Quarterly Dividend Plan,INF204KA1X19,INF204KA1X27,11.8574,11.7388,11.8574,2017-08-09
134597,Nippon India Equity Savings Fund- Direct Plan-Dividend Plan,INF204KA1W93,INF204KA1X01,12.4631,12.3385,12.4631,2017-08-09
134599,Nippon India Equity Savings Fund- Direct Plan-Monthly Dividend Plan,INF204KA1X35,INF204KA1X43,11.8195,11.7013,11.8195,2017-08-09
134596,Nippon India Equity Savings Fund- Dividend Plan,INF204KA1W10,INF204KA1W28,12.1616,12.0400,12.1616,2017-08-09
134602,Nippon India Equity Savings Fund- Growth Plan- Bonus Option,INF204KA1W02,,12.1616,12.0400,12.1616,2017-08-09
134593,Nippon India Equity Savings Fund- Growth Plan- Growth Option,INF204KA1V94,,12.1616,12.0400,12.1616,2017-08-09
134598,Nippon India Equity Savings Fund- Monthly Dividend Plan,INF204KA1W51,INF204KA1W69,11.5158,11.4006,11.5158,2017-08-09
134600,Nippon India Equity Savings Fund- Quarterly Dividend Plan,INF204KA1W44,INF204KA1W36,11.5601,11.4445,11.5601,2017-08-09
138371,PGIM India Equity Savings Fund - Annual Dividend option,INF223J01EZ9,INF223J01FA9,15.3064,15.1533,15.3064,2017-08-09
138376,PGIM India Equity Savings Fund - Direct Plan - Growth,INF223J01QD0,,29.9913,29.6914,29.9913,2017-08-09
138377,PGIM India Equity Savings Fund - Direct Plan - Monthly Dividend,INF223J01QE8,INF223J01QF5,12.0748,11.9541,12.0748,2017-08-09
138378,PGIM India Equity Savings Fund - Direct Plan - Quarterly Dividend,INF223J01QG3,INF223J01QH1,12.0791,11.9583,12.0791,2017-08-09
138372,PGIM India Equity Savings Fund - Growth Option,INF223J01FB7,,28.6846,28.3978,28.6846,2017-08-09
138369,PGIM India Equity Savings Fund - Monthly Dividend option,INF223J01FC5,INF223J01FD3,11.7003,11.5833,11.7003,2017-08-09
138370,PGIM India Equity Savings Fund - Quarterly  Dividend,INF223J01FE1,INF223J01FF8,11.5212,11.406,11.5212,2017-08-09
119470,Principal Equity Savings Fund - Direct Plan - Dividend Option - Half Yearly,INF173K01HC6,INF173K01HD4,12.5052,12.5052,12.5052,2017-08-09
119472,Principal Equity Savings Fund - Direct Plan - Growth Option,INF173K01GZ9,,34.6000,34.6000,34.6000,2017-08-09
101498,Principal Equity Savings Fund - Growth Option,INF173K01213,,33.4405,33.4405,33.4405,2017-08-09
101499,Principal Equity Savings Fund - Half Yearly Dividend,INF173K01247,INF173K01254,12.2613,12.2613,12.2613,2017-08-09
101500,Principal Equity Savings Fund -Quaterly Dividend,INF173K01262,INF173K01270,12.6272,12.6272,12.6272,2017-08-09
119471,Principal Equity Savings Fund- Direct Plan - Dividend Option - Quaterly,INF173K01HF9,INF173K01HG7,14.0694,14.0694,14.0694,2017-08-09
134643,SBI Equity Savings Fund - Direct Plan - Growth,INF200KA1DF3,,12.5088,12.3837,12.5088,2017-08-09
134641,SBI Equity Savings Fund - Direct Plan - Monthly Dividend,INF200KA1DG1,INF200KA1DH9,12.0770,11.9562,12.0770,2017-08-09
134640,SBI Equity Savings Fund - Direct Plan - Quarterly Dividend,INF200KA1DI7,INF200KA1DJ5,12.3279,12.2046,12.3279,2017-08-09
134644,SBI Equity Savings Fund - Regular Plan - Growth,INF200KA1DA4,,12.0828,11.9620,12.0828,2017-08-09
134639,SBI Equity Savings Fund - Regular Plan - Monthly Dividend,INF200KA1DB2,INF200KA1DC0,11.7353,11.6179,11.7353,2017-08-09
134642,SBI Equity Savings Fund - Regular Plan - Quarterly Dividend,INF200KA1DD8,INF200KA1DE6,11.9080,11.7889,11.9080,2017-08-09
101609,Tata Equity Savngs Fund - RegularPlan- Monthly Dividend,INF277K01EE8,INF277K01899,14.5298,14.4935,14.5298,2017-08-09
102118,Tata Equity Savings Fund - Regular Plan-Periodic Dividend,INF277K01EF5,INF277K01915,14.7403,14.7034,14.7403,2017-08-09
119958,Tata Equity Savings Fund- Direct Plan -Monthly Dividend,INF277K01QI3,INF277K01QJ1,15.1454,15.1075,15.1454,2017-08-09
119959,Tata Equity Savings Fund- Direct Plan -Periodic Dividend,INF277K01QK9,INF277K01QL7,15.6276,15.5885,15.6276,2017-08-09
119960,Tata Equity Savings Fund- Direct Plan- Growth,INF277K01QH5,,32.1180,32.0377,32.1180,2017-08-09
101906,Tata Equity Savings Fund -Regular Plan-Growth,INF277K01907,,30.7354,30.6586,30.7354,2017-08-09
118549,Franklin India  PENSION PLAN - Direct - Dividend,INF090I01KA4,INF090I01KB2,19.5404,19.5404,19.5404,2017-08-09
118548,Franklin India  PENSION PLAN - Direct - Growth,INF090I01JZ3,,121.9707,121.9707,121.9707,2017-08-09
100535,Franklin India Pension Plan-Dividend,INF090I01528,INF090I01536,18.9004,18.9004,18.9004,2017-08-09
100536,Franklin India Pension Plan-Growth,INF090I01510,,118.2329,118.2329,118.2329,2017-08-09
136094,HDFC Retirement Savings Fund - Equity Plan - Direct Plan,INF179KB1MF0,,16.0890,15.9280,16.0890,2017-08-09
136090,HDFC Retirement Savings Fund - Equity Plan - Regular Plan,INF179KB1MG8,,15.7060,15.5490,15.7060,2017-08-09
136465,HDFC Retirement Savings Fund - Hybrid - Debt Plan - Direct Plan,INF179KB1MJ2,,12.5695,12.4438,12.5695,2017-08-09
136466,HDFC Retirement Savings Fund - Hybrid - Debt Plan - Regular Plan,INF179KB1MK0,,12.2640,12.1414,12.2640,2017-08-09
136464,HDFC Retirement Savings Fund - Hybrid - Equity Plan - Direct Plan,INF179KB1MH6,,15.3660,15.2120,15.3660,2017-08-09
136463,HDFC Retirement Savings Fund - Hybrid - Equity Plan - Regular Plan,INF179KB1MI4,,14.9880,14.8380,14.9880,2017-08-09
133569,Nippon India Retirement Fund- Income Generation Scheme- Direct Plan- Growth Plan - Growth Option,INF204KA1C30,,12.7046,12.5776,12.7046,2017-08-09
133570,Nippon India Retirement Fund- Income Generation Scheme- Direct Plan-Dividend Payout Option,INF204KA1C71,,12.7046,12.5776,12.7046,2017-08-09
133629,Nippon India Retirement Fund- Income Generation Scheme- Direct Plan-Growth Plan- Bonus Option,INF204KA1C55,,12.7046,12.5776,12.7046,2017-08-09
133571,Nippon India Retirement Fund- Income Generation Scheme- Dividend Payout Option,INF204KA1C63,,12.2376,12.1152,12.2376,2017-08-09
133628,Nippon India Retirement Fund- Income Generation Scheme- Growth Plan- Bonus Option,INF204KA1C48,,12.2376,12.1152,12.2376,2017-08-09
133572,Nippon India Retirement Fund- Income Generation Scheme-Growth Plan - Growth Option,INF204KA1C22,,12.2376,12.1152,12.2376,2017-08-09
133568,Nippon India Retirement Fund- Wealth Creation Scheme- Direct Plan- Growth Plan - Growth Option,INF204KA1B72,,13.1603,13.0287,13.1603,2017-08-09
133566,Nippon India Retirement Fund- Wealth Creation Scheme- Direct Plan-Dividend Payout Option,INF204KA1C14,,13.1603,13.0287,13.1603,2017-08-09
133630,Nippon India Retirement Fund- Wealth Creation Scheme- Direct Plan-Growth Plan- Bonus Option,INF204KA1B98,,13.1603,13.0287,13.1603,2017-08-09
133567,Nippon India Retirement Fund- Wealth Creation Scheme- Dividend Payout Option,INF204KA1C06,,12.6328,12.5065,12.6328,2017-08-09
133565,Nippon India Retirement Fund- Wealth Creation Scheme- Growth Plan - Growth Option,INF204KA1B64,,12.6328,12.5065,12.6328,2017-08-09
133631,Nippon India Retirement Fund- Wealth Creation Scheme- Growth Plan- Bonus Option,INF204KA1B80,,12.6328,12.5065,12.6328,2017-08-09
135751,Principal Retirement Savings Fund - Conservative Plan - Direct Sub-Plan - Growth,INF173K01MT0,,11.8200,11.8200,11.8200,2017-08-09
135752,Principal Retirement Savings Fund- Conservative Plan - Regular Sub-Plan - Growth,INF173K01MS2,,11.7377,11.7377,11.7377,2017-08-09
135753,Principal Retirement Savings Fund - Moderate Plan - Direct Sub-Plan - Growth,INF173K01MV6,,12.1531,12.1531,12.1531,2017-08-09
135754,Principal Retirement Savings Fund - Moderate Plan - Regular Sub-Plan - Growth,INF173K01MU8,,12.0041,12.0041,12.0041,2017-08-09
135749,Principal Retirement Savings Fund - Progressive Plan - Direct Sub-Plan - Growth,INF173K01MX2,,12.9995,12.9995,12.9995,2017-08-09
135750,Principal Retirement Savings Fund - Progressive Plan - Regular Sub - Plan - Growth,INF173K01MW4,,12.8513,12.8513,12.8513,2017-08-09
115944,Tata Retirement Savings Fund Regular Plan-Conservative Plan (Growth),INF277K01FI6,,18.4560,17.9023,18.4560,2017-08-09
115943,Tata Retirement Savings Fund Moderate -Regular Plan (Growth),INF277K01FH8,,27.1464,26.3320,27.1464,2017-08-09
115942,Tata Retirement Savings Fund -Regular Plan -Progressive -Growth,INF277K01FG0,,26.0979,25.3150,26.0979,2017-08-09
119256,Tata Retirement Savings Fund Conservative-Direct Plan Growth,INF277K01QM5,,19.5685,18.9814,19.5685,2017-08-09
119255,Tata Retirement Savings Fund Moderate -Direct Plan Growth,INF277K01QN3,,28.9189,28.0513,28.9189,2017-08-09
119251,Tata Retirement Savings Fund-Direct Plan Growth,INF277K01QO1,,28.1295,27.2856,28.1295,2017-08-09
100682,UTI - Retirement Benefit Pension Fund - Regular Plan,,,24.8246,24.8246,24.8246,2017-08-09
120766,UTI - Retirement Benefit Pension Fund- Direct,,,25.4698,25.4698,25.4698,2017-08-09
135765,Axis Children's Gift Fund - Lock in - Direct Dividend,INF846K01WP8,,12.1267,12.1267,12.1267,2017-08-09
135762,Axis Children's Gift Fund - Lock in - Direct Growth,INF846K01WO1,,12.1274,12.1274,12.1274,2017-08-09
135760,Axis Children's Gift Fund - Lock in - Regular Dividend,INF846K01WK9,,11.8131,11.8131,11.8131,2017-08-09
135759,Axis Children's Gift Fund - Lock in - Regular Growth,INF846K01WJ1,,11.8080,11.8080,11.8080,2017-08-09
135763,Axis Children's Gift Fund - No Lock in - Direct Dividend,INF846K01WS2,INF846K01WQ6,12.1267,11.7629,12.1267,2017-08-09
135764,Axis Children's Gift Fund - No Lock in - Direct Growth,INF846K01WR4,,12.2024,11.8363,12.2024,2017-08-09
135761,Axis Children's Gift Fund - No Lock in - Regular Plan - Dividend,INF846K01WN3,INF846K01WL7,11.8119,11.4575,11.8119,2017-08-09
135766,Axis Children's Gift Fund - No Lock in - Regular Plan - Growth,INF846K01WM5,,11.8066,11.4524,11.8066,2017-08-09
100900,HDFC Children Gift Fund-Investment,,,108.1960,104.9500,108.1960,2017-08-09
100899,HDFC Children Gift Fund-Savings,,,43.7681,42.4551,43.7681,2017-08-09
119066,HDFC Childrens Gift Fund Investment Plan-Direct Plan,,,111.9540,108.5950,111.9540,2017-08-09
119067,HDFC Childrens Gift Fund Savings Plan-Direct Plan,,,45.4855,44.1209,45.4855,2017-08-09
101127,ICICI Prudential Child Care Fund (Gift Plan) - Cumulative,INF109K01605,,124.22,120.49,124.22,2017-08-09
120579,ICICI Prudential Child Care Fund (Gift Plan) - Direct Plan - Cumulative,INF109K01Y49,,128.58,124.72,128.58,2017-08-09
120285,LIC MF Children's Gift Fund-Direct Plan-Growth,INF767K01FB1,,17.8148,17.6367,17.8148,2017-08-09
101271,LIC MF Children's Gift Fund-Regular Plan-Growth,INF767K01048,,17.0684,16.8977,17.0684,2017-08-09
119719,SBI Magnum Children's Benefit Fund - Savings Plan - DIRECT PLAN - GROWTH,INF200K01QR6,,51.9281,50.3703,51.9281,2017-08-09
101169,SBI Magnum Children's Benefit Fund - Savings Plan - REGULAR PLAN - GROWTH,INF200K01776,,50.0209,48.5203,50.0209,2017-08-09
101490,Tata Young Citizen Fund [>3 years upto 7 years] Regular Plan,,,25.2900,24.7842,25.2900,2017-08-09
101489,Tata Young Citizen Fund [Upto 3 years] Regular Plan,,,25.2900,24.5313,25.2900,2017-08-09
101491,Tata Young Citizen -Regular Plan-Growth,INF277K01AJ5,,25.2900,25.0371,25.2900,2017-08-09
119299,Tata Young Citizens' Fund [> 3 years upto 7 years]-Direct Plan Growth,,,26.5266,25.9961,26.5266,2017-08-09
119296,Tata Young Citizens' Fund [Upto 3 years]-Direct Plan Growth,,,26.5266,25.7308,26.5266,2017-08-09
119312,Tata Young Citizens' Fund-Direct Plan-Growth,INF277K01QW4,,26.5266,26.2613,26.5266,2017-08-09
120771,UTI CCF Saving Plan - Direct Plan,,,22.024,22.024,22.024,2017-08-09
100678,UTI CCF Saving Plan - Regular Plan,,,21.8945,21.8945,21.8945,2017-08-09
120724,UTI CCF Investment Plan - Direct Plan - Growth Option,,,35.459,35.459,35.459,2017-08-09
120725,UTI CCF Investment Plan - Direct Plan - Income Option,,,35.5158,35.5158,35.5158,2017-08-09
102267,UTI CCF Investment Plan - Regular Plan - Growth Option,,,34.553,34.553,34.553,2017-08-09
102266,UTI CCF Investment Plan - Regular Plan - Income Option,,,34.5556,34.5556,34.5556,2017-08-09
119649,Aditya Birla Sun Life Index Fund - Dividend - Direct Plan,INF209K01VX5,,12.9066,12.9066,12.9066,2017-08-09
101313,Aditya Birla Sun Life Index Fund - Dividend - Regular Plan,INF209K01LA4,INF209K01LC0,12.7553,12.7553,12.7553,2017-08-09
119648,Aditya Birla Sun Life Index Fund - Growth - Direct Plan,INF209K01VY3,,97.4385,97.4385,97.4385,2017-08-09
101314,Aditya Birla Sun Life Index Fund - Growth - Regular Plan,INF209K01LB2,,97.3256,97.3256,97.3256,2017-08-09
118580,Franklin India INDEX FUND NIFTY PLAN - Direct - Dividend,INF090I01GQ8,INF090I01GR6,79.8864,79.0875,79.8864,2017-08-09
118581,Franklin India INDEX FUND NIFTY PLAN - Direct - Growth,INF090I01GS4,,79.8864,79.0875,79.8864,2017-08-09
105067,Franklin India Index Fund- Nifty Plan - Dividend Plan,INF090I01874,INF090I01882,78.5736,77.7879,78.5736,2017-08-09
100484,Franklin India Index Fund- Nifty Plan - Growth,INF090I01890,,78.5736,77.7879,78.5736,2017-08-09
119063,HDFC Index Fund-Nifty 50 Plan-Direct Plan,INF179K01WM1,,89.3506,88.4571,89.3506,2017-08-09
101525,HDFC Index Fund-Nifty 50 Plan-Growth Plan,INF179K01KZ8,,88.6589,87.7723,88.6589,2017-08-09
119065,HDFC Index Fund Sensex Plan-Direct Plan,INF179K01WN9,,281.1600,278.3484,281.1600,2017-08-09
101281,HDFC Index FundSensex Plan( FV Rs 32.161),INF179K01LA9,,278.4887,275.7038,278.4887,2017-08-09
101349,ICICI Prudential Nifty Index Fund -  Cumulative Option,INF109K01PI0,,95.3741,95.3741,95.3741,2017-08-09
120620,ICICI Prudential Nifty Index Fund - Direct Plan Cumulative Option,INF109K012M7,,97.1015,97.1015,97.1015,2017-08-09
135391,ICICI Prudential Nifty Index Fund - Direct Plan Dividend Option,INF109KB1NL1,INF109KB1NM9,13.0566,13.0566,13.0566,2017-08-09
135390,ICICI Prudential Nifty Index Fund - Dividend Option,INF109KB1NN7,INF109KB1NO5,12.6994,12.6994,12.6994,2017-08-09
120683,ICICI Prudential Nifty Next 50 Index Fund - Direct Plan -  Dividend,INF109K01Y64,INF109K01Y72,24.9775,24.9151,24.9775,2017-08-09
120684,ICICI Prudential Nifty Next 50 Index Fund - Direct Plan -  Growth,INF109K01Y80,,24.9837,24.9212,24.9837,2017-08-09
112957,ICICI Prudential Nifty Next 50 Index Fund - Growth,INF109K01IF1,,24.4667,24.4055,24.4667,2017-08-09
112958,ICICI Prudential Nifty Next 50 Index Fund -Dividend,INF109K01PR1,INF109K01IE4,24.4666,24.4054,24.4666,2017-08-09
113062,IDBI Nifty Index Fund Dividend,INF397L01083,INF397L01075,17.5633,17.5633,17.5633,2017-08-09
118455,IDBI Nifty Index Fund Dividend Direct,INF397L01AN1,INF397L01AO9,18.1780,18.1780,18.1780,2017-08-09
113063,IDBI NIFTY Index Fund Growth,INF397L01091,,18.4177,18.4177,18.4177,2017-08-09
118347,IDBI NIFTY Index Fund Growth Direct,INF397L01AP6,,19.0605,19.0605,19.0605,2017-08-09
113250,IDBI Nifty Junior Index Fund Dividend,INF397L01166,INF397L01182,21.1162,21.1162,21.1162,2017-08-09
118456,IDBI Nifty Junior Index Fund Dividend Direct,INF397L01AY8,INF397L01AX0,21.9503,21.9503,21.9503,2017-08-09
113249,IDBI Nifty Junior Index Fund Growth,INF397L01174,,21.1162,21.1162,21.1162,2017-08-09
118348,IDBI Nifty Junior Index Fund Growth Direct,INF397L01AW2,,21.9503,21.9503,21.9503,2017-08-09
118483,IDFC Nifty Fund-Direct Plan-Dividend,INF194K013A6,INF194K014A4,20.3831,20.3831,20.3831,2017-08-09
118482,IDFC Nifty Fund-Direct Plan-Growth,INF194K012A8,,20.2109,20.2109,20.2109,2017-08-09
112878,IDFC Nifty Fund-Regular Plan-Dividend,INF194K01938,INF194K01946,20.2979,20.2979,20.2979,2017-08-09
112877,IDFC Nifty Fund-Regular Plan-Growth,INF194K01920,,20.1396,20.1396,20.1396,2017-08-09
120312,LIC MF Index Fund-Sensex Plan-Direct Plan-Dividend,INF767K01FI6,INF767K01FK2,20.3749,20.1712,20.3749,2017-08-09
120308,LIC MF Index Fund-Sensex Plan-Direct Plan-Growth,INF767K01FJ4,,60.6884,60.0815,60.6884,2017-08-09
101198,LIC MF Index Fund-Sensex Plan-Regular Plan-Dividend,INF767K01121,INF767K01113,20.3041,20.1011,20.3041,2017-08-09
101199,LIC MF Index Fund-Sensex Plan-Regular Plan-Growth,INF767K01139,,59.2346,58.6423,59.2346,2017-08-09
120309,LIC MF Index Fund-Nifty Plan-Direct Plan-Dividend,INF767K01FG0,INF767K01FH8,20.6981,20.4911,20.6981,2017-08-09
120307,LIC MF Index Fund-Nifty Plan-Direct Plan-Growth,INF767K01FF2,,56.1798,55.6180,56.1798,2017-08-09
101200,LIC MF Index Fund-Nifty Plan-Regular Plan-Dividend,INF767K01154,INF767K01147,20.2469,20.0444,20.2469,2017-08-09
101201,LIC MF Index Fund-Nifty Plan-Regular Plan-Growth,INF767K01162,,54.8892,54.3403,54.8892,2017-08-09
118742,Nippon India Index Fund - Nifty Plan - Direct Plan Growth Plan - Bonus Option,INF204K01H02,,16.8772,16.8350,16.8772,2017-08-09
118741,Nippon India Index Fund - Nifty Plan - Direct Plan Growth Plan - Growth Option,INF204K01H36,,16.8772,16.8350,16.8772,2017-08-09
118745,Nippon India Index Fund - Nifty Plan - Direct Plan Half Yearly Dividend Plan,INF204K01H44,INF204K01H51,16.8772,16.8350,16.8772,2017-08-09
118740,Nippon India Index Fund - Nifty Plan - Direct Plan Quarterly Dividend Plan,INF204K01H69,INF204K01H77,16.8772,16.8350,16.8772,2017-08-09
118743,Nippon India Index Fund - Nifty Plan - Direct Plan Yearly Dividend Plan,INF204K01H10,INF204K01H28,16.8772,16.8350,16.8772,2017-08-09
113297,Nippon India Index Fund - Nifty Plan - Growth Plan - Bonus Option,INF204K01IF0,,16.5317,16.4904,16.5317,2017-08-09
113296,Nippon India Index Fund - Nifty Plan - Growth Plan - Growth Option,INF204K01IE3,,16.5317,16.4904,16.5317,2017-08-09
113298,Nippon India Index Fund - Nifty Plan - Quarterly Dividend Plan,INF204K01IG8,INF204K01IJ2,16.5317,16.4904,16.5317,2017-08-09
113300,Nippon India Index Fund - Nifty Plan- Annual Dividend Plan,INF204K01II4,INF204K01IL8,16.5317,16.4904,16.5317,2017-08-09
113299,Nippon India Index Fund - Nifty Plan- Half Yearly Dividend Plan,INF204K01IH6,INF204K01IK0,16.5317,16.4904,16.5317,2017-08-09
113295,Nippon India Index Fund - Sensex Plan - Annual Dividend Plan,INF204K01IQ7,INF204K01IT1,15.6202,15.5811,15.6202,2017-08-09
118786,Nippon India Index Fund - Sensex Plan - Direct Plan - Annual Dividend Plan,INF204K01K64,INF204K01K72,15.9216,15.8818,15.9216,2017-08-09
118788,Nippon India Index Fund - Sensex Plan - Direct Plan - Half Yearly Dividend Plan,INF204K01K98,INF204K01L06,15.9216,15.8818,15.9216,2017-08-09
118790,Nippon India Index Fund - Sensex Plan - Direct Plan - Quarterly Dividend Plan,INF204K01L14,INF204K01L22,15.9216,15.8818,15.9216,2017-08-09
118785,Nippon India Index Fund - Sensex Plan - Direct Plan Growth Plan - Bonus Option,INF204K01K56,,15.9216,15.8818,15.9216,2017-08-09
118791,Nippon India Index Fund - Sensex Plan - Direct Plan Growth Plan - Growth Option,INF204K01K80,,15.9216,15.8818,15.9216,2017-08-09
113270,Nippon India Index Fund - Sensex Plan - Growth Plan - Bonus Option,INF204K01IN4,,15.6202,15.5811,15.6202,2017-08-09
113269,Nippon India Index Fund - Sensex Plan - Growth Plan - Growth Option,INF204K01IM6,,15.6202,15.5811,15.6202,2017-08-09
113294,Nippon India Index Fund - Sensex Plan - Half Yearly Dividend Plan,INF204K01IP9,INF204K01IS3,15.6202,15.5811,15.6202,2017-08-09
113271,Nippon India Index Fund - Sensex Plan - Quarterly Dividend Plan,INF204K01IO2,INF204K01IR5,15.6202,15.5811,15.6202,2017-08-09
119488,Principal Nifty 100 Equal Weight Fund - Direct Plan - Growth Option,INF173K01EZ4,,70.2196,69.5174,70.2196,2017-08-09
119487,Principal Nifty 100 Equal Weight Fund- Direct Plan - Dividend Option,INF173K01EW1,INF173K01EX9,41.2675,40.8548,41.2675,2017-08-09
100152,Principal Nifty 100 Equal Weight Fund-Dividend,INF173K01AH0,INF173K01AI8,40.3746,39.9709,40.3746,2017-08-09
100153,Principal Nifty 100 Equal Weight Fund-Growth,INF173K01AG2,,68.6970,68.0100,68.6970,2017-08-09
119826,SBI NIFTY INDEX FUND - DIRECT PLAN - DIVIDEND,INF200K01TC2,INF200K01TD0,44.1622,44.1622,44.1622,2017-08-09
119827,SBI NIFTY INDEX FUND - DIRECT PLAN - GROWTH,INF200K01TE8,,86.0422,86.0422,86.0422,2017-08-09
102272,SBI NIFTY INDEX FUND - REGULAR PLAN - GROWTH,INF200K01537,,84.3548,84.3548,84.3548,2017-08-09
102273,SBI NIFTY INDEX FUND- REGULAR PLAN - DIVIDEND,INF200K01545,INF200K01552,43.2124,43.2124,43.2124,2017-08-09
140448,Sundaram Smart Nifty 100 Equal Weight Fund - Direct Plan - Dividend Payout,INF903JA1674,,11.6520,11.6520,11.6520,2017-08-09
140449,Sundaram Smart Nifty 100 Equal Weight Fund - Direct Plan - Dividend Reinvestment,,INF903JA1682,11.6520,11.6520,11.6520,2017-08-09
140453,Sundaram Smart Nifty 100 Equal Weight Fund - Direct Plan - Growth,INF903JA1666,,11.6510,11.6510,11.6510,2017-08-09
140451,Sundaram Smart Nifty 100 Equal Weight Fund - Regular Plan - Dividend Payout,INF903JA1641,,11.6095,11.6095,11.6095,2017-08-09
140450,Sundaram Smart Nifty 100 Equal Weight Fund - Regular Plan - Dividend Reinvestment,,INF903JA1658,11.6095,11.6095,11.6095,2017-08-09
140452,Sundaram Smart Nifty 100 Equal Weight Fund - Regular Plan - Growth,INF903JA1633,,11.6099,11.6099,11.6099,2017-08-09
101659,Tata Index Fund - Nifty-Regular  Plan,INF277K01741,,59.1488,59.0009,59.1488,2017-08-09
119288,Tata Index Fund  - Nifty-Direct Plan Nifty,INF277K01PJ3,,62.2614,62.1057,62.2614,2017-08-09
119287,Tata Index Fund  - Sensex Direct Plan Sensex,INF277K01PK1,,79.2808,79.0826,79.2808,2017-08-09
101746,Tata Index Fund - Sensex-Regular Plan,INF277K01758,,77.5034,77.3096,77.5034,2017-08-09
112949,Taurus Nifty Index Fund - Regular Plan - Dividend Option,INF044D01914,INF044D01922,18.2684,18.1771,18.2684,2017-08-09
112948,Taurus Nifty Index Fund - Regular Plan - Growth Option,INF044D01948,,18.2684,18.1771,18.2684,2017-08-09
118882,Taurus Nifty Index Fund-Direct Plan-Dividend Option,INF044D01CR3,INF044D01CS1,18.7759,18.6820,18.7759,2017-08-09
118881,Taurus Nifty Index Fund-Direct Plan-Growth Option,INF044D01CQ5,,19.0024,18.9074,19.0024,2017-08-09
100822,UTI - NIFTY Index Fund- Regular Plan - Growth Option,INF789F01JN2,,63.5324,63.5324,63.5324,2017-08-09
100823,UTI - NIFTY Index Fund- Regular Plan - Income Option,INF789F01JL6,INF789F01JM4,32.3429,32.3429,32.3429,2017-08-09
120716,UTI - NIFTY Index Fund-Growth Option- Direct,INF789F01XA0,,63.9678,63.9678,63.9678,2017-08-09
120717,UTI - NIFTY Index Fund-Income Option- Direct,INF789F01WY2,INF789F01WZ9,32.562,32.562,32.562,2017-08-09
115127,Aditya Birla Sun Life Gold ETF,INF209K01HT2,,2703.6550,2703.6550,2703.6550,2017-08-09
113434,Axis Gold ETF,INF846K01W80,,2560.0164,2560.0164,2560.0164,2017-08-09
117076,Canara Robeco Gold Exchange Traded Fund,INF760K01BR1,,2674.9604,2674.9604,2674.9604,2017-08-09
113049,HDFC Gold Exchange Traded Fund,INF179K01CN1,,2661.5473,0.0000,0.0000,2017-08-09
113076,ICICI Prudential Gold ETF,INF109KC1NT3,,266.4023,N.A.,N.A.,2017-08-09
115939,IDBI Gold Exchange Traded Fund,INF397L01554,,2720.2513,2720.2513,0.0000,2017-08-09
112368,Invesco India Gold Exchange Traded Fund,INF205K01361,,2664.8657,2664.8657,2664.8657,2017-08-09
106193,KOTAK GOLD ETF,INF373I01049,,257.486,257.486,257.486,2017-08-09
140088,Nippon India ETF Gold BeES,INF204KB17I5,,2588.5973,2588.5973,2588.5973,2017-08-09
107693,Quantum Gold Fund,INF082J01010,,1286.9131,1286.9131,1286.9131,2017-08-09
111954,SBI-ETF Gold,INF200K01099,,2648.3325,2648.3325,2648.3325,2017-08-09
105463,UTI GOLD Exchange Traded Fund,INF78901059,,2595.9655,0,2595.9655,2017-08-09
115512,Aditya Birla Sun Life Nifty ETF,INF209K01IR4,,105.2680,105.2680,105.2680,2017-08-09
139581,Aditya Birla Sun Life SENSEX ETF,INF209KB1119,,320.7316,320.7316,320.7316,2017-08-09
141545,Axis Nifty ETF,INF846K01W98,,993.5434,993.5434,993.5434,2017-08-09
139367,Edelweiss ETF - Nifty 100 Quality 30,INF754K01EM9,,235.8342,235.8342,235.8342,2017-08-09
134536,Edelweiss ETF - Nifty 50,INF754K01EK3,,10367.1627,10367.1627,10367.1627,2017-08-09
135859,Edelweiss ETF - Nifty Bank,INF754K01EL1,,2465.0933,2465.0933,2465.0933,2017-08-09
135853,HDFC Nifty 50 ETF - Growth Option,INF179KB1KP3,,1010.2500,1010.2500,1010.2500,2017-08-09
135854,HDFC Sensex ETF - Growth option,INF179KB1KQ1,,3262.2800,3262.2800,3262.2800,2017-08-09
139519,ICICI Prudential Midcap Select ETF,INF109KB1XT3,,67.12,N.A.,N.A.,2017-08-09
123004,ICICI Prudential Nifty 100 ETF,INF109KA1962,,107.5061,N.A.,N.A.,2017-08-09
121366,ICICI Prudential Nifty ETF,INF109K012R6,,101.5482,N.A.,N.A.,2017-08-09
141596,ICICI Prudential Nifty Low Vol 30 ETF,INF109KB10T8,,76.43,N.A.,N.A.,2017-08-09
139455,ICICI Prudential NV20 ETF,INF109KB1WY5,,43.77,N.A.,N.A.,2017-08-09
101705,ICICI Prudential Sensex ETF,INF346A01034,,330.9439,330.9439,330.9439,2017-08-09
139839,IDFC Nifty ETF,INF194KA1U07,,99.7330,99.7330,99.7330,2017-08-09
139840,IDFC Sensex ETF,INF194KA1T91,,321.0738,321.0738,321.0738,2017-08-09
115284,Invesco India Nifty Exchange Traded Fund,INF205K01DA9,,1033.1807,1033.1807,1033.1807,2017-08-09
133122,Kotak Banking ETF,INF174K01F59,,248.8869,248.8869,248.8869,2017-08-09
112351,Kotak Nifty ETF,INF174K014P6,,100.0157,100.0157,100.0157,2017-08-09
135744,Kotak NV 20 ETF - Dividend,INF174K01Z71,,44.4522,44.4522,44.4522,2017-08-09
106929,Kotak PSU Bank ETF,INF373I01023,,357.2566,357.2566,357.2566,2017-08-09
109010,Kotak Sensex ETF,INF373I01031,,321.1623,321.1623,321.1623,2017-08-09
136473,LIC MF Exchange Traded Fund-Nifty 100,INF767K01PC8,,104.1170,104.1170,104.1170,2017-08-09
135607,LIC MF Exchange Traded Fund-Nifty 50,INF767K01OS7,,100.8354,100.8354,100.8354,2017-08-09
135672,LIC MF Exchange Traded Fund-Sensex,INF767K01OT5,,325.5267,325.5267,325.5267,2017-08-09
133307,LIC MF G-Sec Long Term Exchange Traded Fund,INF767K01MV5,,17.2300,17.2300,17.2300,2017-08-09
113069,Motilal Oswal M50 ETF (MOFM50),INF247L01536,,95.2758,95.2758,95.2758,2017-08-09
114456,Motilal Oswal Midcap 100 ETF (MOFM100),INF247L01023,,18.7239,18.7239,18.7239,2017-08-09
114984,Motilal Oswal Nasdaq 100 ETF (MOFN100),INF247L01031,,371.9641,371.9641,371.9641,2017-08-09
140107,CPSE ETF,INF457M01133,,27.2683,27.2683,27.2683,2017-08-09
140087,Nippon India ETF Bank BeES,INF204KB15I9,,2475.8654,2475.8654,2475.8654,2017-08-09
128331,Nippon India ETF Consumption,INF204KA1LD7,,46.6477,46.6477,46.6477,2017-08-09
128639,Nippon India ETF Dividend Opportunities,INF204KA1MS3,,26.7683,26.7683,26.7683,2017-08-09
140095,Nippon India ETF Hang Seng BeES,INF204KB19I1,,2709.2129,2709.2129,2709.2129,2017-08-09
140102,Nippon India ETF Infra BeES,INF732E01268,,338.3421,338.3421,338.3421,2017-08-09
140085,Nippon India ETF Junior BeES,INF732E01045,,280.6673,280.6673,280.6673,2017-08-09
140086,Nippon India ETF Liquid BeES,INF732E01037,,1000.0000,1000.0000,1000.0000,2017-08-09
139496,Nippon India ETF Long Term Gilt,INF204KB1882,,17.3383,17.3383,17.3383,2017-08-09
121146,Nippon India ETF Nifty 100,INF204K014N5,,104.9136,104.9136,104.9136,2017-08-09
140084,Nippon India ETF Nifty BeES,INF204KB14I2,,1019.3751,1019.3751,1019.3751,2017-08-09
134782,Nippon India ETF NV20 ETF,INF204KA17D8,,444.9776,444.9776,444.9776,2017-08-09
140089,Nippon India ETF PSU Bank BeES,INF204KB16I7,,396.3765,396.3765,396.3765,2017-08-09
131331,Nippon India ETF Sensex,INF204KA1UN7,,330.8732,330.8732,330.8732,2017-08-09
140094,Nippon India ETF Shariah BeES,INF732E01128,,238.5553,238.5553,238.5553,2017-08-09
108479,Quantum Nifty ETF,INF082J01028,,1069.9693,1069.9693,1069.9693,2017-08-09
139430,SBI-ETF 10 YEAR GILT,INF200KA1JT1,,165.9328,165.9328,165.9328,2017-08-09
134014,SBI-ETF BSE 100,INF200KA1572,,106.2581,106.2581,106.2581,2017-08-09
134008,SBI-ETF Nifty Bank,INF200KA1580,,248.7338,248.7338,248.7338,2017-08-09
135106,SBI-ETF Nifty 50,INF200KA1FS1,,100.2901,100.2901,100.2901,2017-08-09
134013,SBI-ETF Nifty Next 50,INF200KA1598,,284.8880,284.8880,284.8880,2017-08-09
121109,SBI-ETF SENSEX,INF200K01VT2,,334.6263,334.6263,334.6263,2017-08-09
135320,UTI NIFTY Exhcange  Traded Fund,INF789FB1X41,,1019.4832,0,0,2017-08-09
141665,UTI Nifty Next 50 Exchange Traded Fund,INF789FC1N82,,276.7361,276.7361,0,2017-08-09
135321,UTI SENSEX Exchange Traded Fund,INF789FB1X58,,326.6869,0,0,2017-08-09
132141,Aditya Birla Sun Life Global Emerging Opportunities Fund - Direct Plan - Dividend Option,INF084M01EC8,INF084M01ED6,10.5936,10.4877,10.5936,2017-08-09
132140,Aditya Birla Sun Life Global Emerging Opportunities Fund - Direct plan - Growth Option,INF084M01EB0,,11.9716,11.8519,11.9716,2017-08-09
132139,Aditya Birla Sun Life Global Emerging Opportunities Fund - Regular Plan - Dividend Option,INF084M01AU8,INF084M01AV6,11.8541,11.7356,11.8541,2017-08-09
132138,Aditya Birla SUn Life Global Emerging Opportunities Fund - Regular Plan - Growth Option,INF084M01AT0,,11.8510,11.7325,11.8510,2017-08-09
132010,Aditya Birla Sun Life Global Real Estate Fund - Retail Plan - Direct Plan - Dividend Option,INF084M01EI5,INF084M01EJ3,17.6230,17.4468,17.6230,2017-08-09
132009,Aditya Birla Sun Life Global Real Estate Fund - Retail Plan - Direct Plan - Growth Option,INF084M01EH7,,17.6087,17.4326,17.6087,2017-08-09
132003,Aditya Birla Sun Life Global Real Estate Fund - Retail Plan - Regular Plan - Dividend Option,INF084M01BA8,INF084M01BB6,17.2538,17.0813,17.2538,2017-08-09
132005,Aditya Birla Sun Life Global Real Estate Fund - Retail Plan - Regular Plan - Growth Option,INF084M01AZ7,,17.2429,17.0705,17.2429,2017-08-09
130491,DSP Global Allocation Fund - Direct Plan - Dividend,INF740K01Z68,INF740K01Z76,11.2566,11.1440,11.2566,2017-08-09
130493,DSP Global Allocation Fund - Direct Plan - Growth,INF740K01Z50,,11.2566,11.1440,11.2566,2017-08-09
130490,DSP Global Allocation Fund - Regular Plan - Dividend,INF740K01Z35,INF740K01Z43,11.1295,11.0182,11.1295,2017-08-09
130492,DSP Global Allocation Fund - Regular Plan - Growth,INF740K01Z27,,11.1295,11.0182,11.1295,2017-08-09
119253,DSP US Flexible Equity Fund - Direct Plan - Dividend,INF740K01OI5,INF740K01OJ3,20.5576,20.3520,20.5576,2017-08-09
119252,DSP US Flexible Equity Fund - Direct Plan - Growth,INF740K01OH7,,20.5576,20.3520,20.5576,2017-08-09
117692,DSP US Flexible Equity Fund - Regular Plan - Dividend Option,INF740K01LQ4,,15.9085,15.7494,15.9085,2017-08-09
117691,DSP US Flexible Equity Fund - Regular Plan - Growth Option,INF740K01LP6,,19.9647,19.7651,19.9647,2017-08-09
119272,DSP World Agriculture Fund - Direct Plan - Dividend,INF740K01OF1,INF740K01OG9,14.2915,14.1486,14.2915,2017-08-09
119271,DSP World Agriculture Fund - Direct Plan - Growth,INF740K01OE4,,15.1573,15.0057,15.1573,2017-08-09
115881,DSP World Agriculture Fund - Regular Plan - Dividend,INF740K01EL0,,12.0868,11.9659,12.0868,2017-08-09
115882,DSP World Agriculture Fund - Regular Plan - Growth,INF740K01EK2,,14.9279,14.7786,14.9279,2017-08-09
119276,DSP World Energy Fund - Direct Plan - Dividend,INF740K01PD3,INF740K01PE1,10.7043,10.5973,10.7043,2017-08-09
119275,DSP World Energy Fund - Direct Plan - Growth,INF740K01PC5,,11.8711,11.7524,11.8711,2017-08-09
112127,DSP World Energy Fund - Regular Plan - Dividend,INF740K01292,INF740K01300,10.0438,9.9434,10.0438,2017-08-09
112126,DSP World Energy Fund - Regular Plan - Growth,INF740K01284,,11.7439,11.6265,11.7439,2017-08-09
119278,DSP World Gold Fund - Direct Plan - Dividend,INF740K01PA9,INF740K01PB7,9.9699,9.8702,9.9699,2017-08-09
119277,DSP World Gold Fund - Direct Plan - Growth,INF740K01OZ9,,12.1718,12.0501,12.1718,2017-08-09
106596,DSP World Gold Fund - Regular Plan - Dividend,INF740K01268,INF740K01276,9.7707,9.6730,9.7707,2017-08-09
106597,DSP World Gold Fund - Regular Plan - Growth,INF740K01250,,11.9327,11.8134,11.9327,2017-08-09
119280,DSP World Mining Fund - Direct Plan - Dividend,INF740K01PG6,INF740K01PH4,7.5095,7.4344,7.5095,2017-08-09
119279,DSP World Mining Fund - Direct Plan - Growth,INF740K01PF8,,7.5095,7.4344,7.5095,2017-08-09
112347,DSP World Mining Fund - Regular Plan - Dividend,INF740K01748,INF740K01AL8,7.3267,7.2534,7.3267,2017-08-09
112293,DSP World Mining Fund - Regular Plan - Growth,INF740K01730,,7.3267,7.2534,7.3267,2017-08-09
140256,Edelweiss ASEAN Equity Off-shore Fund - Direct Plan - Growth Option,INF843K01AW7,,18.745,18.558,18.745,2017-08-09
140255,Edelweiss ASEAN Equity Off-shore Fund - Regular Plan - Growth Option,INF843K01609,,17.825,17.647,17.825,2017-08-09
140327,Edelweiss Emerging Markets Opportunities Equity Offshore Fund - Direct Plan - Growth Option,INF843K01IZ3,,11.2683,11.1556,11.2683,2017-08-09
140328,Edelweiss Emerging Markets Opportunities Equity Offshore Fund - Regular Plan - Growth Option,INF843K01IY6,,11.1169,11.0057,11.1169,2017-08-09
140296,Edelweiss Europe Dynamic Equity Offshore Fund - Growth Option - Direct Plan,INF843K01GI3,,11.1045,10.9935,11.1045,2017-08-09
140295,Edelweiss Europe Dynamic Equity Offshore Fund - Growth Option - Regular Plan,INF843K01GJ1,,10.7357,10.6283,10.7357,2017-08-09
140243,Edelweiss Greater China Equity Off-shore Fund - Direct Plan - Growth Option,INF843K01AU1,,24.666,24.419,24.666,2017-08-09
140242,Edelweiss Greater China Equity Off-shore Fund - Regular Plan - Growth Option,INF843K01138,,23.572,23.336,23.572,2017-08-09
140274,Edelweiss US Value Equity Offshore Fund - Direct Plan - Growth Option,INF843K01EC1,,13.9447,13.8053,13.9447,2017-08-09
140273,Edelweiss US Value Equity Offshore Fund - Regular Plan - Growth Option,INF843K01ED9,,13.5094,13.3743,13.5094,2017-08-09
116632,Franklin India Feeder - Franklin U.S. Opportunities Fund - Dividend,INF090I01EV3,INF090I01EU5,22.7984,22.5704,22.7984,2017-08-09
116633,Franklin India Feeder - Franklin U.S. Opportunities Fund - Growth,INF090I01EW1,,22.7984,22.5704,22.7984,2017-08-09
118550,Franklin India Feeder - Franklin US Opportunities Fund - Direct - Dividend,INF090I01JP4,INF090I01JQ2,23.8806,23.6418,23.8806,2017-08-09
118551,Franklin India Feeder - Franklin US Opportunities Fund - Direct - Growth,INF090I01JR0,,23.8806,23.6418,23.8806,2017-08-09
129441,Franklin India Feeder - Templeton European Opportunities Fund - Direct - Dividend,INF090I01KY4,INF090I01KZ1,9.9633,9.8637,9.9633,2017-08-09
129440,Franklin India Feeder - Templeton European Opportunities Fund - Direct - Growth,INF090I01KX6,,9.9633,9.8637,9.9633,2017-08-09
129439,Franklin India Feeder - Templeton European Opportunities Fund - Dividend,INF090I01KV0,INF090I01KW8,9.5230,9.4278,9.5230,2017-08-09
129438,Franklin India Feeder - Templeton European Opportunities Fund - Growth,INF090I01KU2,,9.5230,9.4278,9.5230,2017-08-09
127070,HSBC Asia Pacific (Ex Japan) Dividend Yield Fund - Dividend,INF336L01HD5,INF336L01HE3,12.6063,12.6063,12.6063,2017-08-09
127072,HSBC Asia Pacific (Ex Japan) Dividend Yield Fund - Dividend Direct,INF336L01HG8,INF336L01HH6,12.9155,12.9155,12.9155,2017-08-09
127073,HSBC Asia Pacific (Ex Japan) Dividend Yield Fund - Growth,INF336L01HC7,,12.6063,12.6063,12.6063,2017-08-09
127071,HSBC Asia Pacific (Ex Japan) Dividend Yield Fund - Growth Direct,INF336L01HF0,,12.9155,12.9155,12.9155,2017-08-09
120036,HSBC Brazil Fund - Dividend Direct,INF336L01BW8,INF336L01BX6,7.3933,7.3933,7.3933,2017-08-09
120035,HSBC Brazil Fund - Growth Direct,INF336L01BY4,,7.3933,7.3933,7.3933,2017-08-09
115117,HSBC Brazil Fund-Dividend,INF336L01172,INF336L01180,7.1535,7.1535,7.1535,2017-08-09
115116,HSBC Brazil Fund-Growth,INF336L01164,,7.1535,7.1535,7.1535,2017-08-09
133713,HSBC Global Consumer Opportunities Fund - Growth,INF336L01JU5,,11.1629,11.1629,11.1629,2017-08-09
133714,HSBC Global Consumer Opportunities Fund - Growth Direct,INF336L01JT7,,11.3569,11.3569,11.3569,2017-08-09
120044,HSBC Global Emerging Market Fund - Dividend Direct,INF336L01CH7,INF336L01CI5,13.0245,13.0245,13.0245,2017-08-09
120043,HSBC Global Emerging Market Fund - Growth Direct,INF336L01CJ3,,13.6017,13.6017,13.6017,2017-08-09
107989,HSBC Global Emerging Markets Fund - Dividend,INF336L01438,INF336L01420,12.5874,12.5874,12.5874,2017-08-09
107988,HSBC Global Emerging Markets Fund - Growth,INF336L01446,,13.1565,13.1565,13.1565,2017-08-09
123652,ICICI Prudential Global Stable Equity Fund (FOF) - Direct - Dividend,INF109KA1CG5,INF109KA1CF7,13.72,13.31,13.72,2017-08-09
123654,ICICI Prudential Global Stable Equity Fund (FOF) - Direct - Growth,INF109KA1CE0,,13.72,13.31,13.72,2017-08-09
123653,ICICI Prudential Global Stable Equity Fund (FOF) - Dividend,INF109KA1CD2,INF109KA1CC4,13.32,12.92,13.32,2017-08-09
123651,ICICI Prudential Global Stable Equity Fund (FOF) - Growth,INF109KA1CB6,,13.32,12.92,13.32,2017-08-09
129190,Invesco India Feeder - Invesco Global Equity Income Fund - Direct Plan - Dividend,INF205K01B56,INF205K01B64,11.9789,11.8591,11.9789,2017-08-09
129188,Invesco India Feeder - Invesco Global Equity Income Fund - Direct Plan - Growth,INF205K01B49,,12.0238,11.9036,12.0238,2017-08-09
129189,Invesco India Feeder - Invesco Global Equity Income Fund - Regular Plan - Dividend,INF205K01B23,INF205K01B31,11.5318,11.4165,11.5318,2017-08-09
129187,Invesco India Feeder - Invesco Global Equity Income Fund - Regular Plan - Growth,INF205K01B15,,11.5444,11.429,11.5444,2017-08-09
126352,Invesco India Feeder - Invesco Pan European Equity Fund - Direct Plan - Dividend Option,INF205K01A32,INF205K01A40,10.865,10.7564,10.865,2017-08-09
126353,Invesco India Feeder - Invesco Pan European Equity Fund - Direct Plan - Growth Option,INF205K01A24,,10.883,10.7742,10.883,2017-08-09
126350,Invesco India Feeder - Invesco Pan European Equity Fund - Regular Plan - Dividend Option,INF205K01A08,INF205K01A16,10.4566,10.352,10.4566,2017-08-09
126351,Invesco India Feeder - Invesco Pan European Equity Fund - Regular Plan - Growth Option,INF205K01ZZ9,,10.4568,10.3522,10.4568,2017-08-09
106442,Kotak Global Emerging Market Fund - Dividend,INF174K01DX9,INF174K01DW1,14.443,14.299,14.443,2017-08-09
119778,Kotak Global Emerging Market Fund - Dividend - Direct,INF174K01LX2,,14.998,14.848,14.998,2017-08-09
106441,Kotak Global Emerging Market Fund - Growth,INF174K01DV3,,14.443,14.299,14.443,2017-08-09
119779,Kotak Global Emerging Market Fund - Growth - Direct,INF174K01LW4,,14.946,14.797,14.946,2017-08-09
133832,Kotak US Equity Fund - Direct Plan - Dividend option,INF178L01CM3,INF178L01CN1,13.974,13.834,13.974,2017-08-09
133831,Kotak US Equity Fund - Direct Plan - Growth option,INF178L01CL5,,13.973,13.833,13.973,2017-08-09
133830,Kotak US Equity Fund - Standard Plan - Dividend option,INF178L01CJ9,INF178L01CK7,13.59,13.454,13.59,2017-08-09
133833,Kotak US Equity Fund - Standard Plan - Growth option,INF178L01CI1,,13.588,13.452,13.588,2017-08-09
133814,Kotak World Gold Fund - Standard Plan - Dividend Option,INF178L01145,INF178L01137,7.347,7.274,7.347,2017-08-09
133815,Kotak World Gold Fund - Standard Plan - Growth Option,INF178L01152,,8.863,8.774,8.863,2017-08-09
133817,Kotak World Gold Fund- Direct Plan- Dividend Option,INF178L01AM7,INF178L01AN5,7.612,7.536,7.612,2017-08-09
133816,Kotak World Gold Fund- Direct Plan- Growth Option,INF178L01AO3,,9.163,9.071,9.163,2017-08-09
138457,PGIM India Emerging Markets Equity Fund - Direct Plan - Dividend,INF223J01NJ4,,10.32,10.22,10.32,2017-08-09
138456,PGIM India Emerging Markets Equity Fund - Direct Plan - Growth,INF223J01NL0,,13.36,13.23,13.36,2017-08-09
138454,PGIM India Emerging Markets Equity Fund - Dividend,INF223J01AW4,INF223J01AX2,11.82,11.7,11.82,2017-08-09
138453,PGIM India Emerging Markets Equity Fund - Growth,INF223J01AY0,,12.86,12.73,12.86,2017-08-09
138527,PGIM India Global Equity Opportunities Fund - Direct Plan - Dividend,INF223J01NG0,,14.67,14.52,14.67,2017-08-09
138528,PGIM India Global Equity Opportunities Fund - Direct Plan - Growth,INF223J01NF2,,14.67,14.52,14.67,2017-08-09
138524,PGIM India Global Equity Opportunities Fund - Dividend,INF223J01AS2,INF223J01AT0,13.28,13.15,13.28,2017-08-09
138523,PGIM India Global Equity Opportunities Fund - Growth,INF223J01AU8,,14.16,14.02,14.16,2017-08-09
119458,Principal Global Opportunities Fund- Direct Plan - Dividend Option,INF173K01FJ5,INF173K01FK3,27.2103,26.9382,27.2103,2017-08-09
102336,Principal Global Opportunities Fund- Dividend Option,INF173K01CQ7,INF173K01CR5,26.6966,26.4296,26.6966,2017-08-09
119457,Principal Global Opportunities Fund-Direct Plan - Growth Option,INF173K01FM9,,27.2103,26.9382,27.2103,2017-08-09
102337,Principal Global Opportunities Fund-Growth Option,INF173K01CT1,,26.6966,26.4296,26.6966,2017-08-09
119602,Sundaram Global Brand Fund - Direct Plan - Growth Option,INF903J01OB6,,16.0475,16.0475,16.0475,2017-08-09
106369,Sundaram Global Brand Fund Dividend,INF903J01EY9,INF903J01EZ6,13.4165,13.4165,13.4165,2017-08-09
106370,Sundaram Global Brand Fund Growth,INF903J01EX1,,15.6497,15.6497,15.6497,2017-08-09
119601,Sundaram Global Brand Fund- Direct Plan - Dividend Option,INF903J01NZ7,INF903J01OA8,14.4052,14.4052,14.4052,2017-08-09
131897,Aditya Birla Sun Life Active Debt Multi Manager FoF Scheme - Direct Plan - Dividend Option,INF084M01DQ0,INF084M01DR8,14.8518,14.7033,14.8518,2017-08-09
131898,Aditya Birla Sun Life Active Debt Multi Manager FoF Scheme - Direct Plan - Growth Option,INF084M01DP2,,23.7072,23.4701,23.7072,2017-08-09
131895,Aditya Birla Sun Life Active Debt Multi Manager FoF Scheme - Regular Plan - Dividend Option,INF084M01AI3,INF084M01AJ1,14.5684,14.4227,14.5684,2017-08-09
131896,Aditya Birla Sun Life Active Debt Multi Manager FoF Scheme - Regular Plan - Growth Option,INF084M01AH5,,23.2324,23.0001,23.2324,2017-08-09
131866,Aditya Birla Sun Life Asset Allocator Multi Manager FoF Scheme - Direct Plan - Dividend Option,INF084M01DN7,INF084M01DO5,13.0674,12.9367,13.0674,2017-08-09
131865,Aditya Birla Sun Life Asset Allocator Multi Manager FoF Scheme - Direct Plan - Growth Option,INF084M01DM9,,13.7151,13.5779,13.7151,2017-08-09
131863,Aditya Birla Sun Life Asset Allocator Multi Manager FoF Scheme - Regular Plan - Dividend Option,INF084M01AF9,INF084M01AG7,25.2614,25.0088,25.2614,2017-08-09
131864,Aditya Birla Sun Life Asset Allocator Multi Manager FoF Scheme - Regular Plan - Growth Option,INF084M01AE2,,27.4424,27.1680,27.4424,2017-08-09
132187,Aditya Birla Sun Life Financial Planning Fund - Aggressive Plan - Direct Plan - Dividend Option,INF084M01EX4,INF084M01EY2,20.0355,19.8351,20.0355,2017-08-09
132186,Aditya Birla Sun Life Financial Planning Fund - Aggressive Plan - Direct Plan - Growth Option,INF084M01EW6,,21.8594,21.6408,21.8594,2017-08-09
132181,Aditya Birla Sun Life Financial Planning Fund - Aggressive Plan - Regular Plan - Dividend Option,INF084M01119,INF084M01127,19.4539,19.2594,19.4539,2017-08-09
132180,Aditya Birla Sun Life Financial Planning Fund - Aggressive Plan - Regular Plan - Growth Option,INF084M01101,,21.2533,21.0408,21.2533,2017-08-09
132184,Aditya Birla Sun Life Financial Planning Fund - Conservative Plan - Direct Plan - Dividend Option,INF084M01ER6,INF084M01ES4,11.8320,11.7137,11.8320,2017-08-09
132183,Aditya Birla Sun Life Financial Planning Fund - Conservative Plan - Direct Plan - Growth Option,INF084M01EQ8,,17.4382,17.2638,17.4382,2017-08-09
132179,Aditya Birla Sun Life Financial Planning Fund - Conservative Plan - Regular Plan - Dividend Option,INF084M01051,INF084M01069,15.4987,15.3437,15.4987,2017-08-09
132178,Aditya Birla Sun life Financial Planning Fund - Conservative Plan - Regular Plan - Growth Option,INF084M01044,,17.0336,16.8633,17.0336,2017-08-09
132189,Aditya Birla Sun Life Financial Planning Fund - Moderate Plan - Direct Plan - Dividend Option,INF084M01EU0,INF084M01EV8,17.2787,17.1059,17.2787,2017-08-09
132185,Aditya Birla Sun Life Financial Planning Fund - Moderate Plan - Direct Plan - Growth Option,INF084M01ET2,,19.0632,18.8726,19.0632,2017-08-09
132174,Aditya Birla Sun Life Financial Planning Fund - Moderate Plan - Regular Plan - Growth Option,INF084M01077,,18.6482,18.4617,18.6482,2017-08-09
132175,Aditya Birla Sun Life Financial Planning Fund -Moderate  Plan - Regular Plan - Dividend Option,INF084M01085,INF084M01093,16.7255,16.5582,16.7255,2017-08-09
120545,Aditya Birla Sun Life Gold Fund - Dividend - Direct Plan,INF209K01YT7,,9.3582,9.2646,9.3582,2017-08-09
120546,Aditya Birla Sun Life Gold Fund - Growth - Direct Plan,INF209K01YU5,,9.3619,9.2683,9.3619,2017-08-09
116795,Aditya Birla Sun Life Gold Fund-Dividend,INF209K01PG2,INF209K01PH0,9.2529,9.1604,9.2529,2017-08-09
116796,Aditya Birla Sun Life Gold Fund-Growth,INF209K01PF4,,9.2541,9.1616,9.2541,2017-08-09
120472,Axis Gold Fund - Direct Plan - Dividend option,INF846K01DQ6,INF846K01DR4,9.6449,9.5485,9.6449,2017-08-09
120473,Axis Gold Fund - Direct Plan - Growth option,INF846K01DS2,,9.6376,9.5412,9.6376,2017-08-09
115898,Axis Gold Fund - Regular Plan - Dividend Option,INF846K01AM1,INF846K01AN9,9.0988,9.0078,9.0988,2017-08-09
115897,Axis Gold Fund - Regular Plan - Growth Option,INF846K01AL3,,9.0884,8.9975,9.0884,2017-08-09
118300,Canara Robeco Gold Savings Fund - Direct Plan - Dividend Option,INF760K01FD2,INF760K01FE0,8.6860,8.6860,8.6860,2017-08-09
118301,Canara Robeco Gold Savings Fund - Direct Plan - Growth Option,INF760K01FF7,,8.7234,8.7234,8.7234,2017-08-09
117540,Canara Robeco Gold Savings Fund - Regular Plan - Dividend,INF760K01BY7,INF760K01BX9,8.6597,8.6597,8.6597,2017-08-09
117541,Canara Robeco Gold Savings Fund - Regular Plan - Growth,INF760K01BW1,,8.6543,8.6543,8.6543,2017-08-09
118542,Franklin India Dynamic Asset Allocation Fund Of Funds - Direct - Dividend,INF090I01HT0,INF090I01HU8,40.6370,40.2306,40.6370,2017-08-09
118543,Franklin India Dynamic Asset Allocation Fund Of Funds - Direct - Growth,INF090I01HV6,,78.3944,77.6105,78.3944,2017-08-09
101657,Franklin India Dynamic Asset Allocation Fund of Funds-Dividend,INF090I01247,INF090I01254,38.5673,38.1816,38.5673,2017-08-09
101656,Franklin India Dynamic Asset Allocation Fund of Funds-Growth,INF090I01262,,75.0590,74.3084,75.0590,2017-08-09
102108,Franklin INDIA LIFE STAGE FUND OF FUNDS - THE 20S PLAN (D),INF090I01577,,33.1018,32.7708,33.1018,2017-08-09
102107,Franklin INDIA LIFE STAGE FUND OF FUNDS - THE 20S PLAN (G),INF090I01593,,78.1921,77.4102,78.1921,2017-08-09
118511,Franklin INDIA LIFE STAGE FUND OF FUNDS - THE 20S PLAN - Direct - Dividend,INF090I01HW4,INF090I01HX2,33.8430,33.5046,33.8430,2017-08-09
118512,Franklin INDIA LIFE STAGE FUND OF FUNDS - THE 20S PLAN - Direct - Growth,INF090I01HY0,,79.7181,78.9209,79.7181,2017-08-09
102110,Franklin INDIA LIFE STAGE FUND OF FUNDS - THE 30S PLAN (D),INF090I01601,,25.5237,25.3323,25.5237,2017-08-09
102109,Franklin INDIA LIFE STAGE FUND OF FUNDS - THE 30S PLAN (G),INF090I01627,,55.6729,55.2554,55.6729,2017-08-09
118513,Franklin India Life Stage Fund of Funds - The 30s Plan - Direct - Dividend,INF090I01HZ7,INF090I01IA8,26.2649,26.0679,26.2649,2017-08-09
118514,Franklin India Life Stage Fund of Funds - The 30s Plan - Direct - Growth,INF090I01IB6,,57.0880,56.6598,57.0880,2017-08-09
102111,Franklin INDIA LIFE STAGE FUND OF FUNDS - THE 40S PLAN (D),INF090I01635,,16.3213,16.1989,16.3213,2017-08-09
102112,Franklin INDIA LIFE STAGE FUND OF FUNDS - THE 40S PLAN (G),INF090I01650,,44.2810,43.9489,44.2810,2017-08-09
118515,Franklin India Life Stage Fund of Funds - The 40s Plan - Direct - Dividend,INF090I01IC4,INF090I01ID2,16.6908,16.5656,16.6908,2017-08-09
118516,Franklin India Life Stage Fund of Funds - The 40s Plan - Direct - Growth,INF090I01IE0,,45.6311,45.2889,45.6311,2017-08-09
102547,Franklin India Life Stage Fund of Funds - The 50s Plus Flo (Gro),INF090I01718,,34.0755,33.7347,34.0755,2017-08-09
118520,Franklin India Life Stage Fund Of Funds - The 50S Plus Floating Rate Plan - Direct - Dividend,INF090I01JM1,INF090I01JN9,14.9762,14.8264,14.9762,2017-08-09
118519,Franklin India Life Stage Fund Of Funds - The 50S Plus Floating Rate Plan - Direct - Growth,INF090I01JO7,,34.7348,34.3875,34.7348,2017-08-09
102546,Franklin India Life Stage Fund of Funds The 50s Plus Flo (Div),INF090I01692,,14.7117,14.5646,14.7117,2017-08-09
102113,Franklin INDIA LIFE STAGE FUND OF FUNDS - THE 50+S PLAN (D),INF090I01668,,14.1338,13.9925,14.1338,2017-08-09
102114,Franklin INDIA LIFE STAGE FUND OF FUNDS - THE 50+S PLAN (G),INF090I01684,,32.9248,32.5956,32.9248,2017-08-09
118517,Franklin India Life Stage Fund of Funds - The 50s Plus - Direct - Dividend,INF090I01IF7,INF090I01IG5,14.5271,14.3818,14.5271,2017-08-09
118518,Franklin India Life Stage Fund of Funds - The 50s Plus - Direct - Growth,INF090I01IH3,,33.9060,33.5669,33.9060,2017-08-09
132988,Franklin India Multi - Asset Solution Fund - Dividend Plan,INF090I01LF1,INF090I01LG9,11.8043,11.6863,11.8043,2017-08-09
132990,Franklin India Multi - Asset Solution Fund - Dividend Plan - Direct,INF090I01LI5,INF090I01LJ3,12.3716,12.2479,12.3716,2017-08-09
132987,Franklin India Multi - Asset Solution Fund - Growth Plan,INF090I01LE4,,11.8043,11.6863,11.8043,2017-08-09
132989,Franklin India Multi - Asset Solution Fund - Growth Plan - Direct,INF090I01LH7,,12.3716,12.2479,12.3716,2017-08-09
130547,HDFC Dynamic PE Ratio Fund of Funds - Direct Dividend,INF179KA1SD3,,15.8556,15.6970,15.8556,2017-08-09
130543,HDFC Dynamic PE Ratio Fund of Funds - Direct Growth,INF179KA1SC5,,18.0519,17.8714,18.0519,2017-08-09
130540,HDFC Dynamic PE Ratio Fund of Funds - Regular Dividend,INF179KA1SG6,,15.2570,15.1044,15.2570,2017-08-09
130533,HDFC Dynamic PE Ratio Fund of Funds - Regular Growth,INF179KA1SF8,,17.4087,17.2346,17.4087,2017-08-09
115934,HDFC Gold Fund -Growth Option,INF179K01LC5,,9.5231,9.3326,9.5231,2017-08-09
119132,HDFC Gold Fund-Direct Plan,INF179K01VX0,,9.6814,9.4878,9.6814,2017-08-09
129196,HSBC Managed Solutions - Conservative - Dividend,INF336L01IL6,,13.7514,13.7514,13.7514,2017-08-09
129195,HSBC Managed Solutions - Conservative - Growth,INF336L01IM4,,13.7514,13.7514,13.7514,2017-08-09
129197,HSBC Managed Solutions - Conservative - Growth Direct,INF336L01IP7,,13.8646,13.8646,13.8646,2017-08-09
129199,HSBC Managed Solutions - Growth - Dividend,INF336L01HZ8,,16.7665,16.7665,16.7665,2017-08-09
129201,HSBC Managed Solutions - Growth - Dividend Direct,INF336L01IC5,,16.9156,16.9156,16.9156,2017-08-09
129065,HSBC Managed Solutions - Growth - Growth,INF336L01IA9,,16.7665,16.7665,16.7665,2017-08-09
129200,HSBC Managed Solutions - Growth - Growth Direct,INF336L01ID3,,16.9156,16.9156,16.9156,2017-08-09
129192,HSBC Managed Solutions - Moderate - Dividend,INF336L01IF8,,15.9682,15.9682,15.9682,2017-08-09
129191,HSBC Managed Solutions - Moderate - Growth,INF336L01IG6,,15.9682,15.9682,15.9682,2017-08-09
129193,HSBC Managed Solutions - Moderate - Growth Direct,INF336L01IJ0,,16.0996,16.0996,16.0996,2017-08-09
120680,ICICI Prudential Asset Allocator Fund (FOF) - Direct Plan - Dividend,INF109K01W90,INF109K01X08,49.855,49.3565,49.855,2017-08-09
120679,ICICI Prudential Asset Allocator Fund (FOF) - Direct Plan - Growth,INF109K01X16,,49.879,49.3802,49.879,2017-08-09
102137,ICICI Prudential Asset Allocator Fund (FOF) - Growth,INF109K01837,,48.8361,48.3477,48.8361,2017-08-09
102138,ICICI Prudential Asset Allocator Fund (FOF) - Dividend,INF109K01FJ9,INF109K01845,48.8361,48.3477,48.8361,2017-08-09
120703,ICICI Prudential Debt Management Fund (FOF) - Direct Plan -  Dividend,INF109K01X57,INF109K01X65,26.9892,26.9892,26.9892,2017-08-09
120702,ICICI Prudential Debt Management Fund (FOF) - Direct Plan - Growth,INF109K01X73,,26.8894,26.8894,26.8894,2017-08-09
102141,ICICI Prudential Debt Management Fund (FOF) - Growth,INF109K01878,,26.5719,26.5719,26.5719,2017-08-09
102143,ICICI Prudential Debt Management Fund (FOF ) - Dividend,INF109K01FS0,INF109K01886,26.5719,26.5719,26.5719,2017-08-09
120314,ICICI Prudential Income Optimizer Fund (FOF) - Direct Plan - Dividend,INF109K01W66,INF109K01W74,31.7169,31.3997,31.7169,2017-08-09
120313,ICICI Prudential Income Optimizer Fund (FOF) - Direct Plan - Growth,INF109K01W82,,31.9363,31.6169,31.9363,2017-08-09
102139,ICICI Prudential Income Optimizer Fund (FOF) - Growth,INF109K01811,,31.1607,30.8491,31.1607,2017-08-09
102140,ICICI Prudential Income Optimizer Fund (FOF) - Dividend,INF109K01EB9,INF109K01829,31.1607,30.8491,31.1607,2017-08-09
102134,ICICI Prudential Passive Strategy Fund (FOF) - Dividend,INF109K01DW7,INF109K01803,60.3164,59.7132,60.3164,2017-08-09
120243,ICICI Prudential Passive Strategy Fund (FOF) - Direct Plan -  Dividend,INF109K01W33,INF109K01W41,61.5504,60.9349,61.5504,2017-08-09
120242,ICICI Prudential Passive Strategy Fund (FOF) - Direct Plan - Growth,INF109K01W58,,61.5523,60.9368,61.5523,2017-08-09
102133,ICICI Prudential Passive Strategy Fund (FOF) - Growth,INF109K01795,,60.3164,59.7132,60.3164,2017-08-09
120686,ICICI Prudential Regular Gold Savings Fund (FOF) - Direct Plan -  Dividend,INF109K01U76,INF109K01U84,9.6609,9.4677,9.6609,2017-08-09
120685,ICICI Prudential Regular Gold Savings Fund (FOF) - Direct Plan -  Growth,INF109K01U92,,9.6605,9.4673,9.6605,2017-08-09
115834,ICICI Prudential Regular Gold Savings Fund (FOF) - Dividend,INF109K01TM4,INF109K01TL6,9.5618,9.3706,9.5618,2017-08-09
115833,ICICI Prudential Regular Gold Savings Fund (FOF) - Growth,INF109K01TK8,,9.5618,9.3706,9.5618,2017-08-09
120700,ICICI Prudential Thematic Advantage Fund (FOF) - Direct Plan - Growth,INF109K01X40,,69.3217,68.6285,69.3217,2017-08-09
102135,ICICI Prudential Thematic Advantage Fund (FOF) - Growth,INF109K01852,,68.9095,68.2204,68.9095,2017-08-09
102136,ICICI Prudential Thematic Advantage Fund (FOF) - Dividend,INF109K01FR2,INF109K01860,68.9095,68.2204,68.9095,2017-08-09
117714,IDBI GOLD FUND,INF397L01992,,8.4559,8.3713,8.4559,2017-08-09
118343,IDBI GOLD FUND Direct,INF397L01BU4,,8.6050,8.5190,8.6050,2017-08-09
118409,IDFC   All Seasons Bond Fund-Direct Plan-Daily Dividend,,INF194K01V63,11.0212,11.0212,11.0212,2017-08-09
118414,IDFC   All Seasons Bond Fund-Direct Plan-Fortnightly Dividend,INF194K01V55,INF194K01V48,11.0243,11.0243,11.0243,2017-08-09
118410,IDFC   All Seasons Bond Fund-Direct Plan-Growth,INF194K01U72,,26.7475,26.7475,26.7475,2017-08-09
118413,IDFC   All Seasons Bond Fund-Direct Plan-Quarterly Dividend,INF194K01V30,INF194K01V22,12.6431,12.6431,12.6431,2017-08-09
108547,IDFC   All Seasons Bond Fund-Regular Plan-Annual Dividend,INF194K01SG0,INF194K01SF2,11.8391,11.8391,11.8391,2017-08-09
115874,IDFC   All Seasons Bond Fund-Regular Plan-Fortnightly Dividend,INF194K01SM8,INF194K01SL0,11.0240,11.0240,11.0240,2017-08-09
108545,IDFC   All Seasons Bond Fund-Regular Plan-Growth,INF194K01SE5,,26.2098,26.2098,26.2098,2017-08-09
108546,IDFC   All Seasons Bond Fund-Regular Plan-Half Yearly Dividend,INF194K01SI6,INF194K01SH8,12.0404,12.0404,12.0404,2017-08-09
108544,IDFC   All Seasons Bond Fund-Regular Plan-Quarterly Dividend,INF194K01SK2,INF194K01SJ4,12.4988,12.4988,12.4988,2017-08-09
117867,IDFC   All Seasons Bond Fund-Regular Plan-Weekly Dividend,,INF194K01F63,11.0034,11.0034,11.0034,2017-08-09
131398,IDFC ASBF -Direct Plan_Periodic Dividend,INF194KA1TV4,INF194KA1TW2,12.9875,12.9875,12.9875,2017-08-09
131399,IDFC ASBF -Regular Plan_Periodic Dividend,INF194KA1TS0,INF194KA1TT8,12.9591,12.9591,12.9591,2017-08-09
118484,IDFC  Asset Allocation Fund Of Fund-Aggressive Plan-Direct Plan-Dividend,INF194K013B4,INF194K014B2,18.2983,18.2983,18.2983,2017-08-09
118485,IDFC  Asset Allocation Fund Of Fund-Aggressive Plan-Direct Plan-Growth,INF194K012B6,,22.2100,22.2100,22.2100,2017-08-09
112331,IDFC  Asset Allocation Fund Of Fund-Aggressive Plan-Regular Plan-Dividend,INF194K01961,INF194K01979,16.6496,16.6496,16.6496,2017-08-09
112332,IDFC  Asset Allocation Fund Of Fund-Aggressive Plan-Regular Plan-Growth,INF194K01953,,21.8362,21.8362,21.8362,2017-08-09
118487,IDFC  Asset Allocation Fund Of Fund-Conservative Plan-Direct Plan-Dividend,INF194K017A7,INF194K018A5,14.6260,14.6260,14.6260,2017-08-09
118486,IDFC  Asset Allocation Fund Of Fund-Conservative Plan-Direct Plan-Growth,INF194K016A9,,19.8352,19.8352,19.8352,2017-08-09
112328,IDFC  Asset Allocation Fund Of Fund-Conservative Plan-Regular Plan-Dividend,INF194K01995,INF194K01AA1,14.3618,14.3618,14.3618,2017-08-09
112327,IDFC  Asset Allocation Fund Of Fund-Conservative Plan-Regular Plan-Growth,INF194K01987,,19.4925,19.4925,19.4925,2017-08-09
118489,IDFC  Asset Allocation Fund Of Fund-Moderate Plan-Dierct Plan-Growth,INF194K019A3,,21.3319,21.3319,21.3319,2017-08-09
118488,IDFC  Asset Allocation Fund Of Fund-Moderate Plan-Direct Plan-Dividend,INF194K010B0,INF194K011B8,16.0197,16.0197,16.0197,2017-08-09
112330,IDFC  Asset Allocation Fund Of Fund-Moderate Plan-Regular Plan-Dividend,INF194K01AC7,INF194K01AD5,15.9522,15.9522,15.9522,2017-08-09
112329,IDFC  Asset Allocation Fund Of Fund-Moderate Plan-Regular Plan-Growth,INF194K01AB9,,20.9762,20.9762,20.9762,2017-08-09
120530,Invesco India Gold Fund - Direct  Plan - Dividend,INF205K01NH3,INF205K01NI1,9.0857,8.904,9.0857,2017-08-09
120531,Invesco India Gold Fund - Direct Plan- - Growth,INF205K01NJ9,,9.0943,8.9124,9.0943,2017-08-09
116075,Invesco India Gold Fund - Dividend,INF205K01FB2,INF205K01FC0,8.9895,8.8097,8.9895,2017-08-09
116077,Invesco India Gold Fund - Growth,INF205K01FA4,,8.9894,8.8096,8.9894,2017-08-09
119776,Kotak Asset Allocator Fund Direct Dividend - Direct,INF174K01LO1,,74.093,73.352,74.093,2017-08-09
119777,Kotak Asset Allocator Fund Direct Growth - Direct,INF174K01LN3,,75.45,74.696,75.45,2017-08-09
102573,Kotak Asset Allocator Fund Dividend,INF174K01484,INF174K01476,72.413,71.689,72.413,2017-08-09
102574,Kotak Asset Allocator Fund Growth,INF174K01468,,74.391,73.647,74.391,2017-08-09
114757,Kotak Gold Fund Dividend,INF174K01AU1,INF174K01AV9,12.0042,11.7641,12.0042,2017-08-09
119780,Kotak Gold Fund Dividend - Direct,INF174K01MQ4,INF174K01MR2,12.2624,12.0172,12.2624,2017-08-09
114758,Kotak Gold Fund Growth,INF174K01AT3,,12.0039,11.7638,12.0039,2017-08-09
119781,Kotak Gold Fund Growth - Direct,INF174K01MP6,,12.2616,12.0164,12.2616,2017-08-09
118662,Nippon India Gold Savings Fund - Direct Plan Dividend Plan,INF204K01YD2,INF204K01YE0,12.5300,12.2794,12.5300,2017-08-09
118663,Nippon India Gold Savings Fund - Direct Plan Growth Plan - Growth Option,INF204K01YC4,,12.5300,12.2794,12.5300,2017-08-09
114617,Nippon India Gold Savings Fund-Dividend Plan,INF204K01KO8,INF204K01KP5,12.2905,12.0447,12.2905,2017-08-09
114616,Nippon India Gold Savings Fund-Growth plan- Growth Option,INF204K01KN0,,12.2905,12.0447,12.2905,2017-08-09
112038,Quantum Equity Fund of Funds - Direct Plan Dividend Option,INF082J01101,INF082J01119,32.426,31.940,32.426,2017-08-09
112039,Quantum Equity Fund of Funds - Direct Plan Growth Option,INF082J01093,,32.426,31.940,32.426,2017-08-09
141062,Quantum Equity Fund of Funds - Regular Plan Dividend Option,INF082J01283,INF082J01291,32.412,31.926,32.412,2017-08-09
141063,Quantum Equity Fund of Funds - Regular Plan Growth Option,INF082J01275,,32.412,31.926,32.412,2017-08-09
115132,Quantum Gold Savings Fund - Direct Plan Growth Option,INF082J01150,,11.9701,11.7905,11.9701,2017-08-09
141064,Quantum Gold Savings Fund - Regular Plan Growth Option,INF082J01358,,11.9655,11.7860,11.9655,2017-08-09
117608,Quantum Multi Asset Fund of Funds - Direct Plan Growth Option,INF082J01168,,16.5839,16.4181,16.5839,2017-08-09
141072,Quantum Multi Asset Fund of Funds - Regular Plan Growth Option,INF082J01341,,16.5774,16.4116,16.5774,2017-08-09
119789,SBI GOLD FUND - DIRECT PLAN - DIVIDEND,INF200K01RN3,INF200K01RO1,9.3804,9.2866,9.3804,2017-08-09
115677,SBI GOLD FUND - REGULAR PLAN - DIVIDEND,INF200K01HB9,INF200K01HC7,9.2105,9.1184,9.2105,2017-08-09
115676,SBI GOLD FUND REGULAR PLAN - GROWTH,INF200K01HA1,,9.2086,9.1165,9.2086,2017-08-09
119788,SBI GOLD FUND- DIRECT PLAN - GROWTH,INF200K01RP8,,9.3839,9.2901,9.3839,2017-08-09
130785,Aditya Birla Sun Life Capital Protection Oriented Fund - Series 22 - Direct Plan - Growth,INF209KB1IR7,,12.7996,12.7996,12.7996,2017-08-09
130786,Aditya Birla Sun Life Capital Protection Oriented Fund - Series 22 - Regular Plan - Growth,INF209KB1IS5,,12.2712,12.2712,12.2712,2017-08-09
131165,Aditya Birla Sun Life Capital Protection Oriented Fund - Series 23 - Direct Plan - Growth,INF209KA1OP0,,12.4863,12.4863,12.4863,2017-08-09
131166,Aditya Birla Sun Life Capital Protection Oriented Fund - Series 23 - Regular Plan - Growth,INF209KA1OQ8,,11.9893,11.9893,11.9893,2017-08-09
132977,Aditya Birla Sun Life Capital Protection Oriented Fund - Series 25 - Direct Plan - Growth,INF209KA1TN4,,11.8911,11.8911,11.8911,2017-08-09
132978,Aditya Birla Sun Life Capital Protection Oriented Fund - Series 25 - Regular Plan - Growth,INF209KA1TO2,,11.4654,11.4654,11.4654,2017-08-09
134149,Aditya Birla Sun Life Capital Protection Oriented Fund - Series 26 - Direct Plan-Growth,INF209KA1J73,,11.1136,11.1136,11.1136,2017-08-09
134148,Aditya Birla Sun Life Capital Protection Oriented Fund - Series 26 - Regular Plan-Growth,INF209KA1J81,,10.9387,10.9387,10.9387,2017-08-09
135776,Aditya Birla Sun Life Capital Protection Oriented Fund - Series 29 - Direct Plan-Growth,INF209KA10O9,,11.7579,11.7579,11.7579,2017-08-09
135775,Aditya Birla Sun Life Capital Protection Oriented Fund - Series 29 - Regular Plan-Growth,INF209KA11O7,,11.4878,11.4878,11.4878,2017-08-09
136415,Aditya Birla Sun Life Capital Protection Oriented Fund - Series 30 - Direct Plan-Growth,INF209KA13V8,,11.3628,11.3628,11.3628,2017-08-09
136414,Aditya Birla Sun Life Capital Protection Oriented Fund - Series 30 - Regular Plan-Growth,,,11.2006,11.2006,11.2006,2017-08-09
139442,Aditya Birla Sun Life Dual Advantage Fund - Series I - Direct Plan - Dividend Payout,INF209KB1044,,11.1490,11.1490,11.1490,2017-08-09
139440,Aditya Birla Sun Life Dual Advantage Fund - Series I - Direct Plan - Growth,INF209KB1036,,11.1490,11.1490,11.1490,2017-08-09
139439,Aditya Birla Sun Life Dual Advantage Fund - Series I - Regular Plan - Dividend Payout,INF209KB1028,,10.9934,10.9934,10.9934,2017-08-09
139441,Aditya Birla Sun Life Dual Advantage Fund - Series I - Regular Plan - Growth,INF209KB1010,,10.9934,10.9934,10.9934,2017-08-09
123602,Aditya Birla Sun Life Fixed Term Plan - Series HL (1463 days) - Direct Plan-Growth,INF209KB1382,,14.0569,14.0569,14.0569,2017-08-09
123601,Aditya Birla Sun Life Fixed Term Plan - Series HL (1463 days) - Direct Plan-Normal Dividend,INF209KB1390,,10.7122,10.7122,10.7122,2017-08-09
123603,Aditya Birla Sun Life Fixed Term Plan - Series HL (1463 days) - Regular Plan-Growth,INF209KB1416,,14.0276,14.0276,14.0276,2017-08-09
123605,Aditya Birla Sun Life Fixed Term Plan - Series HL (1463 days) - Regular Plan-Normal Dividend,INF209KB1424,,10.7076,10.7076,10.7076,2017-08-09
124053,Aditya Birla Sun Life Fixed Term Plan - Series HS (1465 days) - Direct Plan-Growth,INF209KB1598,,14.0527,14.0527,14.0527,2017-08-09
124052,Aditya Birla Sun Life Fixed Term Plan - Series HS (1465 days) - Regular Plan-Growth,INF209KB1606,,14.0007,14.0007,14.0007,2017-08-09
124051,Aditya Birla Sun Life Fixed Term Plan - Series HS (1465 days) - Regular Plan-Quarterly Dividend,INF209KB1622,,10.5040,10.5040,10.5040,2017-08-09
125442,Aditya Birla Sun Life Fixed Term Plan - Series IY (1598 days) - Direct Plan-Growth,INF209KA1V77,,13.6693,13.6693,13.6693,2017-08-09
125445,Aditya Birla Sun Life Fixed Term Plan - Series IY (1598 days) - Regular Plan-Growth,INF209KA1W01,,13.5358,13.5358,13.5358,2017-08-09
125443,Aditya Birla Sun Life Fixed Term Plan - Series IY (1598 days) - Regular Plan-Normal Dividend,INF209KA1W19,,12.0676,12.0676,12.0676,2017-08-09
125444,Aditya Birla Sun Life Fixed Term Plan - Series IY (1598 days) - Regular Plan-Quarterly Dividend,INF209KA1V69,,10.9230,10.9230,10.9230,2017-08-09
125581,Aditya Birla Sun Life Fixed Term Plan - Series JA (1464 days) - Direct Plan-Growth,INF209KB1AA0,,15.2581,15.2581,15.2581,2017-08-09
126908,Aditya Birla Sun Life Fixed Term Plan - Series JX (1530 days) - Direct Plan-Growth,INF209KA1R32,,13.4919,13.4919,13.4919,2017-08-09
126911,Aditya Birla Sun Life Fixed Term Plan - Series JX (1530 days) - Regular Plan-Growth,INF209KA1R65,,13.4045,13.4045,13.4045,2017-08-09
127395,Aditya Birla Sun Life Fixed Term Plan - Series KE (1511 days) - Direct Plan-Growth,INF209KA1Q17,,13.4454,13.4454,13.4454,2017-08-09
127398,Aditya Birla Sun Life Fixed Term Plan - Series KE (1511 days) - Regular Plan-Growth,INF209KA1Q41,,13.3581,13.3581,13.3581,2017-08-09
127603,Aditya Birla Sun Life Fixed Term Plan - Series KH (1505 days) - Direct Plan-Growth,INF209KA1S49,,13.4296,13.4296,13.4296,2017-08-09
127604,Aditya Birla Sun Life Fixed Term Plan - Series KH (1505 days) - Regular Plan-Growth,INF209KA1T06,,13.3172,13.3172,13.3172,2017-08-09
127601,Aditya Birla Sun Life Fixed Term Plan - Series KH (1505 days) - Regular Plan-Quarterly Dividend,INF209KA1S80,,10.9048,10.9048,10.9048,2017-08-09
127833,Aditya Birla Sun Life Fixed Term Plan - Series KJ (1499 days) - Direct Plan-Growth,INF209KA1T30,,13.3930,13.3930,13.3930,2017-08-09
127835,Aditya Birla Sun Life Fixed Term Plan - Series KJ (1499 days) - Regular Plan-Growth,INF209KA1T63,,13.2871,13.2871,13.2871,2017-08-09
127836,Aditya Birla Sun Life Fixed Term Plan - Series KJ (1499 days) - Regular Plan-Normal Dividend,INF209KA1T71,,12.0690,12.0690,12.0690,2017-08-09
128303,Aditya Birla Sun Life Fixed Term Plan - Series KO (1498 days) - Direct Plan-Growth,INF209KA1U52,,13.3617,13.3617,13.3617,2017-08-09
128305,Aditya Birla Sun Life Fixed Term Plan - Series KO (1498 days) - Direct Plan-Quarterly Dividend,INF209KA1U78,,10.9202,10.9202,10.9202,2017-08-09
128304,Aditya Birla Sun Life Fixed Term Plan - Series KO (1498 days) - Regular Plan-Growth,INF209KA1U86,,13.2785,13.2785,13.2785,2017-08-09
128308,Aditya Birla Sun Life Fixed Term Plan - Series KO (1498 days) - Regular Plan-Normal Dividend,INF209KA1U94,,12.0609,12.0609,12.0609,2017-08-09
128190,Aditya Birla Sun Life Fixed Term Plan - Series KP (1504 days) - Direct Plan-Growth,INF209KA1X34,,13.3711,13.3711,13.3711,2017-08-09
128187,Aditya Birla Sun Life Fixed Term Plan - Series KP (1504 days) - Regular Plan-Growth,INF209KA1X67,,13.2530,13.2530,13.2530,2017-08-09
128826,Aditya Birla Sun Life Fixed Term Plan - Series KW (1477 days) - Direct Plan-Growth,INF209KA1O35,,13.2747,13.2747,13.2747,2017-08-09
128824,Aditya Birla Sun Life Fixed Term Plan - Series KW (1477 days) - Regular Plan-Growth,INF209KA1O68,,13.2064,13.2064,13.2064,2017-08-09
128823,Aditya Birla Sun Life Fixed Term Plan - Series KW (1477 days) - Regular Plan-Quarterly Dividend,INF209KA1O27,,10.8856,10.8856,10.8856,2017-08-09
128892,Aditya Birla Sun Life Fixed Term Plan - Series KX (1475 days) - Direct Plan-Growth,INF209KA1O92,,13.2562,13.2562,13.2562,2017-08-09
128895,Aditya Birla Sun Life Fixed Term Plan - Series KX (1475 days) - Regular Plan-Growth,INF209KA1P26,,13.2257,13.2257,13.2257,2017-08-09
128893,Aditya Birla Sun Life Fixed Term Plan - Series KX (1475 days) - Regular Plan-Normal Dividend,INF209KA1P34,,12.0867,12.0867,12.0867,2017-08-09
130912,Aditya Birla Sun Life Fixed Term Plan - Series LU (1104 days) - Direct Plan - Growth,INF209KA1NI7,,12.8906,12.8906,12.8906,2017-08-09
130917,Aditya Birla Sun Life Fixed Term Plan - Series LU (1104 days) - Direct Plan - Normal Dividend,INF209KA1NJ5,,12.8898,12.8898,12.8898,2017-08-09
130916,Aditya Birla Sun Life Fixed Term Plan - Series LU (1104 days) - Direct Plan - Quarterly Dividend,INF209KA1NK3,,10.9667,10.9667,10.9667,2017-08-09
130913,Aditya Birla Sun Life Fixed Term Plan - Series LU (1104 days) - Regular Plan - Growth,INF209KA1NF3,,12.8146,12.8146,12.8146,2017-08-09
130914,Aditya Birla Sun Life Fixed Term Plan - Series LU (1104 days) - Regular Plan - Normal Dividend,INF209KA1NG1,,12.8146,12.8146,12.8146,2017-08-09
130915,Aditya Birla Sun Life Fixed Term Plan - Series LU (1104 days) - Regular Plan - Quarterly Dividend,INF209KA1NH9,,10.9455,10.9455,10.9455,2017-08-09
131088,Aditya Birla Sun Life Fixed Term Plan - Series LV (1099 days) - Direct Plan - Growth,INF209KA1OG9,,12.8682,12.8682,12.8682,2017-08-09
131090,Aditya Birla Sun Life Fixed Term Plan - Series LV (1099 days) - Direct Plan - Quarterly Dividend,INF209KA1OI5,,10.9727,10.9727,10.9727,2017-08-09
131091,Aditya Birla Sun Life Fixed Term Plan - Series LV (1099 days) - Regular Plan - Growth,INF209KA1OD6,,12.8406,12.8406,12.8406,2017-08-09
131092,Aditya Birla Sun Life Fixed Term Plan - Series LV (1099 days) - Regular Plan - Normal Dividend,INF209KA1OE4,,12.8406,12.8406,12.8406,2017-08-09
131093,Aditya Birla Sun Life Fixed Term Plan - Series LV (1099 days) - Regular Plan - Quarterly Dividend,INF209KA1OF1,,10.9656,10.9656,10.9656,2017-08-09
131362,Aditya Birla Sun Life Fixed Term Plan - Series LX (1099 days) - Direct Plan - Growth,INF209KA1PY9,,12.8368,12.8368,12.8368,2017-08-09
131359,Aditya Birla Sun Life Fixed Term Plan - Series LX (1099 days) - Direct Plan - Normal Dividend,INF209KA1PZ6,,12.8375,12.8375,12.8375,2017-08-09
131364,Aditya Birla Sun Life Fixed Term Plan - Series LX (1099 days) - Regular Plan - Growth,INF209KA1PV5,,12.8042,12.8042,12.8042,2017-08-09
131361,Aditya Birla Sun Life Fixed Term Plan - Series LX (1099 days) - Regular Plan - Normal Dividend,INF209KA1PW3,,12.8042,12.8042,12.8042,2017-08-09
131360,Aditya Birla Sun Life Fixed Term Plan - Series LX (1099 days) - Regular Plan - Quarterly Dividend,INF209KA1PX1,,10.9781,10.9781,10.9781,2017-08-09
131553,Aditya Birla Sun Life Fixed Term Plan - Series MA (1099 days) - Direct Plan - Growth,INF209KA1RO6,,12.7291,12.7291,12.7291,2017-08-09
131554,Aditya Birla Sun Life Fixed Term Plan - Series MA (1099 days) - Direct Plan - Normal Dividend,INF209KA1RP3,,12.7290,12.7290,12.7290,2017-08-09
131549,Aditya Birla Sun Life Fixed Term Plan - Series MA (1099 days) - Direct Plan - Quarterly Dividend,INF209KA1RQ1,,10.9645,10.9645,10.9645,2017-08-09
131550,Aditya Birla Sun Life Fixed Term Plan - Series MA (1099 days) - Regular Plan - Growth,INF209KA1RL2,,12.6973,12.6973,12.6973,2017-08-09
131552,Aditya Birla Sun Life Fixed Term Plan - Series MA (1099 days) - Regular Plan - Normal Dividend,INF209KA1RM0,,12.6973,12.6973,12.6973,2017-08-09
131551,Aditya Birla Sun Life Fixed Term Plan - Series MA (1099 days) - Regular Plan - Quarterly Dividend,INF209KA1RN8,,10.9535,10.9535,10.9535,2017-08-09
132903,Aditya Birla Sun Life Fixed Term Plan - Series MD (1099 days) - Direct Plan - Growth,INF209KA1TC7,,12.5611,12.5611,12.5611,2017-08-09
132907,Aditya Birla Sun Life Fixed Term Plan - Series MD (1099 days) - Direct Plan - Normal Dividend,INF209KA1TD5,,12.5611,12.5611,12.5611,2017-08-09
132906,Aditya Birla Sun Life Fixed Term Plan - Series MD (1099 days) - Regular Plan - Growth,INF209KA1SZ0,,12.4541,12.4541,12.4541,2017-08-09
132908,Aditya Birla Sun Life Fixed Term Plan - Series MD (1099 days) - Regular Plan - Normal Dividend,INF209KA1TA1,,12.4541,12.4541,12.4541,2017-08-09
132905,Aditya Birla Sun Life Fixed Term Plan - Series MD (1099 days) - Regular Plan - Quarterly Dividend,INF209KA1TB9,,10.8921,10.8921,10.8921,2017-08-09
134052,Aditya Birla Sun Life Fixed Term Plan - Series MK (1105 days) - Direct Plan - Growth,INF209KA1I82,,12.2255,12.2255,12.2255,2017-08-09
134054,Aditya Birla Sun Life Fixed Term Plan - Series MK (1105 days) - Direct Plan - Quarterly Dividend,INF209KA1J08,,10.9285,10.9285,10.9285,2017-08-09
134055,Aditya Birla Sun Life Fixed Term Plan - Series MK (1105 days) - Regular Plan - Growth,INF209KA1I58,,12.1998,12.1998,12.1998,2017-08-09
134056,Aditya Birla Sun Life Fixed Term Plan - Series MK (1105 days) - Regular Plan - Normal Dividend,INF209KA1I66,,12.1986,12.1986,12.1986,2017-08-09
134057,Aditya Birla Sun Life Fixed Term Plan - Series MK (1105 days) - Regular Plan - Quarterly Dividend,INF209KA1I74,,10.9178,10.9178,10.9178,2017-08-09
134691,Aditya Birla Sun Life Fixed Term Plan - Series MP (1141 days) - Direct Plan-Growth,INF209KA19D3,,12.0586,12.0586,12.0586,2017-08-09
134692,Aditya Birla Sun Life Fixed Term Plan - Series MP (1141 days) - Direct Plan-Normal Dividend,INF209KA10E0,,12.0586,12.0586,12.0586,2017-08-09
134695,Aditya Birla Sun Life Fixed Term Plan - Series MP (1141 days) - Regular Plan-Growth,INF209KA16D9,,11.9393,11.9393,11.9393,2017-08-09
134694,Aditya Birla Sun Life Fixed Term Plan - Series MP (1141 days) - Regular Plan-Quarterly Dividend,INF209KA18D5,,10.9283,10.9283,10.9283,2017-08-09
134723,Aditya Birla Sun Life Fixed Term Plan - Series MQ (1159 days)-Direct Plan-Growth,INF209KA12E6,,12.0574,12.0574,12.0574,2017-08-09
134725,Aditya Birla Sun Life Fixed Term Plan - Series MQ (1159 days)-Direct Plan-Normal Dividend,INF209KA13E4,,12.0574,12.0574,12.0574,2017-08-09
134724,Aditya Birla Sun Life Fixed Term Plan - Series MQ (1159 days)-Direct Plan-Quarterly Dividend,INF209KA14E2,,10.9768,10.9768,10.9768,2017-08-09
134721,Aditya Birla Sun Life Fixed Term Plan - Series MQ (1159 days)-Regular Plan-Growth,INF209KA15E9,,12.0314,12.0314,12.0314,2017-08-09
134720,Aditya Birla Sun Life Fixed Term Plan - Series MQ (1159 days)-Regular Plan-Normal Dividend,INF209KA16E7,,12.0314,12.0314,12.0314,2017-08-09
134722,Aditya Birla Sun Life Fixed Term Plan - Series MQ (1159 days)-Regular Plan-Quarterly Dividend,INF209KA17E5,,10.9648,10.9648,10.9648,2017-08-09
134738,Aditya Birla Sun Life Fixed Term Plan - Series MR (1153 days) - Direct Plan-Normal Dividend,INF209KA19E1,,12.0303,12.0303,12.0303,2017-08-09
134735,Aditya Birla Sun Life Fixed Term Plan - Series MR (1153 days) - Regular Plan-Growth,INF209KA11F5,,12.0038,12.0038,12.0038,2017-08-09
134734,Aditya Birla Sun Life Fixed Term Plan - Series MR (1153 days) - Regular Plan-Normal Dividend,INF209KA12F3,,12.0038,12.0038,12.0038,2017-08-09
134736,Aditya Birla Sun Life Fixed Term Plan - Series MR (1153 days) - Regular Plan-Quarterly Plan,INF209KA13F1,,10.9514,10.9514,10.9514,2017-08-09
134737,Aditya Birla Sun Life Fixed Term Plan - Series MR (1153 days)-Direct Plan-Growth,INF209KA18E3,,12.0301,12.0301,12.0301,2017-08-09
134951,Aditya Birla Sun Life Fixed Term Plan - Series MU (1117 days) - Direct Plan-Growth,INF209KA15H2,,11.9194,11.9194,11.9194,2017-08-09
134952,Aditya Birla Sun Life Fixed Term Plan - Series MU (1117 days) - Direct Plan-Normal Dividend,INF209KA16H0,,11.9197,11.9197,11.9197,2017-08-09
134953,Aditya Birla Sun Life Fixed Term Plan - Series MU (1117 days) - Direct Plan-Quarterly dividend,INF209KA17H8,,10.9569,10.9569,10.9569,2017-08-09
134948,Aditya Birla Sun Life Fixed Term Plan - Series MU (1117 days) - Regular Plan-Growth,INF209KA12H9,,11.8015,11.8015,11.8015,2017-08-09
134950,Aditya Birla Sun Life Fixed Term Plan - Series MU (1117 days) - Regular Plan-Normal Dividend,INF209KA13H7,,11.8015,11.8015,11.8015,2017-08-09
134949,Aditya Birla Sun Life Fixed Term Plan - Series MU (1117 days) - Regular Plan-Quarterly Dividend,INF209KA14H5,,10.9344,10.9344,10.9344,2017-08-09
135449,Aditya Birla Sun Life Fixed Term Plan - Series MX (1128 days) - Direct Plan - Growth,INF209KA12L1,,11.7654,11.7654,11.7654,2017-08-09
135448,Aditya Birla Sun Life Fixed Term Plan - Series MX (1128 days) - Regular Plan - Growth,INF209KA15L4,,11.7435,11.7435,11.7435,2017-08-09
135445,Aditya Birla Sun Life Fixed Term Plan - Series MX (1128 days) - Regular Plan - Normal Dividend,INF209KA16L2,,11.7436,11.7436,11.7436,2017-08-09
135446,Aditya Birla Sun Life Fixed Term Plan - Series MX (1128 days) - Regular Plan - Quarterly Dividend,INF209KA17L0,,10.9107,10.9107,10.9107,2017-08-09
135540,Aditya Birla Sun Life Fixed Term Plan - Series MY (1107 days) - Direct Plan-Growth,INF209KA14M5,,11.6328,11.6328,11.6328,2017-08-09
135541,Aditya Birla Sun Life Fixed Term Plan - Series MY (1107 days) - Direct Plan-Quarterly Dividend,INF209KA16M0,,10.8777,10.8777,10.8777,2017-08-09
135539,Aditya Birla Sun Life Fixed Term Plan - Series MY (1107 days) - Regular Plan - Quarterly Dividend,INF209KA13M7,,10.8668,10.8668,10.8668,2017-08-09
135537,Aditya Birla Sun Life Fixed Term Plan - Series MY (1107 days) - Regular Plan-Growth,INF209KA11M1,,11.6117,11.6117,11.6117,2017-08-09
135538,Aditya Birla Sun Life Fixed Term Plan - Series MY (1107 days) - Regular Plan-Normal Dividend,INF209KA12M9,,11.6120,11.6120,11.6120,2017-08-09
135872,Aditya Birla Sun Life Fixed Term Plan - Series NB (1099 days) - Direct Plan-Growth,INF209KA16O6,,11.5575,11.5575,11.5575,2017-08-09
135870,Aditya Birla Sun Life Fixed Term Plan - Series NB (1099 days) - Regular Plan-Growth,INF209KA13O3,,11.5244,11.5244,11.5244,2017-08-09
135868,Aditya Birla Sun Life Fixed Term Plan - Series NB (1099 days) - Regular Plan-Normal Dividend,INF209KA14O1,,11.5243,11.5243,11.5243,2017-08-09
135935,Aditya Birla Sun Life Fixed Term Plan - Series ND (1109 days) - Direct Plan-Growth,INF209KA18P9,,11.5277,11.5277,11.5277,2017-08-09
135933,Aditya Birla Sun Life Fixed Term Plan - Series ND (1109 days) - Direct Plan-Nomal Dividend,INF209KA19P7,,11.5277,11.5277,11.5277,2017-08-09
135937,Aditya Birla Sun Life Fixed Term Plan - Series ND (1109 days) - Direct Plan-Quarterly Dividend,INF209KA10Q4,,10.9034,10.9034,10.9034,2017-08-09
135932,Aditya Birla Sun Life Fixed Term Plan - Series ND (1109 days) - Regular Plan-Growth,INF209KA15P5,,11.4952,11.4952,11.4952,2017-08-09
135934,Aditya Birla Sun Life Fixed Term Plan - Series ND (1109 days) - Regular Plan-Normal Dividend,INF209KA16P3,,11.4952,11.4952,11.4952,2017-08-09
135936,Aditya Birla Sun Life Fixed Term Plan - Series ND (1109 days) - Regular Plan-Quarterly Dividend,INF209KA17P1,,10.8898,10.8898,10.8898,2017-08-09
136039,Aditya Birla Sun Life Fixed Term Plan - Series NE (1100 days) - Direct Plan-Growth,INF209KA14Q6,,11.5054,11.5054,11.5054,2017-08-09
136040,Aditya Birla Sun Life Fixed Term Plan - Series NE (1100 days) - Direct Plan-Normal Dividend,INF209KA15Q3,,11.5055,11.5055,11.5055,2017-08-09
136036,Aditya Birla Sun Life Fixed Term Plan - Series NE (1100 days) - Regular Plan-Growth,INF209KA11Q2,,11.4717,11.4717,11.4717,2017-08-09
136037,Aditya Birla Sun Life Fixed Term Plan - Series NE (1100 days) - Regular Plan-Normal Dividend,INF209KA12Q0,,11.4717,11.4717,11.4717,2017-08-09
136038,Aditya Birla Sun Life Fixed Term Plan - Series NE (1100 days) - Regular Plan-Quarterly dividend,INF209KA13Q8,,10.8633,10.8633,10.8633,2017-08-09
136148,Aditya Birla Sun Life Fixed Term Plan - Series NG (1169 days) - Direct Plan-Growth,INF209KA16R9,,11.5025,11.5025,11.5025,2017-08-09
136145,Aditya Birla Sun Life Fixed Term Plan - Series NG (1169 days) - Regular Plan-Growth,INF209KA13R6,,11.4702,11.4702,11.4702,2017-08-09
136146,Aditya Birla Sun Life Fixed Term Plan - Series NG (1169 days) - Regular Plan-Normal Dividend,INF209KA14R4,,11.4700,11.4700,11.4700,2017-08-09
136150,Aditya Birla Sun life Fixed Term Plan - Series NG (1169) days - Direct Plan-Quarterly Dividend,INF209KA18R5,,10.9025,10.9025,10.9025,2017-08-09
136190,Aditya Birla Sun Life Fixed Term Plan - Series NH (1168 days) - Direct Plan-Growth,INF209KA16S7,,11.4760,11.4760,11.4760,2017-08-09
136193,Aditya Birla Sun Life Fixed Term Plan - Series NH (1168 days) - Direct Plan-Quarterly Dividend,INF209KA18S3,,10.8850,10.8850,10.8850,2017-08-09
136188,Aditya Birla Sun Life Fixed Term Plan - Series NH (1168 days) - Regular Plan-Growth,INF209KA13S4,,11.4431,11.4431,11.4431,2017-08-09
136189,Aditya Birla Sun Life Fixed Term Plan - Series NH (1168 days) - Regular Plan-Normal Dividend,INF209KA14S2,,11.4431,11.4431,11.4431,2017-08-09
136192,Aditya Birla Sun Life Fixed Term Plan - Series NH (1168 days) - Regular Plan-Quarterly Dividend,INF209KA15S9,,10.8690,10.8690,10.8690,2017-08-09
136243,Aditya Birla Sun Life Fixed Term Plan - Series NI (1163 days) - Direct Plan-Growth,INF209KA12T4,,11.4914,11.4914,11.4914,2017-08-09
136242,Aditya Birla Sun Life Fixed Term Plan - Series NI (1163 days) - Regular Plan-Growth,INF209KA19S1,,11.4589,11.4589,11.4589,2017-08-09
136245,Aditya Birla Sun Life Fixed Term Plan - Series NI (1163 days) - Regular Plan-Normal Dividend,INF209KA10T8,,11.4590,11.4590,11.4590,2017-08-09
136324,Aditya Birla Sun Life Fixed Term Plan - Series NK (1196 days) - Direct Plan-Growth,INF209KA14U8,,11.4807,11.4807,11.4807,2017-08-09
136322,Aditya Birla Sun Life Fixed Term Plan - Series NK (1196 days) - Direct Plan-Normal Dividend,INF209KA15U5,,11.4807,11.4807,11.4807,2017-08-09
136321,Aditya Birla Sun Life Fixed Term Plan - Series NK (1196 days) - Regular Plan-Growth,INF209KA11U4,,11.4363,11.4363,11.4363,2017-08-09
136410,Aditya Birla Sun Life Fixed Term Plan - Series NL (1148 days) - Direct Plan-Growth,INF209KA10V4,,11.3973,11.3973,11.3973,2017-08-09
136412,Aditya Birla Sun Life Fixed Term Plan - Series NL (1148 days) - Direct Plan-Normal Dividend,INF209KA11V2,,11.3973,11.3973,11.3973,2017-08-09
136411,Aditya Birla Sun Life Fixed Term Plan - Series NL (1148 days) - Direct Plan-Quarterly Dividend,INF209KA12V0,,10.8804,10.8804,10.8804,2017-08-09
136413,Aditya Birla Sun Life Fixed Term Plan - Series NL (1148 days) - Regular Plan-Growth,INF209KA17U1,,11.3536,11.3536,11.3536,2017-08-09
136408,Aditya Birla Sun Life Fixed Term Plan - Series NL (1148 days) - Regular Plan-Normal Dividend,INF209KA18U9,,11.3536,11.3536,11.3536,2017-08-09
136409,Aditya Birla Sun Life Fixed Term Plan - Series NL (1148 days) - Regular Plan-Quarterly Dividend,INF209KA19U7,,10.8551,10.8551,10.8551,2017-08-09
139168,Aditya Birla Sun Life Fixed Term Plan - Series NP (1163 days) - Direct Plan-Growth,INF209KA13X4,,11.2316,11.2316,11.2316,2017-08-09
139166,Aditya Birla Sun Life Fixed Term Plan - Series NP (1163 days) - Direct Plan-Normal Dividend,INF209KA14X2,,11.2310,11.2310,11.2310,2017-08-09
139163,Aditya Birla Sun Life Fixed Term Plan - Series NP (1163 days) - Regular Plan-Growth,INF209KA16X7,,11.1896,11.1896,11.1896,2017-08-09
139164,Aditya Birla Sun Life Fixed Term Plan - Series NP (1163 days) - Regular Plan-Normal Dividend,INF209KA17X5,,11.1890,11.1890,11.1890,2017-08-09
139165,Aditya Birla Sun Life Fixed Term Plan - Series NP (1163 days) - Regular Plan-Quarterly Dividend,INF209KA18X3,,10.7482,10.7482,10.7482,2017-08-09
139689,Aditya Birla Sun Life Fixed Term Plan - Series NR (1099 days) - Direct Plan-Growth,INF209KB1150,,10.8744,10.8744,10.8744,2017-08-09
139690,Aditya Birla Sun Life Fixed Term Plan - Series NR (1099 days) - Direct Plan-Normal Dividend,INF209KB1168,,10.8744,10.8744,10.8744,2017-08-09
139692,Aditya Birla Sun Life Fixed Term Plan - Series NR (1099 days) - Direct Plan-Quarterly Dividend,INF209KB1176,,10.6261,10.6261,10.6261,2017-08-09
139687,Aditya Birla Sun Life Fixed Term Plan - Series NR (1099 days) - Regular Plan-Growth,INF209KB1127,,10.8441,10.8441,10.8441,2017-08-09
139688,Aditya Birla Sun Life Fixed Term Plan - Series NR (1099 days) - Regular Plan-Normal Dividend,INF209KB1135,,10.8441,10.8441,10.8441,2017-08-09
139691,Aditya Birla Sun Life Fixed Term Plan - Series NR (1099 days) - Regular Plan-Quarterly Dividend,INF209KB1143,,10.6047,10.6047,10.6047,2017-08-09
139742,Aditya Birla Sun Life Fixed Term Plan - Series NT (1099 days) - Direct Plan-Growth,INF209KB1341,,10.8443,10.8443,10.8443,2017-08-09
139746,Aditya Birla Sun Life Fixed Term Plan - Series NT (1099 days) - Direct Plan-Normal Dividend,INF209KB1358,,10.8443,10.8443,10.8443,2017-08-09
139743,Aditya Birla Sun Life Fixed Term Plan - Series NT (1099 days) - Direct Plan-Quarterly Dividend,INF209KB1366,,10.6125,10.6125,10.6125,2017-08-09
139741,Aditya Birla Sun Life Fixed Term Plan - Series NT (1099 days) - Regular Plan-Growth,INF209KB1317,,10.7987,10.7987,10.7987,2017-08-09
139744,Aditya Birla Sun Life Fixed Term Plan - Series NT (1099 days) - Regular Plan-Normal Dividend,INF209KB1325,,10.7987,10.7987,10.7987,2017-08-09
139745,Aditya Birla Sun Life Fixed Term Plan - Series NT (1099 days) - Regular Plan-Quarterly Dividend,INF209KB1333,,10.5848,10.5848,10.5848,2017-08-09
140692,Aditya Birla Sun Life Fixed Term Plan-Series OD (1145 days)-Direct Plan-Growth,INF209KB1CW0,,10.3950,10.3950,10.3950,2017-08-09
140690,Aditya Birla Sun Life Fixed Term Plan-Series OD (1145 days)-Direct Plan-Normal Dividend,INF209KB1CX8,,10.3951,10.3951,10.3951,2017-08-09
140687,Aditya Birla Sun Life Fixed Term Plan-Series OD (1145 days)-Regular Plan-Growth,INF209KB1CT6,,10.3812,10.3812,10.3812,2017-08-09
140688,Aditya Birla Sun Life Fixed Term Plan-Series OD (1145 days)-Regular Plan-Normal Dividend,INF209KB1CU4,,10.3812,10.3812,10.3812,2017-08-09
140788,Aditya Birla Sun Life Fixed Term Plan - Series OE (1153 days) - Direct Plan-Growth,INF209KB1DC0,,10.3907,10.3907,10.3907,2017-08-09
140785,Aditya Birla Sun Life Fixed Term Plan - Series OE (1153 days) - Regular Plan-Growth,INF209KB1CZ3,,10.3773,10.3773,10.3773,2017-08-09
140793,Aditya Birla SUn Life Fixed Term Plan - Series OF (1151 days) - Direct Plan-Growth,INF209KB1DI7,,10.4678,10.4678,10.4678,2017-08-09
140794,Aditya Birla Sun Life Fixed Term Plan - Series OF (1151 days) - Direct Plan-Normal Dividend,INF209KB1DJ5,,10.4678,10.4678,10.4678,2017-08-09
140795,Aditya Birla Sun Life Fixed Term Plan - Series OF (1151 days) - Direct Plan-Quarterly Dividend,INF209KB1DK3,,10.4254,10.4254,10.4254,2017-08-09
140791,Aditya Birla Sun Life Fixed Term Plan - Series OF (1151 days) - Regular Plan-Growrth,INF209KB1DF3,,10.4223,10.4223,10.4223,2017-08-09
140792,Aditya Birla Sun Life Fixed Term Plan - Series OF (1151 days) - Regular Plan-Normal Dividend,INF209KB1DG1,,10.4223,10.4223,10.4223,2017-08-09
140796,Aditya Birla Sun Life Fixed Term Plan - Series OF (1151 days) - Regular Plan-Quarterly Dividend,INF209KB1DH9,,10.4223,10.4223,10.4223,2017-08-09
140879,Aditya Birla Sun Life Fixed Term Plan - Series OG (1146 days) - Direct Plan-Growth,INF209KB1DS6,,10.3824,10.3824,10.3824,2017-08-09
140877,Aditya Birla Sun Life Fixed Term Plan - Series OG (1146 days) - Direct Plan-Normal Dividend,INF209KB1DT4,,10.3824,10.3824,10.3824,2017-08-09
140875,Aditya Birla Sun Life Fixed Term Plan - Series OG (1146 days) - Regular Plan-Growth,INF209KB1DP2,,10.3696,10.3696,10.3696,2017-08-09
140876,Aditya Birla Sun Life Fixed Term Plan - Series OG (1146 days) - Regular Plan-Normal Dividend,INF209KB1DQ0,,10.3697,10.3697,10.3697,2017-08-09
140878,Aditya Birla Sun Life Fixed Term Plan - Series OG (1146 days) - Regular Plan-Quarterly Dividend,INF209KB1DR8,,10.3696,10.3696,10.3696,2017-08-09
140890,Aditya Birla Sun Life Fixed Term Plan -  Series OH (1120 days) - Direct Plan-Normal Dividend,INF209KB1EF1,,10.4289,10.4289,10.4289,2017-08-09
140887,Aditya Birla Sun Life Fixed Term Plan - Series OH (1120 days) - Direct Plan-Growth,INF209KB1EE4,,10.4289,10.4289,10.4289,2017-08-09
140888,Aditya Birla Sun Life Fixed Term Plan - Series OH (1120 days) - Direct Plan-Quarterly Dividend,INF209KB1EG9,,10.4289,10.4289,10.4289,2017-08-09
140885,Aditya Birla Sun Life Fixed Term Plan - Series OH (1120 days) - Regular Plan-Growth,INF209KB1EB0,,10.4167,10.4167,10.4167,2017-08-09
140889,Aditya Birla Sun Life Fixed Term Plan - Series OH (1120 days) - Regular Plan-Normal Dividend,INF209KB1EC8,,10.4167,10.4167,10.4167,2017-08-09
140886,Aditya Birla Sun Life Fixed Term Plan - Series OH (1120 days) - Regular Plan-Quarterly Dividend,INF209KB1ED6,,10.4167,10.4167,10.4167,2017-08-09
140922,Aditya Birla Sun Life Fixed Term Plan - Series OI (1120 days) - Direct Plan-Growth,INF209KB1EK1,,10.4048,10.4048,10.4048,2017-08-09
140923,Aditya Birla Sun Life Fixed Term Plan - Series OI (1120 days) - Direct Plan-Normal Dividend,INF209KB1EL9,,10.4048,10.4048,10.4048,2017-08-09
140918,Aditya Birla Sun Life Fixed Term Plan - Series OI (1120 days) - Regular Plan-Growth,INF209KB1EH7,,10.3932,10.3932,10.3932,2017-08-09
140919,Aditya Birla Sun Life Fixed Term Plan - Series OI (1120 days) - Regular Plan-Normal Dividend,INF209KB1EI5,,10.3932,10.3932,10.3932,2017-08-09
140920,Aditya Birla Sun Life Fixed Term Plan - Series OI (1120 days) - Regular Plan-Quarterly Dividend,INF209KB1EJ3,,10.3933,10.3933,10.3933,2017-08-09
140984,Aditya Birla Sun Life Fixed Term Plan - Series OJ (1136 days) - Direct Plan-Growth,INF209KB1FU7,,10.3935,10.3935,10.3935,2017-08-09
140986,Aditya Birla Sun Life Fixed Term Plan - Series OJ (1136 days) - Direct Plan-Normal Dividend,INF209KB1FV5,,10.3935,10.3935,10.3935,2017-08-09
140985,Aditya Birla Sun Life Fixed Term Plan - Series OJ (1136 days) - Direct Plan-Quarterly Dividend,INF209KB1FW3,,10.3936,10.3936,10.3936,2017-08-09
140982,Aditya Birla Sun Life Fixed Term Plan - Series OJ (1136 days) - Regular Plan-Growth,INF209KB1FR3,,10.3547,10.3547,10.3547,2017-08-09
140983,Aditya Birla Sun Life Fixed Term Plan - Series OJ (1136 days) - Regular Plan-Normal Dividend,INF209KB1FS1,,10.3547,10.3547,10.3547,2017-08-09
140987,Aditya Birla Sun Life Fixed Term Plan - Series OJ (1136 days) - Regular Plan-Quarterly Dividend,INF209KB1FT9,,10.3547,10.3547,10.3547,2017-08-09
140998,Aditya Birla Sun Life Fixed Term Plan - Series OK (1135 days) - Direct Plan-Growth,INF209KB1GA7,,10.3718,10.3718,10.3718,2017-08-09
141002,Aditya Birla Sun Life Fixed Term Plan - Series OK (1135 days) - Direct Plan-Normal Dividend,INF209KB1GB5,,10.3718,10.3718,10.3718,2017-08-09
140999,Aditya Birla Sun Life Fixed Term Plan - Series OK (1135 days) - Direct Plan-Quarterly Dividend,INF209KB1GC3,,10.3718,10.3718,10.3718,2017-08-09
141000,Aditya Birla Sun Life Fixed Term Plan - Series OK (1135 days) - Regular Plan-Growth,INF209KB1FX1,,10.3507,10.3507,10.3507,2017-08-09
141001,Aditya Birla Sun Life Fixed Term Plan - Series OK (1135 days) - Regular Plan-Normal Dividend,INF209KB1FY9,,10.3507,10.3507,10.3507,2017-08-09
141003,Aditya Birla Sun Life Fixed Term Plan - Series OK (1135 days) - Regular Plan-Quarterly Dividend,INF209KB1FZ6,,10.3508,10.3508,10.3508,2017-08-09
141123,Aditya Birla Sun Life Fixed Term Plan - Series OL (1148 days) - Direct Plan-Growth,INF209KB1GG4,,10.3514,10.3514,10.3514,2017-08-09
141121,Aditya Birla Sun Life Fixed Term Plan - Series OL (1148 days) - Regular Plan-Growth,INF209KB1GD1,,10.3336,10.3336,10.3336,2017-08-09
141135,Aditya Birla Sun Life Fixed Term Plan - Series OM (1146 days) -  Direct Plan-Growth,INF209KB1GM2,,10.3237,10.3237,10.3237,2017-08-09
141138,Aditya Birla Sun Life Fixed Term Plan - Series OM (1146 days) - Direct Plan-Normal Dividend,INF209KB1GN0,,10.3237,10.3237,10.3237,2017-08-09
141136,Aditya Birla Sun Life Fixed Term Plan - Series OM (1146 days) - Direct Plan-Quarterly Dividend,INF209KB1GO8,,10.3237,10.3237,10.3237,2017-08-09
141137,Aditya Birla Sun Life Fixed Term Plan - Series OM (1146 days) - Regular Plan - Quarterly Dividend,INF209KB1GL4,,10.3145,10.3145,10.3145,2017-08-09
141133,Aditya Birla Sun Life Fixed Term Plan - Series OM (1146 days) - Regular Plan-Growth,INF209KB1GJ8,,10.3145,10.3145,10.3145,2017-08-09
141134,Aditya Birla Sun Life Fixed Term Plan - Series OM (1146 days) - Regular Plan-Normal Dividend,INF209KB1GK6,,10.3145,10.3145,10.3145,2017-08-09
141725,Aditya Birla Sun Life Fixed Term Plan - Series OT (1117 days)  - Direct Plan-Quarterly Dividend,INF209KB1IQ9,,10.0311,10.0311,10.0311,2017-08-09
141724,Aditya Birla Sun Life Fixed Term Plan - Series OT (1117 days) - Direct Plan-Growth,INF209KB1IO4,,10.0311,10.0311,10.0311,2017-08-09
141722,Aditya Birla Sun Life Fixed Term Plan - Series OT (1117 days) - Direct Plan-Normal Dividend,INF209KB1IP1,,10.0311,10.0311,10.0311,2017-08-09
141720,Aditya Birla Sun Life Fixed Term Plan - Series OT (1117 days) - Regular Plan-Growth,INF209KB1IL0,,10.0304,10.0304,10.0304,2017-08-09
141721,Aditya Birla Sun Life Fixed Term Plan - Series OT (1117 days) - Regular Plan-Normal Dividend,INF209KB1IM8,,10.0304,10.0304,10.0304,2017-08-09
141723,Aditya Birla Sun Life Fixed Term Plan - Series OT (1117 days) - Regular Plan-Quarterly Dividend,INF209KB1IN6,,10.0304,10.0304,10.0304,2017-08-09
123115,Aditya Birla Sun Life Interval Income Fund - Annual Plan IX-Direct Plan-Growth,INF209K01U26,,13.8532,13.8532,13.8532,2017-08-09
123114,Aditya Birla Sun Life Interval Income Fund - Annual Plan IX-Direct Plan-Normal Dividend,INF209K01U34,,10.7139,10.7139,10.7139,2017-08-09
123116,Aditya Birla Sun Life Interval Income Fund - Annual Plan IX-Regular Plan-Growth,INF209K01U59,,13.8228,13.8228,13.8228,2017-08-09
123117,Aditya Birla Sun Life Interval Income Fund - Annual Plan IX-Regular Plan-Normal Dividend,INF209K01U67,,10.7099,10.7099,10.7099,2017-08-09
123119,Aditya Birla Sun Life Interval Income Fund - Annual Plan IX-Regular Plan-Quarterly Dividend,INF209K01U75,,10.4949,10.4949,10.4949,2017-08-09
121816,Aditya Birla Sun Life Interval Income Fund - Annual Plan V - Direct Plan-Growth,INF209K01J62,,14.1727,14.1727,14.1727,2017-08-09
121815,Aditya Birla Sun Life Interval Income Fund - Annual Plan V - Direct Plan-Normal Dividend,INF209K01J70,,10.2291,10.2291,10.2291,2017-08-09
121820,Aditya Birla Sun Life Interval Income Fund - Annual Plan V - Regular Plan-Growth,INF209K01J96,,14.1665,14.1665,14.1665,2017-08-09
123609,Aditya Birla Sun Life Interval Income Fund - Annual Plan X-Direct Plan-Growth,INF209K01X49,,13.8998,13.8998,13.8998,2017-08-09
123611,Aditya Birla Sun Life Interval Income Fund - Annual Plan X-Regular Plan-Growth,INF209K01X72,,13.8784,13.8784,13.8784,2017-08-09
123610,Aditya Birla Sun Life Interval Income Fund - Annual Plan X-Regular Plan-Normal Dividend,INF209K01X80,,10.6801,10.6801,10.6801,2017-08-09
123612,Aditya Birla Sun Life Interval Income Fund - Annual Plan X-Regular Plan-Quarterly Dividend,INF209K01X98,,10.4744,10.4744,10.4744,2017-08-09
106411,Aditya Birla Sun Life Interval Income Fund - Quarterly Series 1 - Dividend - Regular Plan,INF209K01HO3,INF209K01HP0,10.1241,10.1241,10.1241,2017-08-09
106412,Aditya Birla Sun Life Interval Income Fund - Quarterly Series 1 - Growth - Regular Plan,INF209K01HN5,,21.5769,21.5769,21.5769,2017-08-09
119535,Aditya Birla Sun Life Interval Income Fund - Quarterly Series I - Growth - Direct Plan,INF209K01YQ3,,21.5986,21.5986,21.5986,2017-08-09
106413,Aditya Birla Sun Life Interval Income Fund - Quarterly Series I- Institutional Dividend,INF209K01HR6,INF209K01HS4,10.1241,10.1241,10.1241,2017-08-09
120708,Aditya Birla Sun Life Quarterly Interval Fund -  Series 4 - Growth - Direct Plan,INF209K01YS9,,20.8912,20.8912,20.8912,2017-08-09
107308,Aditya Birla Sun Life Quarterly Interval Fund - Series 4 DIVIDEND,INF209K01HL9,INF209K01HM7,10.0672,10.0672,10.0672,2017-08-09
107307,Aditya Birla Sun Life Quarterly Interval Fund - Series 4 GROWTH,INF209K01HK1,,20.8913,20.8913,20.8913,2017-08-09
117980,Axis Capital Protection Oriented Fund - Series 5 - Dividend option,INF846K01XO9,,14.8142,14.8142,14.8142,2017-08-09
117979,Axis Capital Protection Oriented Fund - Series 5 - Growth Option,INF846K01XN1,,14.8143,14.8143,14.8143,2017-08-09
126759,Axis Fixed Term Plan - Series 49 - Direct Plan - Growth,INF846K01TY6,,13.4172,13.4172,13.4172,2017-08-09
126757,Axis Fixed Term Plan - Series 49 - Regular Plan - Dividend,INF846K01TT6,,13.2475,13.2475,13.2475,2017-08-09
126756,Axis Fixed Term Plan - Series 49 - Regular Plan - Growth,INF846K01TV2,,13.2550,13.2550,13.2550,2017-08-09
127276,Axis Fixed Term Plan - Series 52 - Direct Plan - Growth,INF846K01UE6,,13.4303,13.4303,13.4303,2017-08-09
127272,Axis Fixed Term Plan - Series 52 - Regular Plan - Growth,INF846K01UB2,,13.2788,13.2788,13.2788,2017-08-09
127274,Axis Fixed Term Plan - Series 52 - Regular Plan - Quarterly Dividend,INF846K01UA4,,10.2511,10.2511,10.2511,2017-08-09
129383,Axis Fixed Term Plan - Series 64 - Direct plan - Growth,INF846K01XM3,,13.3223,13.3223,13.3223,2017-08-09
129386,Axis Fixed Term Plan - Series 64 - Regular plan -  Dividend,INF846K01XH3,,13.0950,13.0950,13.0950,2017-08-09
129381,Axis Fixed Term Plan - Series 64 - Regular Plan - Growth,INF846K01XJ9,,13.0951,13.0951,13.0951,2017-08-09
130047,Axis Fixed Term Plan - Series 67 (1218 days) - Direct Plan - Growth,INF846K01OT7,,13.3297,13.3297,13.3297,2017-08-09
130045,Axis Fixed Term Plan - Series 67 (1218 days) - Regular Plan - Dividend,INF846K01OX9,,13.0165,13.0165,13.0165,2017-08-09
130044,Axis Fixed Term Plan - Series 67 (1218 days) - Regular plan - Growth,INF846K01OW1,,13.0164,13.0164,13.0164,2017-08-09
134301,Axis Fixed Term Plan - Series 74 (1105 days) - Direct Plan - Dividend,INF846K01RY0,,12.2316,12.2316,12.2316,2017-08-09
134302,Axis Fixed Term Plan - Series 74 (1105 days) - Direct Plan - Growth,INF846K01RX2,,12.2185,12.2185,12.2185,2017-08-09
134300,Axis Fixed Term Plan - Series 74 (1105 days) - Regular Plan - Dividend,INF846K01SB6,,12.1769,12.1769,12.1769,2017-08-09
134299,Axis Fixed Term Plan - Series 74 (1105 days) - Regular Plan - Growth,INF846K01SA8,,12.1769,12.1769,12.1769,2017-08-09
134303,Axis Fixed Term Plan - Series 74 (1105 days) - Regular Plan - Half yearly dividend,INF846K01SC4,,11.3707,11.3707,11.3707,2017-08-09
133430,Axis Hybrid Fund - Series 18 - Direct Plan - Direct Plan - Dividend,INF846K01QY2,,11.4676,11.4676,11.4676,2017-08-09
133429,Axis Hybrid Fund - Series 18 - Direct Plan - Growth,INF846K01QX4,,11.4676,11.4676,11.4676,2017-08-09
133428,Axis Hybrid Fund - Series 18 - Regular Plan - Dividend,INF846K01RA0,,11.1781,11.1781,11.1781,2017-08-09
133427,Axis Hybrid Fund - Series 18 - Regular Plan - Growth,INF846K01QZ9,,11.1782,11.1782,11.1782,2017-08-09
129390,Axis Hybrid Fund - Series 11 - Direct Plan - Dividend,INF846K01OA7,,12.8213,12.8213,12.8213,2017-08-09
129389,Axis Hybrid Fund - Series 11 - Direct Plan - Growth,INF846K01NZ6,,12.8212,12.8212,12.8212,2017-08-09
129388,Axis Hybrid Fund - Series 11 - Regular Plan - Dividend,INF846K01OC3,,12.3974,12.3974,12.3974,2017-08-09
129387,Axis Hybrid Fund - Series 11 - Regular plan - Growth,INF846K01OB5,,12.3964,12.3964,12.3964,2017-08-09
129756,Axis Hybrid Fund - Series 12 - Direct Plan - Dividend,INF846K01OE9,,12.7497,12.7497,12.7497,2017-08-09
129755,Axis Hybrid Fund - Series 12 - Direct Plan - Growth,INF846K01OD1,,12.7495,12.7495,12.7495,2017-08-09
129754,Axis Hybrid Fund - Series 12 - Regular Plan - Dividend,INF846K01OG4,,12.3317,12.3317,12.3317,2017-08-09
129753,Axis Hybrid Fund - Series 12 - Regular Plan - Growth,INF846K01OF6,,12.3318,12.3318,12.3318,2017-08-09
130060,Axis Hybrid Fund - Series 13 - Direct Plan - Dividend,INF846K01PA4,,12.6739,12.6739,12.6739,2017-08-09
130059,Axis Hybrid Fund - Series 13 - Direct Plan - Growth,INF846K01OZ4,,12.6739,12.6739,12.6739,2017-08-09
130058,Axis Hybrid Fund - Series 13 - Regular Plan - Dividend,INF846K01PC0,,12.2706,12.2706,12.2706,2017-08-09
130057,Axis Hybrid Fund - Series 13 - Regular Plan - Growth,INF846K01PB2,,12.2707,12.2707,12.2707,2017-08-09
130887,Axis Hybrid Fund - Series 14 - Direct Plan - Dividend,INF846K01QG9,,12.4978,12.4978,12.4978,2017-08-09
130886,Axis Hybrid Fund - Series 14 - Direct Plan - Growth,INF846K01QF1,,12.3617,12.3617,12.3617,2017-08-09
130889,Axis Hybrid Fund - Series 14 - Regular Plan - Dividend,INF846K01QI5,,11.9034,11.9034,11.9034,2017-08-09
130888,Axis Hybrid Fund - Series 14 - Regular Plan - Growth,INF846K01QH7,,11.9033,11.9033,11.9033,2017-08-09
131084,Axis Hybrid Fund - Series 15 - Direct Plan - Dividend,INF846K01QK1,,12.1686,12.1686,12.1686,2017-08-09
131083,Axis Hybrid Fund - Series 15 - Direct Plan - Growth,INF846K01QJ3,,12.1686,12.1686,12.1686,2017-08-09
131082,Axis Hybrid Fund - Series 15 - Regular Plan - Dividend,INF846K01QM7,,11.7967,11.7967,11.7967,2017-08-09
131085,Axis Hybrid Fund - Series 15 - Regular Plan - Growth,INF846K01QL9,,11.7967,11.7967,11.7967,2017-08-09
133564,Axis Hybrid Fund - Series 19 - Direct plan - Dividend,INF846K01RC6,,11.2789,11.2789,11.2789,2017-08-09
133562,Axis Hybrid Fund - Series 19 - Regular Plan - Dividend,INF846K01RE2,,11.0007,11.0007,11.0007,2017-08-09
133561,Axis Hybrid Fund - Series 19 - Regular plan - Growth,INF846K01RD4,,10.9989,10.9989,10.9989,2017-08-09
133563,Axis Hybrid Fund - Series 19 -Direct Plan - Growth,INF846K01RB8,,11.2824,11.2824,11.2824,2017-08-09
134534,Axis Hybrid Fund - Series 22 - Direct Plan - Dividend,INF846K01UG1,,11.3389,11.3389,11.3389,2017-08-09
134535,Axis Hybrid Fund - Series 22 - Direct Plan - Growth,INF846K01UF3,,11.3389,11.3389,11.3389,2017-08-09
134533,Axis Hybrid Fund - Series 22 - Regular Plan - Dividend,INF846K01UI7,,11.0327,11.0327,11.0327,2017-08-09
134532,Axis Hybrid Fund - Series 22 - Regular Plan - Growth,INF846K01UH9,,11.0326,11.0326,11.0326,2017-08-09
134622,Axis Hybrid Fund - Series 23 - Direct Plan - Dividend,INF846K01UW8,,11.3945,11.3945,11.3945,2017-08-09
134621,Axis Hybrid Fund - Series 23 - Direct Plan - Growth,INF846K01UV0,,11.3945,11.3945,11.3945,2017-08-09
134619,Axis Hybrid Fund - Series 23 - Regular Plan - Growth,INF846K01UX6,,11.0924,11.0924,11.0924,2017-08-09
134620,Axis Hybrid Funs - Series 23 - Regular Plan - Dividend,INF846K01UY4,,11.0924,11.0924,11.0924,2017-08-09
134743,Axis Hybrid Fund - Series 24 - Direct Plan - Dividend,INF846K01VF1,,11.5470,11.5470,11.5470,2017-08-09
134741,Axis Hybrid Fund - Series 24 - Direct Plan - Growth,INF846K01VG9,,11.5437,11.5437,11.5437,2017-08-09
134740,Axis Hybrid Fund - Series 24 - Regular Plan - Dividend,INF846K01VH7,,11.2441,11.2441,11.2441,2017-08-09
134742,Axis Hybrid Fund - Series 24 - Regular Plan - Growth,INF846K01VI5,,11.2441,11.2441,11.2441,2017-08-09
135235,Axis Hybrid Fund - Series 25 - Direct Plan - Dividend,INF846K01VU0,,11.5797,11.5797,11.5797,2017-08-09
135233,Axis Hybrid Fund - Series 25 - Direct Plan - Growth,INF846K01VT2,,11.5797,11.5797,11.5797,2017-08-09
135234,Axis Hybrid Fund - Series 25 - Regular Plan - Dividend,INF846K01VW6,,11.3027,11.3027,11.3027,2017-08-09
135232,Axis Hybrid Fund - Series 25 - Regular Plan - Growth,INF846K01VV8,,11.3027,11.3027,11.3027,2017-08-09
135284,Axis Hybrid Fund - Series 26 - Direct Plan - Dividend,INF846K01VY2,,11.6883,11.6883,11.6883,2017-08-09
135282,Axis Hybrid Fund - Series 26 - Direct Plan - Growth,INF846K01VX4,,11.6884,11.6884,11.6884,2017-08-09
135283,Axis Hybrid Fund - Series 26 - Regular Plan - Dividend,INF846K01WA0,,11.4143,11.4143,11.4143,2017-08-09
135285,Axis Hybrid Fund - Series 26 - Regular Plan - Growth,INF846K01VZ9,,11.4143,11.4143,11.4143,2017-08-09
135529,Axis Hybrid Fund - Series 27 - Direct Plan - Dividend,INF846K01WC6,,11.5475,11.5475,11.5475,2017-08-09
135528,Axis Hybrid Fund - Series 27 - Direct Plan - Growth,INF846K01WB8,,11.5473,11.5473,11.5473,2017-08-09
135526,Axis Hybrid Fund - Series 27 - Regular Plan - Dividend,INF846K01WE2,,11.2931,11.2931,11.2931,2017-08-09
135527,Axis Hybrid Fund - Series 27 - Regular Plan - Growth,INF846K01WD4,,11.2931,11.2931,11.2931,2017-08-09
135619,Axis Hybrid Fund - Series 28 - Direct Plan - Dividend,INF846K01WG7,,11.8311,11.8311,11.8311,2017-08-09
135618,Axis Hybrid Fund - Series 28 - Direct Plan - Growth,INF846K01WF9,,11.8306,11.8306,11.8306,2017-08-09
135621,Axis Hybrid Fund - Series 28 - Regular Plan - Dividend,INF846K01WI3,,11.5777,11.5777,11.5777,2017-08-09
135620,Axis Hybrid Fund - Series 28 - Regular Plan - Growth,INF846K01WH5,,11.5777,11.5777,11.5777,2017-08-09
136033,Axis Hybrid Fund Series - 29 (1275 Days) Direct Growth,INF846K01WT0,,12.2616,12.2616,12.2616,2017-08-09
136035,Axis Hybrid Fund Series - 29 (1275 Days) Dividend,INF846K01WW4,,12.0260,12.0260,12.0260,2017-08-09
136032,Axis Hybrid Fund Series - 29 (1275 Days) Growth,INF846K01WV6,,12.0260,12.0260,12.0260,2017-08-09
136131,Axis Hybrid Fund Series-30 (1297 Days) Direct Growth,INF846K01WX2,,12.7194,12.7194,12.7194,2017-08-09
136132,Axis Hybrid Fund Series-30 (1297 Days) Dividend,INF846K01XA8,,12.4787,12.4787,12.4787,2017-08-09
136130,Axis Hybrid Fund Series-30 (1297 Days) Growth,INF846K01WZ7,,12.4787,12.4787,12.4787,2017-08-09
139522,Axis Hybrid Fund Series - 31 (1381) Direct Dividend,INF846K01XU6,,11.1164,11.1164,11.1164,2017-08-09
139524,Axis Hybrid Fund Series - 31 (1381) Direct Growth,INF846K01XT8,,11.1164,11.1164,11.1164,2017-08-09
139523,Axis Hybrid Fund Series - 31 (1381) Dividend,INF846K01XW2,,10.9217,10.9217,10.9217,2017-08-09
139525,Axis Hybrid Fund Series - 31 (1381) Growth,INF846K01XV4,,10.9217,10.9217,10.9217,2017-08-09
139612,Axis Hybrid Fund Series - 32 (1367 Days) Direct Dividend,INF846K01XY8,,10.9886,10.9886,10.9886,2017-08-09
139613,Axis Hybrid Fund Series - 32 (1367 Days) Direct Growth,INF846K01XX0,,10.9886,10.9886,10.9886,2017-08-09
139614,Axis Hybrid Fund Series - 32 (1367 Days) Dividend,INF846K01YA6,,10.8413,10.8413,10.8413,2017-08-09
139615,Axis Hybrid Fund Series - 32 (1367 Days) Growth,INF846K01XZ5,,10.8413,10.8413,10.8413,2017-08-09
139778,Axis Hybrid Fund Series - 33 (1358 Days) - Direct Divided,INF846K01YC2,,10.8358,10.8358,10.8358,2017-08-09
139775,Axis Hybrid fund Series - 33 (1358 Days) - Direct Growth,INF846K01YB4,,10.8358,10.8358,10.8358,2017-08-09
139776,Axis Hybrid Fund Series - 33 (1358 Days) - Dividend,INF846K01YE8,,10.6698,10.6698,10.6698,2017-08-09
139777,Axis Hybrid Fund Series - 33 (1358 Days) - Growth,INF846K01YD0,,10.6697,10.6697,10.6697,2017-08-09
140112,Axis Hybrid Fund - Series 35 (1359 Days) - Direct Plan - Growth Option,INF846K01YF5,,11.2708,11.2708,11.2708,2017-08-09
140115,Axis Hybrid Fund - Series 35 (1359 Days) - Regular Plan - Dividend Option,INF846K01YI9,,11.1436,11.1436,11.1436,2017-08-09
140114,Axis Hybrid Fund - Series 35 (1359 Days)- Regular Plan Growth Option,INF846K01YH1,,11.1436,11.1436,11.1436,2017-08-09
122951,Axis Hybrid Fund - Series 5 (1346 Days) - Direct Plan - Growth,INF846K01YW0,,13.1457,13.1457,13.1457,2017-08-09
122953,Axis Hybrid Fund - Series 5 (1346 Days) - Regular Plan - Dividend,INF846K01YT6,,12.6461,12.6461,12.6461,2017-08-09
122950,Axis Hybrid Fund - Series 5 (1346 Days) - Regular Plan - Growth,INF846K01YU4,,12.6482,12.6482,12.6482,2017-08-09
123065,Axis Hybrid Fund Series 6 (1324 Days) - Direct - Growth,INF846K01ZE5,,13.5190,13.5190,13.5190,2017-08-09
123064,Axis Hybrid Fund Series 6 (1324 Days) - Regular - Dividend,INF846K01ZB1,,13.0144,13.0144,13.0144,2017-08-09
123063,Axis Hybrid Fund Series 6 (1324 Days) - Regular - Growth,INF846K01ZC9,,13.0101,13.0101,13.0101,2017-08-09
123978,Axis Hybrid Fund - Series 7 (1305 Days) - Regular Plan - Growth,INF846K01ZG0,,13.0196,13.0196,13.0196,2017-08-09
126958,Axis Hybrid Fund Series 9 (1282 days) -  Direct Plan - Dividend,INF846K01JK6,,13.4210,13.4210,13.4210,2017-08-09
126956,Axis Hybrid Fund Series 9 (1282 days) -  Direct Plan - Growth,INF846K01JJ8,,13.4210,13.4210,13.4210,2017-08-09
126955,Axis Hybrid Fund Series 9 (1282 days) - Regular Plan - Dividend,INF846K01JI0,,12.9750,12.9750,12.9750,2017-08-09
126957,Axis Hybrid Fund Series 9 (1282 days) - Regular Plan - Growth,INF846K01JH2,,12.9750,12.9750,12.9750,2017-08-09
134121,Baroda Pioneer Hybrid Fund - Series 1 - Plan A - Dividend Pay-out option,INF955L01GG7,,10.8782,10.8782,10.8782,2017-08-09
134122,Baroda Pioneer Hybrid Fund - Series 1- Plan A - Growth Option,INF955L01GF9,,10.8782,10.8782,10.8782,2017-08-09
134123,Baroda Pioneer Hybrid Fund - Series 1- Plan B (Direct) - Growth Option,INF955L01GH5,,11.3257,11.3257,11.3257,2017-08-09
134120,Baroda Pioneer Hybrid Fund- Series 1- Plan B (Direct) - Dividend Pay-out Option,INF955L01GI3,,11.3257,11.3257,11.3257,2017-08-09
134946,BOI AXA Capital Protection Oriented Fund Series 4 Direct Growth,INF761K01DI4,,10.9116,10.9116,10.9116,2017-08-09
134947,BOI AXA Capital Protection Oriented Fund Series 4 Regular Growth,INF761K01DJ2,,10.8475,10.8475,10.8475,2017-08-09
135524,BOI AXA Capital Protection Oriented  Fund Series 5 Regular Plan Growth,INF761K01DL8,,11.1939,11.1939,11.1939,2017-08-09
135525,BOI AXA Capital Protection Oriented Fund Series 5 Direct Plan Growth,INF761K01DK0,,11.2514,11.2514,11.2514,2017-08-09
133060,BOI AXA Capital Protection Oriented Fund Series 2  Regular Plan Growth,INF761K01DB9,,11.3629,11.3629,11.3629,2017-08-09
133061,BOI AXA Capital Protection Oriented Fund Series 2 Direct Plan Dividend,INF761K01CY3,,11.5443,11.5443,11.5443,2017-08-09
133063,BOI AXA Capital Protection Oriented Fund Series 2 Direct Plan Growth,INF761K01CZ0,,11.5443,11.5443,11.5443,2017-08-09
133062,BOI AXA Capital Protection Oriented Fund Series 2 Regular Plan Dividend,INF761K01DA1,,11.3629,11.3629,11.3629,2017-08-09
133496,BOI AXA Capital Protection Oriented Fund Series 3 Direct Plan Dividend,INF761K01DC7,,11.0032,11.0032,11.0032,2017-08-09
133495,BOI AXA Capital Protection Oriented Fund Series 3 Direct Plan Growth,INF761K01DD5,,11.0013,11.0013,11.0013,2017-08-09
133494,BOI AXA Capital Protection Oriented Fund Series 3 Regular Plan Dividend,INF761K01DE3,,10.8435,10.8435,10.8435,2017-08-09
133493,BOI AXA Capital Protection Oriented Fund Series 3 Regular Plan Growth,INF761K01DF0,,10.8435,10.8435,10.8435,2017-08-09
133879,Canara Robeco Capital Protection Oriented Fund - Series 4 - Direct Plan - Growth Option,INF760K01HM9,,11.8816,11.8816,11.8816,2017-08-09
133881,Canara Robeco Capital Protection Oriented Fund - Series 4 - Regular Plan - Dividend Payout Option,INF760K01HP2,,11.7615,11.7615,11.7615,2017-08-09
133880,Canara Robeco Capital Protection Oriented Fund - Series 4 - Regular Plan - Growth Option,INF760K01HO5,,11.7615,11.7615,11.7615,2017-08-09
134157,Canara Robeco Capital Protection Oriented Fund - Series 5 - Direct Plan - Dividend Option,INF760K01HV0,,11.2691,11.2691,11.2691,2017-08-09
134156,Canara Robeco Capital protection Oriented Fund - Series 5 - Direct Plan - Growth Option,INF760K01HU2,,11.2691,11.2691,11.2691,2017-08-09
134159,Canara Robeco Capital protection Oriented Fund - Series 5 - Regular Plan - Growth Option,INF760K01HW8,,11.2369,11.2369,11.2369,2017-08-09
134158,Canara Robeco Capital protection Oriented Fund - Serries 5 - Regular Plan - Dividend option,INF760K01HX6,,11.2369,11.2369,11.2369,2017-08-09
135676,Canara Robeco Capital protection Oriented Fund - Series 6 - Regular Plan - Dividend Payout Option,INF760K01IB0,,11.5573,11.5573,11.5573,2017-08-09
135673,Canara Robeco capital protection Oriented Fund series 6  - Direct Plan - Growth Option,INF760K01HY4,,11.6918,11.6918,11.6918,2017-08-09
135674,Canara Robeco Capital Protection Oriented Fund Series 6 - Direct Plan - Dividend Payout Option,INF760K01HZ1,,11.6918,11.6918,11.6918,2017-08-09
135675,Canara Robeco Capital Protection Oriented Fund Series 6 - Regular Plan - Growth Option,INF760K01IA2,,11.5573,11.5573,11.5573,2017-08-09
139715,canara Robeco Capital protection Oriented Fund - Series  7 - Direct Plan - Dividend payout Option,INF760K01IE4,,10.8089,10.8089,10.8089,2017-08-09
139714,canara Robeco Capital protection Oriented Fund - Series  7 - Direct Plan - Growth option,INF760K01ID6,,10.8089,10.8089,10.8089,2017-08-09
139713,canara Robeco Capital protection Oriented Fund - Series  7 - Regular Plan - Dividend payout Option,INF760K01IG9,,10.7091,10.7091,10.7091,2017-08-09
139716,canara Robeco Capital protection Oriented Fund - Series  7 - Regular Plan - Growth Option,INF760K01IF1,,10.7091,10.7091,10.7091,2017-08-09
131012,CANARA ROBECO CAPITAL PROTECTION ORIENDED FUND- SERIES 3 -DIRECT PLAN- DIVIDEND PAYOUT OPTION,INF760K01HF3,,12.5806,12.5806,12.5806,2017-08-09
131010,CANARA ROBECO CAPITAL PROTECTION ORIENTED FUND - SERIES 3-GROWTH PLAN,INF760K01HG1,,12.4136,12.4136,12.4136,2017-08-09
131011,CANARA ROBECO CAPITAL PROTECTION ORIENTED FUND-SERIES 3- DIvidend PLAN,INF760K01HH9,,12.4136,12.4136,12.4136,2017-08-09
131013,CANARA ROBECO CAPITAL PROTECTION ORIENTED FUND-SERIES 3-DIRECT PLAN-GROWTH OPTION,INF760K01HE6,,12.5806,12.5806,12.5806,2017-08-09
141303,Canara Robeco Capital Protection Oriented Fund - Series 8 - Direct Plan - Dividend Payout Option,INF760K01IN5,,10.2335,10.2335,10.2335,2017-08-09
141304,Canara Robeco Capital Protection Oriented Fund - Series 8 - Direct Plan - Growth Option,INF760K01IM7,,10.2335,10.2335,10.2335,2017-08-09
141305,Canara Robeco Capital Protection Oriented Fund - Series 8 -Regular Plan - Dividend Payout Option,INF760K01IP0,,10.2128,10.2128,10.2128,2017-08-09
141306,Canara Robeco Capital Protection Oriented Fund- Series 8 - Regular Plan - Growth option,INF760K01IO3,,10.2128,10.2128,10.2128,2017-08-09
131182,DSP BlackRock Dual Advantage Fund - Series 29 - 40M - Direct Plan - Growth Option,INF740K016H3,,12.2832,12.2832,12.2832,2017-08-09
131180,DSP BlackRock Dual Advantage Fund - Series 29 - 40M - Regular Plan - Dividend Payout Option,INF740K015H5,,12.1088,12.1088,12.1088,2017-08-09
131179,DSP BlackRock Dual Advantage Fund - Series 29 - 40M - Regular Plan - Growth option,INF740K014H8,,12.1088,12.1088,12.1088,2017-08-09
133507,DSP BlackRock Dual Advantage Fund - Series 34 - 36M - Direct Plan - Dividend Payout Option,INF740K011N2,,10.9672,10.9672,10.9672,2017-08-09
133505,DSP BlackRock Dual Advantage Fund - Series 34 - 36M - Direct Plan - Growth Option,INF740K010N4,,10.9672,10.9672,10.9672,2017-08-09
133506,DSP BlackRock Dual Advantage Fund - Series 34 - 36M - Regular Plan - Dividend Payout Option,INF740K019M7,,10.8302,10.8302,10.8302,2017-08-09
133508,DSP BlackRock Dual Advantage Fund - Series 34 - 36M - Regular Plan - Growth Option,INF740K018M9,,10.8302,10.8302,10.8302,2017-08-09
133666,DSP BlackRock Dual Advantage Fund - Series 35 - 36M - Direct Plan - Dividend Payout Option,INF740K015N3,,10.8397,10.8397,10.8397,2017-08-09
133667,DSP BlackRock Dual Advantage Fund - Series 35 - 36M - Direct Plan - Growth Option,INF740K014N6,,10.8397,10.8397,10.8397,2017-08-09
133668,DSP BlackRock Dual Advantage Fund - Series 35 - 36M - Regular Plan - Dividend Payout Option,INF740K013N8,,10.7074,10.7074,10.7074,2017-08-09
133669,DSP BlackRock Dual Advantage Fund - Series 35 - 36M - Regular Plan - Growth Option,INF740K012N0,,10.7074,10.7074,10.7074,2017-08-09
133915,DSP BlackRock Dual Advantage Fund - Series 36 - 36M - Direct Plan - Dividend Payout Option,INF740K011P7,,10.9693,10.9693,10.9693,2017-08-09
133916,DSP BlackRock Dual Advantage Fund - Series 36 - 36M - Direct Plan - Growth Option,INF740K010P9,,10.9693,10.9693,10.9693,2017-08-09
133918,DSP BlackRock Dual Advantage Fund - Series 36 - 36M - Regular Plan - Dividend Payout Option,INF740K019O3,,10.8388,10.8388,10.8388,2017-08-09
133917,DSP BlackRock Dual Advantage Fund - Series 36 - 36M - Regular Plan - Growth Option,INF740K018O5,,10.8388,10.8388,10.8388,2017-08-09
135339,DSP  Dual Advantage Fund - Series 39 - 36M - Direct Plan - Dividend Payout Option,INF740K017Z3,,12.0607,12.0607,12.0607,2017-08-09
135340,DSP  Dual Advantage Fund - Series 39 - 36M - Direct Plan - Growth,INF740K016Z5,,12.0607,12.0607,12.0607,2017-08-09
135338,DSP  Dual Advantage Fund - Series 39 - 36M - Regular Plan - Dividend Payout Option,INF740K015Z7,,11.9488,11.9488,11.9488,2017-08-09
135337,DSP  Dual Advantage Fund - Series 39 - 36M - Regular Plan - Growth,INF740K014Z0,,11.9488,11.9488,11.9488,2017-08-09
135969,DSP  FMP - Series 192 - 36M - Direct Plan - Dividend Payout - Quarterly Payout,INF740KA1181,,11.6656,11.6656,11.6656,2017-08-09
135967,DSP  FMP - Series 192 - 36M - Direct Plan - Growth,INF740KA1165,,11.6656,11.6656,11.6656,2017-08-09
135966,DSP  FMP - Series 192 - 36M - Regular Plan - Dividend Payout - Regular Payout,INF740KA1140,,11.6080,11.6080,11.6080,2017-08-09
135970,DSP  FMP - Series 192 - 36M - Regular Plan - Growth,INF740KA1132,,11.6080,11.6080,11.6080,2017-08-09
135968,DSP  FMP - Series 192 -36M - Direct Plan - Dividend Payout - Regular Payout,INF740KA1173,,11.6656,11.6656,11.6656,2017-08-09
135971,DSP FMP - Series - 192 - 36M - Regular Plan - Dividend Payout - Quarterly Payout,INF740KA1157,,11.6080,11.6080,11.6080,2017-08-09
131268,DSP BlackRock FTP - Series 44 - 36M - Direct Plan - Dividend Payout Option,INF740K011I2,,12.9441,12.9441,12.9441,2017-08-09
131266,DSP BlackRock FTP - Series 44 - 36M - Direct Plan - Growth Option,INF740K010I4,,12.9441,12.9441,12.9441,2017-08-09
131267,DSP BlackRock FTP - Series 44 - 36M - Regular Plan - Dividend Payout Option,INF740K019H7,,12.8036,12.8036,12.8036,2017-08-09
131265,DSP BlackRock FTP - Series 44 - 36M - Regular Plan - Growth Option,INF740K018H9,,12.8036,12.8036,12.8036,2017-08-09
139232,DSP Dual Advantage Fund - Series 44 - 39M - Direct - Dividend Payout,INF740KA1645,,11.8605,11.8605,11.8605,2017-08-09
139231,DSP Dual Advantage Fund - Series 44 - 39M - Direct - Growth,INF740KA1637,,11.8605,11.8605,11.8605,2017-08-09
139230,DSP Dual Advantage Fund - Series 44 - 39M - Regular - Dividend Payout,INF740KA1629,,11.7721,11.7721,11.7721,2017-08-09
139229,DSP Dual Advantage Fund - Series 44 -39M - Regular - Growth,INF740KA1611,,11.7721,11.7721,11.7721,2017-08-09
139330,DSP Dual Advantage Fund - Series 45 - 38M - Direct - Dividend Payout,INF740KA1686,,11.9569,11.9569,11.9569,2017-08-09
139329,DSP Dual Advantage Fund - Series 45 - 38M - Direct - Growth,INF740KA1678,,11.9569,11.9569,11.9569,2017-08-09
139328,DSP Dual Advantage Fund - Series 45 - 38M - Regular - Dividend Payout,INF740KA1660,,11.8839,11.8839,11.8839,2017-08-09
139327,DSP Dual Advantage Fund- Series 45 - 38M - Regular - Growth,INF740KA1652,,11.8839,11.8839,11.8839,2017-08-09
139468,DSP Dual Advantage Fund - Series 46 - 36M - Direct - Growth,INF740KA1710,,11.0977,11.0977,11.0977,2017-08-09
139466,DSP Dual Advantage Fund - Series 46 - 36M - Regular - Dividend Payout,INF740KA1702,,11.0380,11.0380,11.0380,2017-08-09
139467,DSP Dual Advantage Fund - Series 46 - 36M - Regular - Growth,INF740KA1694,,11.0380,11.0380,11.0380,2017-08-09
140063,DSP Dual Advantage Fund - Series 49 - 42M - Direct - Growth,INF740KA1AB5,,10.7668,10.7668,10.7668,2017-08-09
140061,DSP Dual Advantage Fund - Series 49 - 42M - Regular - Dividend Payout,INF740KA1AA7,,10.7269,10.7269,10.7269,2017-08-09
140062,DSP Dual Advantage Fund - Series 49 - 42M - Regular - Growth,INF740KA1991,,10.7269,10.7269,10.7269,2017-08-09
139511,DSP FMP Series 196 - 37M - Direct Plan - Growth,INF740KA1843,,11.2407,11.2407,11.2407,2017-08-09
139510,DSP FMP Series 196 - 37M - Regular Plan - Dividend - Quarterly Payout,INF740KA1835,,11.1820,11.1820,11.1820,2017-08-09
139507,DSP FMP Series 196 - 37M - Regular Plan - Dividend - Regular Payout,INF740KA1827,,11.1820,11.1820,11.1820,2017-08-09
139512,DSP FMP Series 196 - 37M - Regular Plan - Growth,INF740KA1819,,11.1820,11.1820,11.1820,2017-08-09
140834,DSP FMP - Series 204 - 37M - Direct Plan - Dividend - Regular Payout,INF740KA1AH2,,10.4029,10.4029,10.4029,2017-08-09
140833,DSP FMP - Series 204 - 37M - Direct Plan - Growth,INF740KA1AG4,,10.4029,10.4029,10.4029,2017-08-09
140832,DSP FMP - Series 204 - 37M - Regular Plan - Dividend - Quarterly Payout,INF740KA1AF6,,10.3985,10.3985,10.3985,2017-08-09
140829,DSP FMP - Series 204 - 37M - Regular Plan - Dividend - Regular Payout,INF740KA1AE9,,10.3985,10.3985,10.3985,2017-08-09
140831,DSP FMP - Series 204 - 37M - Regular Plan - Growth,INF740KA1AD1,,10.3985,10.3985,10.3985,2017-08-09
141022,DSP FMP - Series 205 - 37M - Direct Plan - Dividend - Regular Payout,INF740KA1AZ4,,10.3931,10.3931,10.3931,2017-08-09
141021,DSP FMP - Series 205 - 37M - Direct Plan - Growth,INF740KA1AY7,,10.3931,10.3931,10.3931,2017-08-09
141020,DSP FMP - Series 205 - 37M - Regular Plan - Dividend - Quarterly Payout,INF740KA1AX9,,10.3832,10.3832,10.3832,2017-08-09
141018,DSP FMP - Series 205 - 37M - Regular Plan - Growth,INF740KA1AV3,,10.3832,10.3832,10.3832,2017-08-09
141106,DSP FMP - Series 209 - 37M - Direct Plan - Dividend - Quarterly Payout,INF740KA1BY5,,10.3480,10.3480,10.3480,2017-08-09
141103,DSP FMP - Series 209 - 37M - Direct Plan - Dividend - Regular Payout,INF740KA1BX7,,10.3480,10.3480,10.3480,2017-08-09
141104,DSP FMP - Series 209 - 37M - Direct Plan - Growth,INF740KA1BW9,,10.3480,10.3480,10.3480,2017-08-09
141105,DSP FMP - Series 209 - 37M - Regular Plan - Dividend - Quarterly Payout,INF740KA1BV1,,10.3386,10.3386,10.3386,2017-08-09
141102,DSP FMP - Series 209 - 37M - Regular Plan - Dividend - Regular Payout,INF740KA1BU3,,10.3386,10.3386,10.3386,2017-08-09
141101,DSP FMP - Series 209 -37M - Regular Plan - Growth,INF740KA1BT5,,10.3386,10.3386,10.3386,2017-08-09
141212,DSP FMP - Series 210 - 36M - Direct Plan - Dividend - Quarterly Payout,INF740KA1CE5,,10.3125,10.3125,10.3125,2017-08-09
141213,DSP FMP - Series 210 - 36M - Direct Plan - Dividend - Regular Payout,INF740KA1CD7,,10.3125,10.3125,10.3125,2017-08-09
141215,DSP FMP - Series 210 - 36M - Direct Plan - Growth,INF740KA1CC9,,10.3125,10.3125,10.3125,2017-08-09
141216,DSP FMP - Series 210 - 36M - Regular Plan - Dividend - Quarterly Payout,INF740KA1CB1,,10.3059,10.3059,10.3059,2017-08-09
141211,DSP FMP - Series 210 - 36M - Regular Plan - Dividend - Regular Payout,INF740KA1CA3,,10.3059,10.3059,10.3059,2017-08-09
141214,DSP FMP - Series 210 - 36M - Regular Plan - Growth,INF740KA1BZ2,,10.3059,10.3059,10.3059,2017-08-09
141321,DSP FMP - Series 211 - 38M - Direct Plan - Dividend - Quarterly Payout,INF740KA1CK2,,10.2981,10.2981,10.2981,2017-08-09
141320,DSP FMP - Series 211 - 38M - Direct Plan - Dividend - Regular Payout,INF740KA1CJ4,,10.2981,10.2981,10.2981,2017-08-09
141317,DSP FMP - Series 211 - 38M - Direct Plan - Growth,INF740KA1CI6,,10.2981,10.2981,10.2981,2017-08-09
141322,DSP FMP - Series 211 - 38M - Regular Plan - Dividend - Quarterly Payout,INF740KA1CH8,,10.2912,10.2912,10.2912,2017-08-09
141319,DSP FMP - Series 211 - 38M - Regular Plan - Dividend - Regular Payout,INF740KA1CG0,,10.2912,10.2912,10.2912,2017-08-09
141318,DSP FMP - Series 211 - 38M - Regular Plan - Growth,INF740KA1CF2,,10.2912,10.2912,10.2912,2017-08-09
136266,DSP FMP Series 195 - 36M - Direct Plan - Dividend - Quarterly Payout,INF740KA1421,,11.5258,11.5258,11.5258,2017-08-09
136265,DSP FMP Series 195 - 36M - Direct Plan - Dividend - Regular Payout,INF740KA1413,,11.5258,11.5258,11.5258,2017-08-09
136264,DSP FMP Series 195 - 36M - Direct Plan - Growth,INF740KA1405,,11.5258,11.5258,11.5258,2017-08-09
136263,DSP FMP Series 195 - 36M - Regular Plan - Dividend - Quarterly Payout,INF740KA1397,,11.4762,11.4762,11.4762,2017-08-09
136267,DSP FMP Series 195 - 36M - Regular Plan - Dividend - Regular Payout,INF740KA1389,,11.4762,11.4762,11.4762,2017-08-09
136262,DSP FMP Series 195 - 36M - Regular Plan - Growth,INF740KA1371,,11.4762,11.4762,11.4762,2017-08-09
140272,Edelweiss Fixed Maturity Plan - Series 20 - Direct Plan - Dividend Option,INF843K01DV3,,14.4793,14.4793,14.4793,2017-08-09
140271,Edelweiss Fixed Maturity Plan - Series 20 - Direct Plan - Growth Option,INF843K01DU5,,14.4793,14.4793,14.4793,2017-08-09
140270,Edelweiss Fixed Maturity Plan - Series 20 - Regular Plan - Dividend Option,INF843K01DX9,,14.1638,14.1638,14.1638,2017-08-09
140269,Edelweiss Fixed Maturity Plan - Series 20 - Regular Plan - Growth Option,INF843K01DW1,,14.1638,14.1638,14.1638,2017-08-09
140313,Edelweiss Fixed Maturity Plan - Series 35 - Direct Plan - Growth Option,INF843K01HY8,,13.9423,13.9423,13.9423,2017-08-09
140312,Edelweiss Fixed Maturity Plan - Series 35 - Regular Plan - Dividend Option,INF843K01IB4,,13.6939,13.6939,13.6939,2017-08-09
140311,Edelweiss Fixed Maturity Plan - Series 35 - RegularPlan - Growth Option,INF843K01IA6,,13.6939,13.6939,13.6939,2017-08-09
140321,Edelweiss Fixed Maturity Plan - Series 38 - Direct Plan - Growth Option,INF843K01IK5,,13.6855,13.6855,13.6855,2017-08-09
140320,Edelweiss Fixed Maturity Plan - Series 38 - Regular Plan - Dividend Option,INF843K01IN9,,13.4501,13.4501,13.4501,2017-08-09
140319,Edelweiss Fixed Maturity Plan - Series 38 - Regular Plan - Growth Option,INF843K01IM1,,13.4514,13.4514,13.4514,2017-08-09
140330,Edelweiss Fixed Maturity Plan - Series 40 - Direct Plan - Growth Option,INF843K01JE6,,12.9154,12.9154,12.9154,2017-08-09
140332,Edelweiss Fixed Maturity Plan - Series 40 - Regular Plan - Dividend Option,INF843K01JH9,,12.7762,12.7762,12.7762,2017-08-09
140329,Edelweiss Fixed Maturity Plan - Series 40 - Regular Plan - Growth Option,INF843K01JG1,,12.7736,12.7736,12.7736,2017-08-09
141057,Edelweiss Fixed Maturity Plan - Series 41 - Direct Plan - Dividend Payout,INF754K01EO5,,10.3981,10.3981,10.3981,2017-08-09
141056,Edelweiss Fixed Maturity Plan - Series 41 - Direct Plan - Growth,INF754K01EN7,,10.3981,10.3981,10.3981,2017-08-09
141058,Edelweiss Fixed Maturity Plan - Series 41 - Regular Plan - Dividend Payout,INF754K01EQ0,,10.3829,10.3829,10.3829,2017-08-09
141059,Edelweiss Fixed Maturity Plan - Series 41 - Regular Plan - Growth,INF754K01EP2,,10.3829,10.3829,10.3829,2017-08-09
140260,Edelweiss Fixed Maturity Plan - Series 502 - Dividend Option,INF843K01AK2,,12.6595,12.6595,12.6595,2017-08-09
140259,Edelweiss Fixed Maturity Plan - Series 502 - Growth Option,INF843K01AJ4,,14.6021,14.6021,14.6021,2017-08-09
140264,Edelweiss Fixed Maturity Plan - Sr 14 - Direct Plan - Dividend Option,INF843K01CT9,,14.3198,14.3198,14.3198,2017-08-09
140263,Edelweiss Fixed Maturity Plan - Sr 14 - Direct Plan - Growth Option,INF843K01CS1,,14.3331,14.3331,14.3331,2017-08-09
140262,Edelweiss Fixed Maturity Plan - Sr 14 - Regular Plan - Dividend Option,INF843K01CV5,,14.2714,14.2714,14.2714,2017-08-09
140261,Edelweiss Fixed Maturity Plan - Sr 14 - Regular Plan - Growth Option,INF843K01CU7,,14.2719,14.2719,14.2719,2017-08-09
141041,Franklin India Fixed Maturity Plans - Series 1 - Plan A (1108 days) - Dividend,INF090I01LT2,,10.3353,10.3353,10.3353,2017-08-09
141040,Franklin India Fixed Maturity Plans - Series 1 - Plan A (1108 days) - Growth,INF090I01LS4,,10.3353,10.3353,10.3353,2017-08-09
141043,Franklin India Fixed Maturity Plans - Series 1 - Plan A (1108 days) - Growth - Direct,INF090I01LV8,,10.3525,10.3525,10.3525,2017-08-09
141334,Franklin India Fixed Maturity Plans - Series 1 - Plan B (1104 days) - Direct - Dividend,INF090I01MC6,,10.2705,10.2705,10.2705,2017-08-09
141335,Franklin India Fixed Maturity Plans - Series 1 - Plan B (1104 days) - Direct - Growth,INF090I01MB8,,10.2705,10.2705,10.2705,2017-08-09
141336,Franklin India Fixed Maturity Plans - Series 1 - Plan B (1104 days) - Dividend,INF090I01LZ9,,10.2595,10.2595,10.2595,2017-08-09
141333,Franklin India Fixed Maturity Plans - Series 1 - Plan B (1104 days) - Growth,INF090I01LY2,,10.2595,10.2595,10.2595,2017-08-09
141338,Franklin India Fixed Maturity Plans - Series 1 - Plan B (1104 days) - Quarterly Dividend,INF090I01MA0,,10.2595,10.2595,10.2595,2017-08-09
141337,Franklin India Fixed Maturity Plans - Series 1 - Plan B (1104 days) - Quarterly Dividend - Direct,INF090I01MD4,,10.2705,10.2705,10.2705,2017-08-09
121545,HDFC Annual Interval Fund - Series I - Plan A-Direct Option-Dividend Option,INF179K01F13,INF179K01F21,10.2389,0.0000,0.0000,2017-08-09
121541,HDFC Annual Interval Fund - Series I - Plan A-Direct Option-Growth Option,INF179K01F05,,14.4078,0.0000,0.0000,2017-08-09
121537,HDFC Annual Interval Fund - Series I - Plan A-Regular Option-Dividend Option,INF179K01F62,INF179K01F70,10.2354,0.0000,0.0000,2017-08-09
121536,HDFC Annual Interval Fund - Series I - Plan A-Regular Option-Growth Option,INF179K01F54,,14.3701,0.0000,0.0000,2017-08-09
140868,HDFC Charity Fund For Cancer Cure - Arbitrage Plan - Direct Option - 100% Dividend Payout Option,INF179KB1E55,,10.257,0,0,2017-08-09
140867,HDFC Charity Fund For Cancer Cure - Arbitrage Plan - Direct Option - 50% Dividend Payout Option,INF179KB1E48,,10.2570,0.0000,0.0000,2017-08-09
140871,HDFC Charity Fund For Cancer Cure - Arbitrage Plan - Regular Option - 100% Dividend Payout Option,INF179KB1E71,,10.257,0,0,2017-08-09
140870,HDFC Charity Fund For Cancer Cure - Arbitrage Plan - Regular Option - 50% Dividend Payout Option,INF179KB1E63,,10.2570,0.0000,0.0000,2017-08-09
140872,HDFC Charity Fund For Cancer Cure - Debt Plan - Direct Option - 100% Dividend Payout Option,INF179KB1E97,,10.3778,0,0,2017-08-09
140869,HDFC Charity Fund For Cancer Cure - Debt Plan - Direct Option - 50% Dividend Payout Option,INF179KB1E89,,10.3778,0.0000,0.0000,2017-08-09
140874,HDFC Charity Fund For Cancer Cure - Debt Plan - Regular Option - 100% Dividend Payout Option,INF179KB1F13,,10.3778,0,0,2017-08-09
140873,HDFC Charity Fund For Cancer Cure - Debt Plan - Regular Option - 50% Dividend Payout Option,INF179KB1F05,,10.3778,0.0000,0.0000,2017-08-09
133632,HDFC CPO - III - 1173D January 2015 - Direct Option - Dividend Option,INF179KA1W55,,11.6282,0.0000,0.0000,2017-08-09
133633,HDFC CPO - III - 1173D January 2015 - Direct Option - Growth Option,INF179KA1W48,,11.6282,0.0000,0.0000,2017-08-09
133635,HDFC CPO - III - 1173D January 2015 - Regular Option - Dividend Option,INF179KA1W71,,11.4843,0.0000,0.0000,2017-08-09
133634,HDFC CPO - III - 1173D January 2015 - Regular Option - Growth Option,INF179KA1W63,,11.4843,0.0000,0.0000,2017-08-09
133252,HDFC CPO - III - 1207D December 2014 - Direct Option - Dividend Option,INF179KA1L74,,11.7736,0.0000,0.0000,2017-08-09
133253,HDFC CPO - III - 1207D December 2014 - Direct Option - Growth Option,INF179KA1L66,,11.7736,0.0000,0.0000,2017-08-09
133254,HDFC CPO - III - 1207D December 2014 - Regular Option - Dividend Option,INF179KA1L90,,11.6193,0.0000,0.0000,2017-08-09
133255,HDFC CPO - III - 1207D December 2014 - Regular Option - Growth Option,INF179KA1L82,,11.6193,0.0000,0.0000,2017-08-09
131513,HDFC CPO-III-1100D October 2014-Direct Option-Dividend Option,INF179KA1ZV0,,11.9739,0.0000,0.0000,2017-08-09
131514,HDFC CPO-III-1100D October 2014-Direct Option-Growth Option,INF179KA1ZU2,,11.9739,0.0000,0.0000,2017-08-09
131515,HDFC CPO-III-1100D October 2014-Regular Option-Dividend Option,INF179KA1ZX6,,11.8084,0.0000,0.0000,2017-08-09
131516,HDFC CPO-III-1100D October 2014-Regular Option-Growth Option,INF179KA1ZW8,,11.8084,0.0000,0.0000,2017-08-09
135278,HDFC DAF - I - 1100D August 2015 - Direct Option - Dividend Option,INF179KB1HB9,,11.8403,0.0000,0.0000,2017-08-09
135281,HDFC DAF - I - 1100D August 2015 - Direct Option - Growth Option,INF179KB1HA1,,11.8403,0.0000,0.0000,2017-08-09
135279,HDFC DAF - I - 1100D August 2015 - Regular Option - Dividend Option,INF179KB1HD5,,11.4744,0.0000,0.0000,2017-08-09
135280,HDFC DAF - I - 1100D August 2015 - Regular Option - Growth Option,INF179KB1HC7,,11.4744,0.0000,0.0000,2017-08-09
139128,HDFC DAF - II - 1099D March 2016 - Direct Option - Dividend Option,INF179KB1PE6,,11.3226,0.0000,0.0000,2017-08-09
139129,HDFC DAF - II - 1099D March 2016 - Direct Option - Growth Option,INF179KB1PD8,,11.3226,0.0000,0.0000,2017-08-09
139115,HDFC DAF - II - 1099D March 2016 - Regular Option - Divided Option,INF179KB1PG1,,11.0309,0.0000,0.0000,2017-08-09
139130,HDFC DAF - II - 1099D March 2016 - Regular Option - Growth Option,INF179KB1PF3,,11.0309,0.0000,0.0000,2017-08-09
139308,HDFC DAF - II - 1111D April 2016 - Direct Option - Dividend option,INF179KB1QG9,,11.2918,0.0000,0.0000,2017-08-09
139310,HDFC DAF - II - 1111D April 2016 - Direct Option - Growth option,INF179KB1QF1,,11.2918,0.0000,0.0000,2017-08-09
139307,HDFC DAF - II - 1111D April 2016 - Regular Option - Dividend option,INF179KB1QI5,,11.0282,0.0000,0.0000,2017-08-09
139309,HDFC DAF - II - 1111D April 2016 - Regular Option - Growth option,INF179KB1QH7,,11.0282,0.0000,0.0000,2017-08-09
136106,HDFC DAF - II - 1160D January 2016 - Direct Option - Dividend Option,INF179KB1LK2,,11.6463,0.0000,0.0000,2017-08-09
136107,HDFC DAF - II - 1160D January 2016 - Direct Option - Growth Option,INF179KB1LJ4,,11.6463,0.0000,0.0000,2017-08-09
136108,HDFC DAF - II - 1160D January 2016 - Regular Option - Dividend Option,INF179KB1LM8,,11.3411,0.0000,0.0000,2017-08-09
136109,HDFC DAF - II - 1160D January 2016 - Regular Option - Growth Option,INF179KB1LL0,,11.3411,0.0000,0.0000,2017-08-09
140144,HDFC DAF - III - 1224D November 2016 - Direct Option -  Dividend Option,INF179KB1YR0,,10.5916,0.0000,0.0000,2017-08-09
140145,HDFC DAF - III - 1224D November 2016 - Direct Option - Growth Option,INF179KB1YQ2,,10.5916,0.0000,0.0000,2017-08-09
140146,HDFC DAF - III - 1224D November 2016 - Regular Option -  Dividend Option,INF179KB1YT6,,10.4671,0.0000,0.0000,2017-08-09
140147,HDFC DAF - III - 1224D November 2016 - Regular Option -  Growth Option,INF179KB1YS8,,10.4671,0.0000,0.0000,2017-08-09
140015,HDFC DAF - III - 1267D October 2016 - Direct Option -  Dividend Option,INF179KB1YA6,,10.7114,0.0000,0.0000,2017-08-09
140017,HDFC DAF - III - 1267D October 2016 - Direct Option - Growth Option,INF179KB1XZ5,,10.7114,0.0000,0.0000,2017-08-09
140016,HDFC DAF - III - 1267D October 2016 - Regular Option -  Dividend Option,INF179KB1YC2,,10.5322,0.0000,0.0000,2017-08-09
140018,HDFC DAF - III - 1267D October 2016 - Regular Option - Growth Option,INF179KB1YB4,,10.5322,0.0000,0.0000,2017-08-09
139756,HDFC DAF - lll - 1304D August 2016 - Direct Option - Dividend Option,INF179KB1UC0,,10.8643,0.0000,0.0000,2017-08-09
139757,HDFC DAF - lll - 1304D August 2016 - Direct Option - Growth Option,INF179KB1UB2,,10.8643,0.0000,0.0000,2017-08-09
139755,HDFC DAF - lll - 1304D August 2016 - Regular Option - Dividend Option,INF179KB1UE6,,10.6602,0.0000,0.0000,2017-08-09
139758,HDFC DAF - lll - 1304D August 2016 - Regular Option - Growth Option,INF179KB1UD8,,10.6602,0.0000,0.0000,2017-08-09
131189,HDFC FMP 1099D August 2014 (1) - Direct Option - Dividend Option,INF179KA1WT1,,12.9125,0.0000,0.0000,2017-08-09
131184,HDFC FMP 1099D August 2014 (1) - Direct Option - Growth Option,INF179KA1WS3,,12.9125,0.0000,0.0000,2017-08-09
131187,HDFC FMP 1099D August 2014 (1) - Direct Option - Quarterly Dividend Option,INF179KA1WU9,,10.0932,0.0000,0.0000,2017-08-09
131188,HDFC FMP 1099D August 2014 (1) - Regular Option - Dividend Option,INF179KA1WX3,,12.7996,0.0000,0.0000,2017-08-09
131190,HDFC FMP 1099D August 2014 (1) - Regular Option - Flexi Option,INF179KA1WZ8,,12.7996,0.0000,0.0000,2017-08-09
131185,HDFC FMP 1099D August 2014 (1) - Regular Option - Growth Option,INF179KA1WW5,,12.7996,0.0000,0.0000,2017-08-09
131186,HDFC FMP 1099D August 2014 (1) - Regular Option - Quarterly Dividend Option,INF179KA1WY1,,10.0897,0.0000,0.0000,2017-08-09
139283,HDFC FMP 1104D April 2016 (1) - Direct Option-Dividend Option,INF179KB1PM9,,11.2035,0.0000,0.0000,2017-08-09
139284,HDFC FMP 1104D April 2016 (1) - Direct Option-Growth Option,INF179KB1PL1,,11.2035,0.0000,0.0000,2017-08-09
139285,HDFC FMP 1104D April 2016 (1) - Direct Option-Quarterly Dividend Option,INF179KB1PN7,,10.1922,0.0000,0.0000,2017-08-09
139286,HDFC FMP 1104D April 2016 (1) - Regular Option- Dividend Option,INF179KB1PP2,,11.1068,0.0000,0.0000,2017-08-09
139288,HDFC FMP 1104D April 2016 (1) - Regular Option-Growth Option,INF179KB1PO5,,11.1068,0.0000,0.0000,2017-08-09
139287,HDFC FMP 1104D April 2016 (1) - Regular Option-Quarterly Dividend Option,INF179KB1PQ0,,10.1918,0.0000,0.0000,2017-08-09
135956,HDFC FMP 1105D December 2015 (1) - Direct Option - Dividend Option,INF179KB1KS7,,11.5474,0.0000,0.0000,2017-08-09
135953,HDFC FMP 1105D December 2015 (1) - Direct Option - Growth Option,INF179KB1KR9,,11.5474,0.0000,0.0000,2017-08-09
135954,HDFC FMP 1105D December 2015 (1) - Direct Option - Quarterly Dividend Option,INF179KB1KT5,,10.2363,0.0000,0.0000,2017-08-09
135952,HDFC FMP 1105D December 2015 (1) - Regular Option - Dividend Option,INF179KB1KV1,,11.4465,0.0000,0.0000,2017-08-09
135957,HDFC FMP 1105D December 2015 (1) - Regular Option - Growth Option,INF179KB1KU3,,11.4465,0.0000,0.0000,2017-08-09
135955,HDFC FMP 1105D December 2015 (1) - Regular Option - Quarterly Dividend Option,INF179KB1KW9,,10.2357,0.0000,0.0000,2017-08-09
135530,HDFC FMP 1105D October 2015 (1)-Direct Option-Dividend Option,INF179KB1JE9,,11.6531,0.0000,0.0000,2017-08-09
135531,HDFC FMP 1105D October 2015 (1)-Direct Option-Growth Option,INF179KB1JD1,,11.6531,0.0000,0.0000,2017-08-09
135532,HDFC FMP 1105D October 2015 (1)-Direct Option-Quarterly Dividend Option,INF179KB1JF6,,10.1956,0.0000,0.0000,2017-08-09
135533,HDFC FMP 1105D October 2015 (1)-Regular Option-Dividend Option,INF179KB1JH2,,11.5487,0.0000,0.0000,2017-08-09
135534,HDFC FMP 1105D October 2015 (1)-Regular Option-Growth Option,INF179KB1JG4,,11.5487,0.0000,0.0000,2017-08-09
135535,HDFC FMP 1105D October 2015 (1)-Regular Option-Quarterly Dividend Option,INF179KB1JI0,,10.1949,0.0000,0.0000,2017-08-09
134603,HDFC FMP 1106D May 2015 (1)- Direct Option-Dividend Option,INF179KB1362,,12.0659,0.0000,0.0000,2017-08-09
134608,HDFC FMP 1106D May 2015 (1)-Direct Option-Flexi Option,INF179KB1370,,12.0659,0.0000,0.0000,2017-08-09
134607,HDFC FMP 1106D May 2015 (1)-Direct Option-Growth Option,INF179KB1354,,12.0659,0.0000,0.0000,2017-08-09
134609,HDFC FMP 1106D May 2015 (1)-Direct Option-Quarterly Dividend Option,INF179KB1420,,10.2014,0.0000,0.0000,2017-08-09
134604,HDFC FMP 1106D May 2015 (1)-Regular Option-Dividend Option,INF179KB1396,,11.9856,0.0000,0.0000,2017-08-09
134610,HDFC FMP 1106D May 2015 (1)-Regular Option-Flexi Option,INF179KB1412,,11.9856,0.0000,0.0000,2017-08-09
134605,HDFC FMP 1106D May 2015 (1)-Regular Option-Growth Option,INF179KB1388,,11.9856,0.0000,0.0000,2017-08-09
134606,HDFC FMP 1106D May 2015 (1)-Regular Option-Quarterly Dividend Option,INF179KB1404,,10.1978,0.0000,0.0000,2017-08-09
133371,HDFC FMP 1107D December 2014 (1) - Direct Option - Dividend Option,INF179KA1O55,,12.4054,0.0000,0.0000,2017-08-09
133374,HDFC FMP 1107D December 2014 (1) - Direct Option - Quarterly Dividend Option,INF179KA1O63,,10.0829,0.0000,0.0000,2017-08-09
133375,HDFC FMP 1107D December 2014 (1) - Regular Option - Dividend Option,INF179KA1O97,,12.3093,0.0000,0.0000,2017-08-09
133376,HDFC FMP 1107D December 2014 (1) - Regular Option - Flexi Option,INF179KA1P13,,12.3093,0.0000,0.0000,2017-08-09
133377,HDFC FMP 1107D December 2014 (1) - Regular Option - Growth Option,INF179KA1O89,,12.3093,0.0000,0.0000,2017-08-09
133378,HDFC FMP 1107D December 2014 (1) - Regular Option - Quarterly Dividend Option,INF179KA1P05,,10.0794,0.0000,0.0000,2017-08-09
133373,HDFC FMP 1107D December 2014 (1) -Direct Option - Growth Option,INF179KA1O48,,12.4054,0.0000,0.0000,2017-08-09
139192,HDFC FMP 1107D March 2016 (1) - Direct Option - Dividend Option,INF179KB1OS9,,11.3395,0.0000,0.0000,2017-08-09
139193,HDFC FMP 1107D March 2016 (1) - Direct Option - Growth Option,INF179KB1OR1,,11.3395,0.0000,0.0000,2017-08-09
139197,HDFC FMP 1107D March 2016 (1) - Direct Option - Quarterly Dividend Option,INF179KB1OT7,,10.2450,0.0000,0.0000,2017-08-09
139194,HDFC FMP 1107D March 2016 (1) - Regular Option - Dividend Option,INF179KB1OV3,,11.2417,0.0000,0.0000,2017-08-09
139196,HDFC FMP 1107D March 2016 (1) - Regular Option - Growth Option,INF179KB1OU5,,11.2417,0.0000,0.0000,2017-08-09
139195,HDFC FMP 1107D March 2016 (1) - Regular Option - Quarterly Dividend Option,INF179KB1OW1,,10.2444,0.0000,0.0000,2017-08-09
132930,HDFC FMP 1107D October 2014 (1)-Direct Option-Dividend Option,INF179KA1F15,,12.6045,0.0000,0.0000,2017-08-09
132927,HDFC FMP 1107D October 2014 (1)-Direct Option-Growth Option,INF179KA1F07,,12.6045,0.0000,0.0000,2017-08-09
132928,HDFC FMP 1107D October 2014 (1)-Direct Option-Quarterly Dividend Option,INF179KA1F23,,10.0829,0.0000,0.0000,2017-08-09
132926,HDFC FMP 1107D October 2014 (1)-Regular Option-Dividend Option,INF179KA1F56,,12.5011,0.0000,0.0000,2017-08-09
132932,HDFC FMP 1107D October 2014 (1)-Regular Option-Flexi Option,INF179KA1F72,,12.5011,0.0000,0.0000,2017-08-09
132925,HDFC FMP 1107D October 2014 (1)-Regular Option-Growth Option,INF179KA1F49,,12.5011,0.0000,0.0000,2017-08-09
132931,HDFC FMP 1107D October 2014 (1)-Regular Option-Quarterly Dividend Option,INF179KA1F64,,10.0791,0.0000,0.0000,2017-08-09
135413,HDFC FMP 1108D September 2015 (1)-Direct Option-Dividend Option,INF179KB1IK8,,11.7676,0.0000,0.0000,2017-08-09
135410,HDFC FMP 1108D September 2015 (1)-Direct Option-Growth Option,INF179KB1IJ0,,11.7676,0.0000,0.0000,2017-08-09
135412,HDFC FMP 1108D September 2015 (1)-Direct Option-Quarterly Dividend Option,INF179KB1IL6,,10.2212,0.0000,0.0000,2017-08-09
135408,HDFC FMP 1108D September 2015 (1)-Regular Option - Dividend Option,INF179KB1IN2,,11.6647,0.0000,0.0000,2017-08-09
135409,HDFC FMP 1108D September 2015 (1)-Regular Option-Growth Option,INF179KB1IM4,,11.6647,0.0000,0.0000,2017-08-09
135411,HDFC FMP 1108D September 2015 (1)-Regular Option-Quarterly Dividend Option,INF179KB1IO0,,10.2205,0.0000,0.0000,2017-08-09
133193,HDFC FMP 1111D November 2014 (1) - Direct Option - Dividend Option,INF179KA1J86,,12.4767,0.0000,0.0000,2017-08-09
133188,HDFC FMP 1111D November 2014 (1) - Direct Option - Growth Option,INF179KA1J78,,12.4767,0.0000,0.0000,2017-08-09
133189,HDFC FMP 1111D November 2014 (1) - Direct Option - Quarterly Dividend Option,INF179KA1J94,,10.0830,0.0000,0.0000,2017-08-09
133190,HDFC FMP 1111D November 2014 (1) - Regular Option - Dividend Option,INF179KA1K26,,12.3767,0.0000,0.0000,2017-08-09
133191,HDFC FMP 1111D November 2014 (1) - Regular Option - Flexi Option,INF179KA1K42,,12.3767,0.0000,0.0000,2017-08-09
133194,HDFC FMP 1111D November 2014 (1) - Regular Option - Growth Option,INF179KA1K18,,12.3767,0.0000,0.0000,2017-08-09
133192,HDFC FMP 1111D November 2014 (1) - Regular Option - Quarterly Dividend Option,INF179KA1K34,,10.0794,0.0000,0.0000,2017-08-09
135844,HDFC FMP 1111D November 2015 (1) - Direct Option - Dividend Option,INF179KB1KJ6,,11.5615,0.0000,0.0000,2017-08-09
135839,HDFC FMP 1111D November 2015 (1) - Direct Option - Growth Option,INF179KB1KK4,,11.5615,0.0000,0.0000,2017-08-09
135840,HDFC FMP 1111D November 2015 (1) - Direct Option - Quarterly Dividend Option,INF179KB1KL2,,10.1345,0.0000,0.0000,2017-08-09
135842,HDFC FMP 1111D November 2015 (1) - Regular Option - Dividend Option,INF179KB1KN8,,11.4594,0.0000,0.0000,2017-08-09
135841,HDFC FMP 1111D November 2015 (1) - Regular Option - Growth Option,INF179KB1KM0,,11.4594,0.0000,0.0000,2017-08-09
135843,HDFC FMP 1111D November 2015 (1) - Regular Option - Quarterly Dividend Option,INF179KB1KO6,,10.1341,0.0000,0.0000,2017-08-09
139896,HDFC FMP 1111D September 2016 (1)-Direct Option-Dividend Option,INF179KB1VQ8,,10.9834,0.0000,0.0000,2017-08-09
139895,HDFC FMP 1111D September 2016 (1)-Direct Option-Growth Option,INF179KB1VP0,,10.9834,0.0000,0.0000,2017-08-09
139898,HDFC FMP 1111D September 2016 (1)-Direct Option-Quarterly Dividend Option,INF179KB1VR6,,10.2894,0.0000,0.0000,2017-08-09
139894,HDFC FMP 1111D September 2016 (1)-Regular Option-Dividend Option,INF179KB1VT2,,10.8947,0.0000,0.0000,2017-08-09
139893,HDFC FMP 1111D September 2016 (1)-Regular Option-Growth Option,INF179KB1VS4,,10.8947,0.0000,0.0000,2017-08-09
139897,HDFC FMP 1111D September 2016 (1)-Regular Option-Quarterly Dividend Option,INF179KB1VU0,,10.2782,0.0000,0.0000,2017-08-09
134938,HDFC FMP 1112D June 2015 (1)-Direct Option-Flexi Option,INF179KB1FB3,,12.0075,0.0000,0.0000,2017-08-09
134935,HDFC FMP 1112D June 2015 (1)-Direct Option-Growth Option,INF179KB1EY8,,12.0075,0.0000,0.0000,2017-08-09
134939,HDFC FMP 1112D June 2015 (1)-Direct Option-Normal Dividend Option,INF179KB1EZ5,,12.0075,0.0000,0.0000,2017-08-09
134940,HDFC FMP 1112D June 2015 (1)-Direct Option-Quarterly Dividend Option,INF179KB1FA5,,10.1933,0.0000,0.0000,2017-08-09
134934,HDFC FMP 1112D June 2015 (1)-Regular Option-Flexi Option,INF179KB1FF4,,11.9319,0.0000,0.0000,2017-08-09
134936,HDFC FMP 1112D June 2015 (1)-Regular Option-Growth Option,INF179KB1FC1,,11.9319,0.0000,0.0000,2017-08-09
134941,HDFC FMP 1112D June 2015 (1)-Regular Option-Normal Dividend Option,INF179KB1FD9,,11.9319,0.0000,0.0000,2017-08-09
134937,HDFC FMP 1112D June 2015 (1)-Regular Option-Quarterly Dividend Option,INF179KB1FE7,,10.1898,0.0000,0.0000,2017-08-09
139513,HDFC FMP 1112D June 2016 (1) - Direct Option - Growth Option,INF179KB1ST8,,11.0625,0.0000,0.0000,2017-08-09
139516,HDFC FMP 1112D June 2016 (1) - Regular Option - Dividend Option,INF179KB1SX0,,10.9905,0.0000,0.0000,2017-08-09
139518,HDFC FMP 1112D June 2016 (1) - Regular Option - Growth Option,INF179KB1SW2,,10.9905,0.0000,0.0000,2017-08-09
139515,HDFC FMP 1112D June 2016 (1) - Regular Option - Quarterly Dividend Option,INF179KB1SY8,,10.2309,0.0000,0.0000,2017-08-09
131038,HDFC FMP 1113D August 2014 (1) - Direct Option - Dividend Option,INF179KA1VV9,,12.9417,0.0000,0.0000,2017-08-09
131037,HDFC FMP 1113D August 2014 (1) - Direct Option - Growth Option,INF179KA1VU1,,12.9417,0.0000,0.0000,2017-08-09
131039,HDFC FMP 1113D August 2014 (1) - Direct Option - Quarterly Dividend Option,INF179KA1VW7,,10.0800,0.0000,0.0000,2017-08-09
131040,HDFC FMP 1113D August 2014 (1) - Regular Option - Dividend Option,INF179KA1VZ0,,12.8274,0.0000,0.0000,2017-08-09
131041,HDFC FMP 1113D August 2014 (1) - Regular Option - Flexi Option,INF179KA1WB9,,12.8274,0.0000,0.0000,2017-08-09
131042,HDFC FMP 1113D August 2014 (1) - Regular Option - Growth Option,INF179KA1VY3,,12.8274,0.0000,0.0000,2017-08-09
131035,HDFC FMP 1113D August 2014 (1) - Regular Option - Quarterly Dividend Option,INF179KA1WA1,,10.0763,0.0000,0.0000,2017-08-09
139414,HDFC FMP 1113D June 2016 (1) - Direct Option - Dividend Option,INF179KB1RU8,,11.1327,0.0000,0.0000,2017-08-09
139418,HDFC FMP 1113D June 2016 (1) - Direct Option - Growth Option,INF179KB1RT0,,11.1327,0.0000,0.0000,2017-08-09
139419,HDFC FMP 1113D June 2016 (1) - Direct Option - Quarterly Dividend Option,INF179KB1RV6,,10.2505,0.0000,0.0000,2017-08-09
139416,HDFC FMP 1113D June 2016 (1) - Regular Option - Dividend Option,INF179KB1RX2,,11.0595,0.0000,0.0000,2017-08-09
139417,HDFC FMP 1113D June 2016 (1) - Regular Option - Growth Option,INF179KB1RW4,,11.0595,0.0000,0.0000,2017-08-09
139415,HDFC FMP 1113D June 2016 (1) - Regular Option - Quarterly Dividend Option,INF179KB1RY0,,10.2498,0.0000,0.0000,2017-08-09
133084,HDFC FMP 1113D November 2014 (1) - Direct Option - Dividend Option,INF179KA1H88,,12.5387,0.0000,0.0000,2017-08-09
133085,HDFC FMP 1113D November 2014 (1) - Direct Option - Flexi Option,INF179KA1I04,,12.5387,0.0000,0.0000,2017-08-09
133086,HDFC FMP 1113D November 2014 (1) - Direct Option - Growth Option,INF179KA1H70,,12.5387,0.0000,0.0000,2017-08-09
133087,HDFC FMP 1113D November 2014 (1) - Direct Option - Quarterly Dividend Option,INF179KA1H96,,10.0828,0.0000,0.0000,2017-08-09
133080,HDFC FMP 1113D November 2014 (1) - Regular Option - Dividend Option,INF179KA1I20,,12.4375,0.0000,0.0000,2017-08-09
133081,HDFC FMP 1113D November 2014 (1) - Regular Option - Flexi Option,INF179KA1I46,,12.4375,0.0000,0.0000,2017-08-09
133082,HDFC FMP 1113D November 2014 (1) - Regular Option - Growth Option,INF179KA1I12,,12.4375,0.0000,0.0000,2017-08-09
133083,HDFC FMP 1113D November 2014 (1) - Regular Option - Quarterly Dividend Option,INF179KA1I38,,10.0791,0.0000,0.0000,2017-08-09
132795,HDFC FMP 1113D October 2014 (1)-Direct Option-Dividend Option,INF179KA1A77,,12.7098,0.0000,0.0000,2017-08-09
132788,HDFC FMP 1113D October 2014 (1)-Direct Option-Growth Option,INF179KA1A69,,12.7098,0.0000,0.0000,2017-08-09
132789,HDFC FMP 1113D October 2014 (1)-Direct Option-Quarterly Dividend Option,INF179KA1A85,,10.0930,0.0000,0.0000,2017-08-09
132792,HDFC FMP 1113D October 2014 (1)-Regular Option-Dividend Option,INF179KA1B19,,12.6036,0.0000,0.0000,2017-08-09
132794,HDFC FMP 1113D October 2014 (1)-Regular Option-Flexi Option,INF179KA1B35,,12.6036,0.0000,0.0000,2017-08-09
132791,HDFC FMP 1113D October 2014 (1)-Regular Option-Growth Option,INF179KA1B01,,12.6036,0.0000,0.0000,2017-08-09
132793,HDFC FMP 1113D October 2014 (1)-Regular Option-Quarterly Dividend Option,INF179KA1B27,,10.0894,0.0000,0.0000,2017-08-09
139135,HDFC FMP 1114D MARCH 2016 (1) - Direct Option - Dividend Option,INF179KB1NZ6,,11.3452,0.0000,0.0000,2017-08-09
139131,HDFC FMP 1114D MARCH 2016 (1) - Direct Option - Growth Option,INF179KB1OA7,,11.3452,0.0000,0.0000,2017-08-09
139132,HDFC FMP 1114D MARCH 2016 (1) - Regular Option - Dividend Option,INF179KB1OC3,,11.2280,0.0000,0.0000,2017-08-09
139133,HDFC FMP 1114D MARCH 2016 (1) - Regular Option - Growth Option,INF179KB1OD1,,11.2280,0.0000,0.0000,2017-08-09
139134,HDFC FMP 1114D MARCH 2016 (1) - Regular Option - Quarterly Dividend Option,INF179KB1OE9,,10.2388,0.0000,0.0000,2017-08-09
133466,HDFC FMP 1115D JANUARY 2015(1) - DIRECT OPTION - DIVIDEND OPTION,INF179KA1R37,,12.3451,0.0000,0.0000,2017-08-09
133460,HDFC FMP 1115D JANUARY 2015(1) - DIRECT OPTION - GROWTH OPTION,INF179KA1R29,,12.3451,0.0000,0.0000,2017-08-09
133461,HDFC FMP 1115D JANUARY 2015(1) - DIRECT OPTION - QUARTERLY DIVIDEND OPTION,INF179KA1R45,,10.0839,0.0000,0.0000,2017-08-09
133462,HDFC FMP 1115D JANUARY 2015(1) - REGULAR OPTION - DIVIDEND OPTION,INF179KA1R78,,12.2503,0.0000,0.0000,2017-08-09
133463,HDFC FMP 1115D JANUARY 2015(1) - REGULAR OPTION - FLEXI OPTION,INF179KA1R94,,12.2503,0.0000,0.0000,2017-08-09
133464,HDFC FMP 1115D JANUARY 2015(1) - REGULAR OPTION - GROWTH OPTION,INF179KA1R60,,12.2503,0.0000,0.0000,2017-08-09
133465,HDFC FMP 1115D JANUARY 2015(1) - REGULAR OPTION - QUARTERLY DIVIDEND OPTION,INF179KA1R86,,10.0802,0.0000,0.0000,2017-08-09
134380,HDFC FMP 1115D March 2015 (1)-Direct Option-Dividend Option,INF179KA19N7,,12.0975,0.0000,0.0000,2017-08-09
134377,HDFC FMP 1115D March 2015 (1)-Direct Option-Flexi Option,INF179KA11O2,,12.0975,0.0000,0.0000,2017-08-09
134381,HDFC FMP 1115D March 2015 (1)-Direct Option-Growth Option,INF179KA18N9,,12.0975,0.0000,0.0000,2017-08-09
134379,HDFC FMP 1115D March 2015 (1)-Direct Option-Quarterly Dividend Option,INF179KA10O4,,10.1586,0.0000,0.0000,2017-08-09
134375,HDFC FMP 1115D March 2015 (1)-Regular Option-Dividend Option,INF179KA13O8,,12.0129,0.0000,0.0000,2017-08-09
134378,HDFC FMP 1115D March 2015 (1)-Regular Option-Flexi Option,INF179KA15O3,,12.0129,0.0000,0.0000,2017-08-09
134376,HDFC FMP 1115D March 2015 (1)-Regular Option-Growth Option,INF179KA12O0,,12.0129,0.0000,0.0000,2017-08-09
134382,HDFC FMP 1115D March 2015 (1)-Regular Option-Quarterly Dividend Option,INF179KA14O6,,10.1550,0.0000,0.0000,2017-08-09
130844,HDFC FMP 1116D JULY 2014(1) - Direct Option - Dividend Option,INF179KA1UH0,,12.9707,0.0000,0.0000,2017-08-09
130843,HDFC FMP 1116D JULY 2014(1) - Direct Option - Flexi Option,INF179KA1UJ6,,12.9707,0.0000,0.0000,2017-08-09
130838,HDFC FMP 1116D JULY 2014(1) - Direct Option - Growth Option,INF179KA1UG2,,12.9707,0.0000,0.0000,2017-08-09
130839,HDFC FMP 1116D JULY 2014(1) - Direct Option - Quarterly Dividend Option,INF179KA1UI8,,10.0726,0.0000,0.0000,2017-08-09
130840,HDFC FMP 1116D JULY 2014(1) - Regular Option - Dividend Option,INF179KA1UL2,,12.8548,0.0000,0.0000,2017-08-09
130841,HDFC FMP 1116D JULY 2014(1) - Regular Option - Flexi Option,INF179KA1UN8,,12.8548,0.0000,0.0000,2017-08-09
130845,HDFC FMP 1116D JULY 2014(1) - Regular Option - Growth Option,INF179KA1UK4,,12.8548,0.0000,0.0000,2017-08-09
130842,HDFC FMP 1116D JULY 2014(1) - Regular Option - Quarterly Dividend Option,INF179KA1UM0,,10.0691,0.0000,0.0000,2017-08-09
139141,HDFC FMP 1120D MARCH 2016 (1) - Direct Option - Dividend Option,INF179KB1OL4,,11.3391,0.0000,0.0000,2017-08-09
139139,HDFC FMP 1120D MARCH 2016 (1) - Direct Option - Growth Option,INF179KB1OM2,,11.3391,0.0000,0.0000,2017-08-09
139137,HDFC FMP 1120D MARCH 2016 (1) - Regular Option - Dividend Option,INF179KB1OO8,,11.2406,0.0000,0.0000,2017-08-09
139138,HDFC FMP 1120D MARCH 2016 (1) - Regular Option - Growth Option,INF179KB1OP5,,11.2406,0.0000,0.0000,2017-08-09
130802,HDFC FMP 1123D July 2014 (1) - Direct Option - Dividend Option,INF179KA1TZ4,,12.9954,0.0000,0.0000,2017-08-09
130800,HDFC FMP 1123D July 2014 (1) - Direct Option - Growth Option,INF179KA1TY7,,12.9954,0.0000,0.0000,2017-08-09
130801,HDFC FMP 1123D July 2014 (1) - Direct Option - Quarterly Dividend Option,INF179KA1UA5,,10.0749,0.0000,0.0000,2017-08-09
130795,HDFC FMP 1123D July 2014 (1) - Regular Option - Dividend Option,INF179KA1UD9,,12.8785,0.0000,0.0000,2017-08-09
130796,HDFC FMP 1123D July 2014 (1) - Regular Option - Flexi Option,INF179KA1UF4,,12.8785,0.0000,0.0000,2017-08-09
130797,HDFC FMP 1123D July 2014 (1) - Regular Option - Growth Option,INF179KA1UC1,,12.8785,0.0000,0.0000,2017-08-09
130798,HDFC FMP 1123D July 2014 (1) - Regular Option - Quarterly Dividend Option,INF179KA1UE7,,10.0722,0.0000,0.0000,2017-08-09
131522,HDFC FMP 1125D SEPTEMBER 2014 (1) - Direct Option - Dividend Option,INF179KA1ZN7,,12.8111,0.0000,0.0000,2017-08-09
131521,HDFC FMP 1125D SEPTEMBER 2014 (1) - Direct Option - Growth Option,INF179KA1ZM9,,12.8111,0.0000,0.0000,2017-08-09
131523,HDFC FMP 1125D SEPTEMBER 2014 (1) - Direct Option - Quarterly Dividend Option,INF179KA1ZO5,,10.1170,0.0000,0.0000,2017-08-09
131519,HDFC FMP 1125D SEPTEMBER 2014 (1) - Regular Option - Dividend Option,INF179KA1ZR8,,12.7027,0.0000,0.0000,2017-08-09
131520,HDFC FMP 1125D SEPTEMBER 2014 (1) - Regular Option - Flexi Option,INF179KA1ZT4,,12.7027,0.0000,0.0000,2017-08-09
131518,HDFC FMP 1125D SEPTEMBER 2014 (1) - Regular Option - Growth Option,INF179KA1ZQ0,,12.7027,0.0000,0.0000,2017-08-09
131524,HDFC FMP 1125D SEPTEMBER 2014 (1) - Regular Option - Quarterly Dividend Option,INF179KA1ZS6,,10.1136,0.0000,0.0000,2017-08-09
135096,HDFC FMP 1126D July 2015 (1) - Direct Option - Dividend Option,INF179KB1FX7,,11.9274,0.0000,0.0000,2017-08-09
135097,HDFC FMP 1126D July 2015 (1) - Direct Option - Growth Option,INF179KB1FW9,,11.9274,0.0000,0.0000,2017-08-09
135098,HDFC FMP 1126D July 2015 (1) - Regular Option - Dividend Option,INF179KB1GB1,,11.7549,0.0000,0.0000,2017-08-09
135099,HDFC FMP 1126D July 2015 (1) - Regular Option - Growth Option,INF179KB1GA3,,11.7549,0.0000,0.0000,2017-08-09
135100,HDFC FMP 1126D July 2015 (1) - Regular Option - Quarterly Dividend Option,INF179KB1GC9,,10.2079,0.0000,0.0000,2017-08-09
139459,HDFC FMP 1127D June 2016 (1) - Direct Option - Dividend Option,INF179KB1SI1,,11.0962,0.0000,0.0000,2017-08-09
139458,HDFC FMP 1127D June 2016 (1) - Direct Option - Growth Option,INF179KB1SH3,,11.0962,0.0000,0.0000,2017-08-09
139460,HDFC FMP 1127D June 2016 (1) - Direct Option - Quarterly Dividend Option,INF179KB1SJ9,,10.2137,0.0000,0.0000,2017-08-09
139456,HDFC FMP 1127D June 2016 (1) - Regular Option - Dividend Option,INF179KB1SL5,,11.0234,0.0000,0.0000,2017-08-09
139461,HDFC FMP 1127D June 2016 (1) - Regular Option - Growth Option,INF179KB1SK7,,11.0234,0.0000,0.0000,2017-08-09
139457,HDFC FMP 1127D June 2016 (1) - Regular Option - Quarterly Dividend Option,INF179KB1SM3,,10.2129,0.0000,0.0000,2017-08-09
134755,HDFC FMP 1127D May 2015 (1) - Direct Option - Dividend Option,INF179KB1DE2,,12.1909,0.0000,0.0000,2017-08-09
134762,HDFC FMP 1127D May 2015 (1) - Direct Option - Flexi Option,INF179KB1DC6,,12.1909,0.0000,0.0000,2017-08-09
134756,HDFC FMP 1127D May 2015 (1) - Direct Option - Growth Option,INF179KB1DD4,,12.1909,0.0000,0.0000,2017-08-09
134757,HDFC FMP 1127D May 2015 (1) - Direct Option - Quarterly Dividend Option,INF179KB1DF9,,10.2040,0.0000,0.0000,2017-08-09
134758,HDFC FMP 1127D May 2015 (1) - Regular Option - Dividend Option,INF179KB1DI3,,12.0857,0.0000,0.0000,2017-08-09
134759,HDFC FMP 1127D May 2015 (1) - Regular Option - Flexi Option,INF179KB1DG7,,12.0857,0.0000,0.0000,2017-08-09
134760,HDFC FMP 1127D May 2015 (1) - Regular Option - Growth Option,INF179KB1DH5,,12.0857,0.0000,0.0000,2017-08-09
134761,HDFC FMP 1127D May 2015 (1) - Regular Option - Quarterly Dividend Option,INF179KB1DJ1,,10.1992,0.0000,0.0000,2017-08-09
139383,HDFC FMP 1127D May 2016 (1)-Direct Option-Dividend Option,INF179KB1RO1,,11.4195,0.0000,0.0000,2017-08-09
139385,HDFC FMP 1127D May 2016 (1)-Direct Option-Growth Option,INF179KB1RN3,,11.4195,0.0000,0.0000,2017-08-09
139380,HDFC FMP 1127D May 2016 (1)-Regular Option-Dividend Option,INF179KB1RR4,,11.2857,0.0000,0.0000,2017-08-09
139384,HDFC FMP 1127D May 2016 (1)-Regular Option-Growth Option,INF179KB1RQ6,,11.2857,0.0000,0.0000,2017-08-09
139382,HDFC FMP 1127D May 2016 (1)-Regular Option-Quarterly Dividend Option,INF179KB1RS2,,10.3344,0.0000,0.0000,2017-08-09
139498,HDFC FMP 1128D June 2016 (1) - Direct Option - Dividend Option,INF179KB1SO9,,11.3160,0.0000,0.0000,2017-08-09
139497,HDFC FMP 1128D June 2016 (1) - Direct Option - Growth Option,INF179KB1SN1,,11.3160,0.0000,0.0000,2017-08-09
139499,HDFC FMP 1128D June 2016 (1) - Direct Option - Quarterly Dividend Option,INF179KB1SP6,,10.3203,0.0000,0.0000,2017-08-09
139500,HDFC FMP 1128D June 2016 (1) - Regular Option - Dividend Option,INF179KB1SR2,,11.1849,0.0000,0.0000,2017-08-09
139501,HDFC FMP 1128D June 2016 (1) - Regular Option - Growth Option,INF179KB1SQ4,,11.1849,0.0000,0.0000,2017-08-09
139502,HDFC FMP 1128D June 2016 (1) - Regular Option - Quarterly Dividend Option,INF179KB1SS0,,10.3176,0.0000,0.0000,2017-08-09
134292,HDFC FMP 1128D March 2015 (1)-Direct Option-Dividend Option,INF179KA15L9,,12.2235,0.0000,0.0000,2017-08-09
134289,HDFC FMP 1128D March 2015 (1)-Direct Option-Growth Option,INF179KA14L2,,12.2235,0.0000,0.0000,2017-08-09
134290,HDFC FMP 1128D March 2015 (1)-Direct Option-Quarterly Dividend Option,INF179KA16L7,,10.1424,0.0000,0.0000,2017-08-09
134287,HDFC FMP 1128D March 2015 (1)-Regular Option Quarterly Dividend Option,INF179KA10M8,,10.1390,0.0000,0.0000,2017-08-09
134293,HDFC FMP 1128D March 2015 (1)-Regular Option-Dividend Option,INF179KA19L1,,12.1367,0.0000,0.0000,2017-08-09
134294,HDFC FMP 1128D March 2015 (1)-Regular Option-Growth Option,INF179KA18L3,,12.1367,0.0000,0.0000,2017-08-09
131426,HDFC FMP 1128D September 2014 (1)-Direct Plan-Dividend Option,INF179KA1YP5,,12.8750,0.0000,0.0000,2017-08-09
131427,HDFC FMP 1128D September 2014 (1)-Direct Plan-Growth Option,INF179KA1YO8,,12.8750,0.0000,0.0000,2017-08-09
131428,HDFC FMP 1128D September 2014 (1)-Direct Plan-Quarterly Dividend Option,INF179KA1YQ3,,10.0975,0.0000,0.0000,2017-08-09
131431,HDFC FMP 1128D September 2014 (1)-Regular Plan-Dividend Option,INF179KA1YT7,,12.7645,0.0000,0.0000,2017-08-09
131429,HDFC FMP 1128D September 2014 (1)-Regular Plan-Flexi Option,INF179KA1YV3,,12.7645,0.0000,0.0000,2017-08-09
131433,HDFC FMP 1128D September 2014 (1)-Regular Plan-Growth Option,INF179KA1YS9,,12.7645,0.0000,0.0000,2017-08-09
131430,HDFC FMP 1128D September 2014 (1)-Regular Plan-Quarterly Dividend Option,INF179KA1YU5,,10.0937,0.0000,0.0000,2017-08-09
136439,HDFC FMP 1132D February 2016 (1) - Direct Option - Dividend Option,INF179KB1NK8,,11.3742,0.0000,0.0000,2017-08-09
136441,HDFC FMP 1132D February 2016 (1) - Direct Option - Growth Option,INF179KB1NJ0,,11.4382,0.0000,0.0000,2017-08-09
136443,HDFC FMP 1132D February 2016 (1) - Regular Option - Dividend Option,INF179KB1NN2,,11.2817,0.0000,0.0000,2017-08-09
136442,HDFC FMP 1132D February 2016 (1) - Regular Option - Growth Option,INF179KB1NM4,,11.3384,0.0000,0.0000,2017-08-09
136444,HDFC FMP 1132D February 2016 (1) - Regular Option - Quarterly Dividend Option,INF179KB1NO0,,10.2744,0.0000,0.0000,2017-08-09
135008,HDFC FMP 1134D July 2015 (1)-Direct Option-Dividend Option,INF179KB1FP3,,11.9509,0.0000,0.0000,2017-08-09
135007,HDFC FMP 1134D July 2015 (1)-Direct Option-Growth Option,INF179KB1FO6,,11.9509,0.0000,0.0000,2017-08-09
135009,HDFC FMP 1134D July 2015 (1)-Direct Option-Quarterly Dividend Option,INF179KB1FQ1,,10.2070,0.0000,0.0000,2017-08-09
135010,HDFC FMP 1134D July 2015 (1)-Regular Option-Dividend Option,INF179KB1FT5,,11.8768,0.0000,0.0000,2017-08-09
135004,HDFC FMP 1134D July 2015 (1)-Regular Option-Growth Option,INF179KB1FS7,,11.8768,0.0000,0.0000,2017-08-09
135005,HDFC FMP 1134D July 2015 (1)-Regular Option-Quarterly Dividend Option,INF179KB1FU3,,10.2032,0.0000,0.0000,2017-08-09
131277,HDFC FMP 1134D September 2014 (1) - Direct Option - Dividend Option,INF179KA1XJ0,,13.0622,0.0000,0.0000,2017-08-09
131279,HDFC FMP 1134D September 2014 (1) - Direct Option - Flexi Option,INF179KA1XL6,,13.0622,0.0000,0.0000,2017-08-09
131280,HDFC FMP 1134D September 2014 (1) - Direct Option - Growth Option,INF179KA1XI2,,13.0622,0.0000,0.0000,2017-08-09
131281,HDFC FMP 1134D September 2014 (1) - Direct Option - Quarterly Dividend Option,INF179KA1XK8,,10.1043,0.0000,0.0000,2017-08-09
131282,HDFC FMP 1134D September 2014 (1) - Regular Option - Dividend Option,INF179KA1XN2,,12.9499,0.0000,0.0000,2017-08-09
131278,HDFC FMP 1134D September 2014 (1) - Regular Option - Flexi Option,INF179KA1XP7,,12.9499,0.0000,0.0000,2017-08-09
131283,HDFC FMP 1134D September 2014 (1) - Regular Option - Growth Option,INF179KA1XM4,,12.9499,0.0000,0.0000,2017-08-09
131284,HDFC FMP 1134D September 2014 (1) - Regular Option - Quarterly Dividend Option,INF179KA1XO0,,10.1006,0.0000,0.0000,2017-08-09
134197,HDFC FMP 1135D March 2015 (1)-Direct Option-Dividend Option,INF179KA18I9,,12.2744,0.0000,0.0000,2017-08-09
134198,HDFC FMP 1135D March 2015 (1)-Direct Option-Growth Option,INF179KA14J6,,12.2744,0.0000,0.0000,2017-08-09
134201,HDFC FMP 1135D March 2015 (1)-Direct Option-Quarterly Dividend Option,INF179KA15J3,,10.1508,0.0000,0.0000,2017-08-09
134204,HDFC FMP 1135D March 2015 (1)-Regular Option-Dividend Option,INF179KA11J2,,12.1859,0.0000,0.0000,2017-08-09
134199,HDFC FMP 1135D March 2015 (1)-Regular Option-Flexi Option,INF179KA13J8,,12.1859,0.0000,0.0000,2017-08-09
134203,HDFC FMP 1135D March 2015 (1)-Regular Option-Growth Option,INF179KA10J4,,12.1859,0.0000,0.0000,2017-08-09
134200,HDFC FMP 1135D March 2015 (1)-Regular Option-Quarterly Dividend Option,INF179KA12J0,,10.1473,0.0000,0.0000,2017-08-09
141497,HDFC FMP 1136D June 2017 (1)-Direct Option-Dividend Option,INF179KB1U63,,10.1973,0.0000,0.0000,2017-08-09
141495,HDFC FMP 1136D June 2017 (1)-Direct Option-Growth Option,INF179KB1U55,,10.1973,0.0000,0.0000,2017-08-09
141496,HDFC FMP 1136D June 2017 (1)-Direct Option-Quarterly Dividend Option,INF179KB1U71,,10.1973,0.0000,0.0000,2017-08-09
141493,HDFC FMP 1136D June 2017 (1)-Regular Option-Dividend Option,INF179KB1U97,,10.1955,0.0000,0.0000,2017-08-09
141492,HDFC FMP 1136D June 2017 (1)-Regular Option-Growth Option,INF179KB1U89,,10.1955,0.0000,0.0000,2017-08-09
141494,HDFC FMP 1136D June 2017 (1)-Regular Option-Quarterly Dividend Option,INF179KB1V05,,10.1955,0.0000,0.0000,2017-08-09
139087,HDFC FMP 1140D March 2016 (1) - Direct Option -  Quarterly Dividend Option,INF179KB1OG4,,10.3085,0.0000,0.0000,2017-08-09
139085,HDFC FMP 1140D March 2016 (1) - Direct Option - Dividend Option,INF179KB1OF6,,11.7046,0.0000,0.0000,2017-08-09
139086,HDFC FMP 1140D March 2016 (1) - Direct Option - Growth Option,INF179KB1OH2,,11.7046,0.0000,0.0000,2017-08-09
139089,HDFC FMP 1140D March 2016 (1) - Regular Option - Growth Option,INF179KB1OI0,,11.5397,0.0000,0.0000,2017-08-09
139090,HDFC FMP 1140D March 2016 (1) - Regular Option - Quarterly Dividend Option,INF179KB1OK6,,10.3047,0.0000,0.0000,2017-08-09
139088,HDFC FMP 1140D March 2016 (1) - Regular Option- Dividend Option,INF179KB1OJ8,,11.5397,0.0000,0.0000,2017-08-09
135137,HDFC FMP 1141D July 2015 (1)-Direct Option-Dividend Option,INF179KB1GF2,,11.8729,0.0000,0.0000,2017-08-09
135138,HDFC FMP 1141D July 2015 (1)-Direct Option-Growth Option,INF179KB1GE5,,11.8729,0.0000,0.0000,2017-08-09
135141,HDFC FMP 1141D July 2015 (1)-Direct Option-Quarterly Dividend Option,INF179KB1GG0,,10.2012,0.0000,0.0000,2017-08-09
135140,HDFC FMP 1141D July 2015 (1)-Regular Option-Dividend Option,INF179KB1GJ4,,11.7717,0.0000,0.0000,2017-08-09
135139,HDFC FMP 1141D July 2015 (1)-Regular Option-Growth Option,INF179KB1GI6,,11.7717,0.0000,0.0000,2017-08-09
135142,HDFC FMP 1141D July 2015 (1)-Regular Option-Quarterly Dividend Option,INF179KB1GK2,,10.2007,0.0000,0.0000,2017-08-09
123200,HDFC FMP 1143D July 2013 (1)-Direct Option-Dividend Option,INF179K01Y44,,10.6559,0.0000,0.0000,2017-08-09
123203,HDFC FMP 1143D July 2013 (1)-Direct Option-Growth Option,INF179K01Y36,,14.1628,0.0000,0.0000,2017-08-09
123201,HDFC FMP 1143D July 2013 (1)-Direct Option-Quarterly Dividend Option,INF179K01Y51,,10.0879,0.0000,0.0000,2017-08-09
123196,HDFC FMP 1143D July 2013 (1)-Regular Option-Dividend Option,INF179K01Y85,,10.6471,0.0000,0.0000,2017-08-09
123202,HDFC FMP 1143D July 2013 (1)-Regular Option-Growth Option,INF179K01Y77,,14.0632,0.0000,0.0000,2017-08-09
136253,HDFC FMP 1148D February 2016 (1) - Direct Option - Dividend Option,INF179KB1MM6,,11.4703,0.0000,0.0000,2017-08-09
136250,HDFC FMP 1148D February 2016 (1) - Regular Option - Dividend Option,INF179KB1MP9,,11.3653,0.0000,0.0000,2017-08-09
136251,HDFC FMP 1148D February 2016 (1) - Regular Option - Growth Option,INF179KB1MO2,,11.3653,0.0000,0.0000,2017-08-09
136252,HDFC FMP 1148D February 2016 (1) - Regular Option - Quarterly Dividend Option,INF179KB1MQ7,,10.2799,0.0000,0.0000,2017-08-09
136254,HDFC FMP 1148D February 2016 (1) Direct Option - Growth Option,INF179KB1ML8,,11.4703,0.0000,0.0000,2017-08-09
136255,HDFC FMP 1148D February 2016 (1) Direct Option - Quarterly Dividend Option,INF179KB1MN4,,10.2805,0.0000,0.0000,2017-08-09
136387,HDFC FMP 1148D February 2016 (2)-Direct Option-Growth Option,INF179KB1MX3,,11.7035,0.0000,0.0000,2017-08-09
136389,HDFC FMP 1148D February 2016 (2)-Direct Option-Quarterly Dividend Option,INF179KB1MZ8,,10.2944,0.0000,0.0000,2017-08-09
136388,HDFC FMP 1148D February 2016 (2)-Regular Option-Dividend Option,INF179KB1NB7,,11.5378,0.0000,0.0000,2017-08-09
136384,HDFC FMP 1148D February 2016 (2)-Regular Option-Growth Option,INF179KB1NA9,,11.5378,0.0000,0.0000,2017-08-09
136385,HDFC FMP 1148D February 2016 (2)-Regular Option-Quarterly Dividend Option,INF179KB1NC5,,10.2905,0.0000,0.0000,2017-08-09
140702,HDFC FMP 1150D February 2017 (1) - Direct Option - Dividend Option,INF179KB1C99,,10.4142,0.0000,0.0000,2017-08-09
140701,HDFC FMP 1150D February 2017 (1) - Direct Option - Growth Option,INF179KB1C81,,10.4142,0.0000,0.0000,2017-08-09
140703,HDFC FMP 1150D February 2017 (1) - Direct Option - Quarterly Dividend Option,INF179KB1D07,,10.1396,0.0000,0.0000,2017-08-09
140699,HDFC FMP 1150D February 2017 (1) - Regular Option - Dividend Option,INF179KB1D23,,10.4111,0.0000,0.0000,2017-08-09
140704,HDFC FMP 1150D February 2017 (1) - Regular Option - Growth Option,INF179KB1D15,,10.4111,0.0000,0.0000,2017-08-09
140700,HDFC FMP 1150D February 2017 (1) - Regular Option - Quarterly Dividend Option,INF179KB1D31,,10.1389,0.0000,0.0000,2017-08-09
139311,HDFC FMP 1153D April 2016 (1) - Direct Option - Dividend Option,INF179KB1QK1,,11.4868,0.0000,0.0000,2017-08-09
139312,HDFC FMP 1153D April 2016 (1) - Direct Option - Growth Option,INF179KB1QJ3,,11.4868,0.0000,0.0000,2017-08-09
139315,HDFC FMP 1153D April 2016 (1) - Direct Option - Quarterly Dividend Option,INF179KB1QL9,,10.3288,0.0000,0.0000,2017-08-09
139313,HDFC FMP 1153D April 2016 (1) - Regular Option - Dividend Option,INF179KB1QN5,,11.3501,0.0000,0.0000,2017-08-09
139316,HDFC FMP 1153D April 2016 (1) - Regular Option - Growth Option,INF179KB1QM7,,11.3501,0.0000,0.0000,2017-08-09
139314,HDFC FMP 1153D April 2016 (1) - Regular Option - Quarterly Dividend Option,INF179KB1QO3,,10.3266,0.0000,0.0000,2017-08-09
136164,HDFC FMP 1155D February 2016 (1) - Direct Option - Dividend Option,INF179KB1LU1,,11.4760,0.0000,0.0000,2017-08-09
136162,HDFC FMP 1155D February 2016 (1) - Direct Option - Growth Option,INF179KB1LT3,,11.4760,0.0000,0.0000,2017-08-09
136163,HDFC FMP 1155D February 2016 (1) - Direct Option - Quarterly Dividend Option,INF179KB1LV9,,10.2642,0.0000,0.0000,2017-08-09
136159,HDFC FMP 1155D February 2016 (1) - Regular Option - Dividend Option,INF179KB1LX5,,11.3689,0.0000,0.0000,2017-08-09
136160,HDFC FMP 1155D February 2016 (1) - Regular Option - Growth Option,INF179KB1LW7,,11.3689,0.0000,0.0000,2017-08-09
136161,HDFC FMP 1155D February 2016 (1) - Regular Option - Quarterly Dividend Option,INF179KB1LY3,,10.2637,0.0000,0.0000,2017-08-09
140718,HDFC FMP 1155D February 2017 (1) - Direct Option - Dividend Option,INF179KB1B74,,10.4137,0.0000,0.0000,2017-08-09
140717,HDFC FMP 1155D February 2017 (1) - Direct Option - Growth Option,INF179KB1B66,,10.4137,0.0000,0.0000,2017-08-09
140719,HDFC FMP 1155D February 2017 (1) - Direct Option - Quarterly Dividend Option,INF179KB1B82,,10.1320,0.0000,0.0000,2017-08-09
140716,HDFC FMP 1155D February 2017 (1) - Regular Option - Dividend Option,INF179KB1C08,,10.4112,0.0000,0.0000,2017-08-09
140715,HDFC FMP 1155D February 2017 (1) - Regular Option - Growth Option,INF179KB1B90,,10.4112,0.0000,0.0000,2017-08-09
140720,HDFC FMP 1155D February 2017 (1) - Regular Option - Quarterly Dividend Option,INF179KB1C16,,10.1313,0.0000,0.0000,2017-08-09
133904,HDFC FMP 1157D February 2015 (1)-Direct Option-Dividend Option,INF179KA15C8,,12.3394,0.0000,0.0000,2017-08-09
133907,HDFC FMP 1157D February 2015 (1)-Direct Option-Flexi Option,INF179KA17C4,,12.3394,0.0000,0.0000,2017-08-09
133906,HDFC FMP 1157D February 2015 (1)-Direct Option-Growth Option,INF179KA14C1,,12.3394,0.0000,0.0000,2017-08-09
133901,HDFC FMP 1157D February 2015 (1)-Regular Option-Dividend Option,INF179KA19C0,,12.2489,0.0000,0.0000,2017-08-09
133903,HDFC FMP 1157D February 2015 (1)-Regular Option-Flexi Option,INF179KA11D5,,12.2489,0.0000,0.0000,2017-08-09
133900,HDFC FMP 1157D February 2015 (1)-Regular Option-Growth Option,INF179KA18C2,,12.2489,0.0000,0.0000,2017-08-09
133902,HDFC FMP 1157D February 2015 (1)-Regular Option-QuarterlyDividend Option,INF179KA10D7,,10.1366,0.0000,0.0000,2017-08-09
136288,HDFC FMP 1161D February 2016 (1)-Direct Option-Dividend Option,INF179KB1MS3,,11.8029,0.0000,0.0000,2017-08-09
136292,HDFC FMP 1161D February 2016 (1)-Direct Option-Growth Option,INF179KB1MR5,,11.8029,0.0000,0.0000,2017-08-09
136289,HDFC FMP 1161D February 2016 (1)-Direct Option-Quarterly Dividend Option,INF179KB1MT1,,10.3308,0.0000,0.0000,2017-08-09
136290,HDFC FMP 1161D February 2016 (1)-Regular Option-Dividend Option,INF179KB1MV7,,11.6978,0.0000,0.0000,2017-08-09
136291,HDFC FMP 1161D February 2016 (1)-Regular Option-Growth Option,INF179KB1MU9,,11.6978,0.0000,0.0000,2017-08-09
136293,HDFC FMP 1161D February 2016 (1)-Regular Option-Quarterly Dividend Option,INF179KB1MW5,,10.3232,0.0000,0.0000,2017-08-09
139611,HDFC FMP 1161D July 2016 (1) - Direct Option - Dividend Option,INF179KB1TI9,,11.1576,0.0000,0.0000,2017-08-09
139608,HDFC FMP 1161D July 2016 (1) - Direct Option - Growth Option,INF179KB1TH1,,11.1576,0.0000,0.0000,2017-08-09
139607,HDFC FMP 1161D July 2016 (1) - Direct Option - Quarterly Dividend Option,INF179KB1TJ7,,10.2757,0.0000,0.0000,2017-08-09
139606,HDFC FMP 1161D July 2016 (1) - Regular Option - Dividend Option,INF179KB1TL3,,11.0281,0.0000,0.0000,2017-08-09
139609,HDFC FMP 1161D July 2016 (1) - Regular Option - Growth Option,INF179KB1TK5,,11.0281,0.0000,0.0000,2017-08-09
139610,HDFC FMP 1161D July 2016 (1) - Regular Option - Quarterly Dividend Option,INF179KB1TM1,,10.2642,0.0000,0.0000,2017-08-09
141227,HDFC FMP 1165D April 2017 (1) - Direct Option -  Dividend Option,INF179KB1J19,,10.3262,0.0000,0.0000,2017-08-09
141229,HDFC FMP 1165D April 2017 (1) - Direct Option -  Growth Option,INF179KB1J01,,10.3262,0.0000,0.0000,2017-08-09
141230,HDFC FMP 1165D April 2017 (1) - Direct Option -  Quarterly Dividend Option,INF179KB1J27,,10.1716,0.0000,0.0000,2017-08-09
141231,HDFC FMP 1165D April 2017 (1) - Regular Option -  Dividend Option,INF179KB1J43,,10.3163,0.0000,0.0000,2017-08-09
141232,HDFC FMP 1165D April 2017 (1) - Regular Option -  Growth Option,INF179KB1J35,,10.3163,0.0000,0.0000,2017-08-09
141228,HDFC FMP 1165D April 2017 (1) - Regular Option -  Quarterly Dividend Option,INF179KB1J50,,10.1680,0.0000,0.0000,2017-08-09
141380,HDFC FMP 1166D May 2017 (1) - Direct Option -  Dividend Option,INF179KB1O38,,10.3211,0.0000,0.0000,2017-08-09
141381,HDFC FMP 1166D May 2017 (1) - Direct Option -  Growth Option,INF179KB1O20,,10.3211,0.0000,0.0000,2017-08-09
141382,HDFC FMP 1166D May 2017 (1) - Direct Option -  Quarterly Dividend Option,INF179KB1O46,,10.2083,0.0000,0.0000,2017-08-09
141383,HDFC FMP 1166D May 2017 (1) - Regular Option -  Dividend Option,INF179KB1O61,,10.3185,0.0000,0.0000,2017-08-09
141384,HDFC FMP 1166D May 2017 (1) - Regular Option -  Growth Option,INF179KB1O53,,10.3185,0.0000,0.0000,2017-08-09
141385,HDFC FMP 1166D May 2017 (1) - Regular Option -  Quarterly Dividend Option,INF179KB1O79,,10.2070,0.0000,0.0000,2017-08-09
136119,HDFC FMP 1167D January 2016 (1) - Direct Option - Dividend Option,INF179KB1LO4,,11.4982,0.0000,0.0000,2017-08-09
136120,HDFC FMP 1167D January 2016 (1) - Direct Option - Growth Option,INF179KB1LN6,,11.4982,0.0000,0.0000,2017-08-09
136116,HDFC FMP 1167D January 2016 (1) - Direct Option - Quarterly Option,INF179KB1LP1,,10.2487,0.0000,0.0000,2017-08-09
136117,HDFC FMP 1167D January 2016 (1) - Regular Option - Dividend Option,INF179KB1LR7,,11.3722,0.0000,0.0000,2017-08-09
136115,HDFC FMP 1167D January 2016 (1) - Regular Option - Growth Option,INF179KB1LQ9,,11.3722,0.0000,0.0000,2017-08-09
136118,HDFC FMP 1167D January 2016 (1) - Regular Option - Quarterly Option,INF179KB1LS5,,10.2480,0.0000,0.0000,2017-08-09
136176,HDFC FMP 1168D February 2016 (1) - Direct Option - Dividend Option,INF179KB1MA1,,11.8064,0.0000,0.0000,2017-08-09
136174,HDFC FMP 1168D February 2016 (1) - Direct Option - Growth Option,INF179KB1LZ0,,11.8064,0.0000,0.0000,2017-08-09
136179,HDFC FMP 1168D February 2016 (1) - Regular Option - Growth Option,INF179KB1MC7,,11.7961,0.0000,0.0000,2017-08-09
136175,HDFC FMP 1168D February 2016 (1) - Regular Option - Quarterly Dividend Option,INF179KB1ME3,,10.3396,0.0000,0.0000,2017-08-09
140585,FMP 1169D February 2017 (1) Series 37 - Direct - Growth,INF179KB1A42,,10.4063,0.0000,0.0000,2017-08-09
140590,FMP 1169D February 2017 (1) Series 37 - Direct - Normal Dividend,INF179KB1A59,,10.4063,0.0000,0.0000,2017-08-09
140586,FMP 1169D February 2017 (1) Series 37 - Direct - Quaterly Dividend,INF179KB1A67,,10.1348,0.0000,0.0000,2017-08-09
140588,FMP 1169D February 2017 (1) Series 37 - Regular - Growth,INF179KB1A75,,10.3822,0.0000,0.0000,2017-08-09
140587,FMP 1169D February 2017 (1) Series 37 - Regular - Normal Dividend,INF179KB1A83,,10.3822,0.0000,0.0000,2017-08-09
140589,FMP 1169D February 2017 (1) Series 37 - Regular - Quaterly Dividend,INF179KB1A91,,10.1295,0.0000,0.0000,2017-08-09
140693,HDFC FMP 1170D February 2017 (1) - Direct Option - Dividend Option,INF179KB1C32,,10.5410,0.0000,0.0000,2017-08-09
140694,HDFC FMP 1170D February 2017 (1) - Direct Option - Growth Option,INF179KB1C24,,10.5410,0.0000,0.0000,2017-08-09
140697,HDFC FMP 1170D February 2017 (1) - Direct Option - Quarterly Dividend Option,INF179KB1C40,,10.2523,0.0000,0.0000,2017-08-09
140698,HDFC FMP 1170D February 2017 (1) - Regular Option - Dividend Option,INF179KB1C65,,10.5182,0.0000,0.0000,2017-08-09
140695,HDFC FMP 1170D February 2017 (1) - Regular Option - Growth Option,INF179KB1C57,,10.5182,0.0000,0.0000,2017-08-09
140696,HDFC FMP 1170D February 2017 (1) - Regular Option - Quarterly Dividend Option,INF179KB1C73,,10.2480,0.0000,0.0000,2017-08-09
141218,HDFC FMP 1172D APRIL 2017 (1)  - Direct Dividend Option,INF179KB1I36,,10.3422,0.0000,0.0000,2017-08-09
141219,HDFC FMP 1172D APRIL 2017 (1)  - Direct Growth Option,INF179KB1I28,,10.3422,0.0000,0.0000,2017-08-09
141220,HDFC FMP 1172D APRIL 2017 (1)  - Direct Quaterly Dividend Option,INF179KB1I44,,10.1739,0.0000,0.0000,2017-08-09
141217,HDFC FMP 1172D APRIL 2017 (1)  - Regular Dividend Option,INF179KB1I69,,10.3319,0.0000,0.0000,2017-08-09
141222,HDFC FMP 1172D APRIL 2017 (1)  - Regular Growth Option,INF179KB1I51,,10.3319,0.0000,0.0000,2017-08-09
141221,HDFC FMP 1172D APRIL 2017 (1)  - Regular Quaterly Dividend Option,INF179KB1I93,,10.1702,0.0000,0.0000,2017-08-09
126768,HDFC FMP 1175D January 2014 (1) - Direct Option-Dividend Option,INF179KB1K08,,10.3116,0.0000,0.0000,2017-08-09
126769,HDFC FMP 1175D January 2014 (1) - Direct Option-Flexi Option,INF179KB1K24,,14.1436,0.0000,0.0000,2017-08-09
126770,HDFC FMP 1175D January 2014 (1) - Direct Option-Growth Option,INF179KB1J92,,14.1436,0.0000,0.0000,2017-08-09
126771,HDFC FMP 1175D January 2014 (1) - Direct Option-Quarterly Dividend Option,INF179KB1K16,,10.1589,0.0000,0.0000,2017-08-09
126772,HDFC FMP 1175D January 2014 (1) - Regular Option-Dividend Option,INF179KB1J68,,10.2975,0.0000,0.0000,2017-08-09
126766,HDFC FMP 1175D January 2014 (1) - Regular Option-Growth Option,INF179KB1J84,,14.0564,0.0000,0.0000,2017-08-09
126767,HDFC FMP 1175D January 2014 (1) - Regular Option-Quarterly Dividend Option,INF179KB1J76,,10.1558,0.0000,0.0000,2017-08-09
136076,HDFC FMP 1176D January 2016 (1) - Direct Option - Dividend Option,INF179KB1LE5,,11.5048,0.0000,0.0000,2017-08-09
136077,HDFC FMP 1176D January 2016 (1) - Direct Option - Growth Option,INF179KB1LD7,,11.5048,0.0000,0.0000,2017-08-09
136078,HDFC FMP 1176D January 2016 (1) - Direct Option - Quarterly Dividend Option,INF179KB1LF2,,10.2264,0.0000,0.0000,2017-08-09
136079,HDFC FMP 1176D January 2016 (1) - Regular Option - Dividend Option,INF179KB1LH8,,11.3963,0.0000,0.0000,2017-08-09
136080,HDFC FMP 1176D January 2016 (1) - Regular Option - Growth Option,INF179KB1LG0,,11.3963,0.0000,0.0000,2017-08-09
136081,HDFC FMP 1176D January 2016 (1) - Regular Option - Quarterly Dividend Option,INF179KB1LI6,,10.2257,0.0000,0.0000,2017-08-09
140665,HDFC FMP 1178D February 2017 (1) - Direct Option -  Dividend Option,INF179KB1B17,,10.5448,0.0000,0.0000,2017-08-09
140666,HDFC FMP 1178D February 2017 (1) - Direct Option -  Growth Option,INF179KB1B09,,10.5448,0.0000,0.0000,2017-08-09
140667,HDFC FMP 1178D February 2017 (1) - Direct Option -  Quarterly Dividend Option,INF179KB1B25,,10.2412,0.0000,0.0000,2017-08-09
140668,HDFC FMP 1178D February 2017 (1) - Regular Option -  Dividend Option,INF179KB1B41,,10.5168,0.0000,0.0000,2017-08-09
140669,HDFC FMP 1178D February 2017 (1) - Regular Option -  Growth Option,INF179KB1B33,,10.5168,0.0000,0.0000,2017-08-09
140670,HDFC FMP 1178D February 2017 (1) - Regular Option - Quarterly Dividend Option,INF179KB1B58,,10.2362,0.0000,0.0000,2017-08-09
136022,HDFC FMP 1183D January 2016 (1) - Direct Option - Dividend Option,INF179KB1KY5,,11.5377,0.0000,0.0000,2017-08-09
136023,HDFC FMP 1183D January 2016 (1) - Direct Option - Growth Option,INF179KB1KX7,,11.5377,0.0000,0.0000,2017-08-09
136024,HDFC FMP 1183D January 2016 (1) - Direct Option - Quarterly Dividend Option,INF179KB1KZ2,,10.2202,0.0000,0.0000,2017-08-09
136025,HDFC FMP 1183D January 2016 (1) - Regular Option - Dividend Option,INF179KB1LB1,,11.4320,0.0000,0.0000,2017-08-09
136026,HDFC FMP 1183D January 2016 (1) - Regular Option - Growth Option,INF179KB1LA3,,11.4320,0.0000,0.0000,2017-08-09
136027,HDFC FMP 1183D January 2016 (1) - Regular Option - Quarterly Dividend Option,INF179KB1LC9,,10.2197,0.0000,0.0000,2017-08-09
133600,HDFC FMP 1184D January 2015 (1) - Direct Option - Dividend Option,INF179KA1V72,,12.8712,0.0000,0.0000,2017-08-09
133599,HDFC FMP 1184D January 2015 (1) - Direct Option - Growth Option,INF179KA1V64,,12.8712,0.0000,0.0000,2017-08-09
133602,HDFC FMP 1184D January 2015 (1) - Direct Option - Quarterly Dividend Option,INF179KA1V80,,10.2023,0.0000,0.0000,2017-08-09
133596,HDFC FMP 1184D January 2015 (1) - Regular Option - Dividend Option,INF179KA1W14,,12.7739,0.0000,0.0000,2017-08-09
133598,HDFC FMP 1184D January 2015 (1) - Regular Option - Flexi Option,INF179KA1W30,,12.7739,0.0000,0.0000,2017-08-09
133601,HDFC FMP 1184D January 2015 (1) - Regular Option - Growth Option,INF179KA1W06,,12.7739,0.0000,0.0000,2017-08-09
133597,HDFC FMP 1184D January 2015 (1) - Regular Option - Quarterly Dividend Option,INF179KA1W22,,10.1986,0.0000,0.0000,2017-08-09
141127,HDFC FMP 1188D March 2017 (1) - Direct Option -  Dividend Option,INF179KB1H78,,10.4387,0.0000,0.0000,2017-08-09
141132,HDFC FMP 1188D March 2017 (1) - Direct Option -  Growth Option,INF179KB1H60,,10.4387,0.0000,0.0000,2017-08-09
141128,HDFC FMP 1188D March 2017 (1) - Direct Option -  Quarterly Dividend Option,INF179KB1H86,,10.2264,0.0000,0.0000,2017-08-09
141129,HDFC FMP 1188D March 2017 (1) - Regular Option -  Dividend Option,INF179KB1I02,,10.4229,0.0000,0.0000,2017-08-09
141130,HDFC FMP 1188D March 2017 (1) - Regular Option -  Growth Option,INF179KB1H94,,10.4229,0.0000,0.0000,2017-08-09
141131,HDFC FMP 1188D March 2017 (1) - Regular Option -  Quarterly Dividend Option,INF179KB1I10,,10.2209,0.0000,0.0000,2017-08-09
139174,HDFC FMP 1190D March 2016 (1)-Direct Option-Dividend Option,INF179KB1OY7,,11.6662,0.0000,0.0000,2017-08-09
139176,HDFC FMP 1190D March 2016 (1)-Direct Option-Growth Option,INF179KB1OX9,,11.6662,0.0000,0.0000,2017-08-09
139175,HDFC FMP 1190D March 2016 (1)-Direct Option-Quarterly Dividend Option,INF179KB1OZ4,,10.2986,0.0000,0.0000,2017-08-09
139172,HDFC FMP 1190D March 2016 (1)-Regular Option-Dividend Option,INF179KB1PB2,,11.5721,0.0000,0.0000,2017-08-09
139171,HDFC FMP 1190D March 2016 (1)-Regular Option-Growth Option,INF179KB1PA4,,11.5721,0.0000,0.0000,2017-08-09
139173,HDFC FMP 1190D March 2016 (1)-Regular Option-Quarterly Dividend Option,INF179KB1PC0,,10.2911,0.0000,0.0000,2017-08-09
140549,HDFC FMP 1199D January 2017 (1) - Direct Option - Dividend Option,INF179KB1ZN6,,10.5213,0.0000,0.0000,2017-08-09
140552,HDFC FMP 1199D January 2017 (1) - Direct Option - Growth Option,INF179KB1ZM8,,10.5213,0.0000,0.0000,2017-08-09
140553,HDFC FMP 1199D January 2017 (1) - Direct Option - Quarterly Dividend Option,INF179KB1ZO4,,10.1700,0.0000,0.0000,2017-08-09
140554,HDFC FMP 1199D January 2017 (1) - Regular Option - Dividend Option,INF179KB1ZQ9,,10.4612,0.0000,0.0000,2017-08-09
140550,HDFC FMP 1199D January 2017 (1) - Regular Option - Growth Option,INF179KB1ZP1,,10.4612,0.0000,0.0000,2017-08-09
140551,HDFC FMP 1199D January 2017 (1) - Regular Option - Quarterly Dividend Option,INF179KB1ZR7,,10.1552,0.0000,0.0000,2017-08-09
140961,HDFC FMP 1213D March 2017 (1) - Direct Dividend Option,INF179KB1F70,,10.4517,0.0000,0.0000,2017-08-09
140962,HDFC FMP 1213D March 2017 (1) - Direct Growth Option,INF179KB1F62,,10.4517,0.0000,0.0000,2017-08-09
140963,HDFC FMP 1213D March 2017 (1) - Direct Quarterly Dividend Option,INF179KB1F88,,10.2136,0.0000,0.0000,2017-08-09
140960,HDFC FMP 1213D March 2017 (1) - Regular Dividend Option,INF179KB1G04,,10.4251,0.0000,0.0000,2017-08-09
140958,HDFC FMP 1213D March 2017 (1) - Regular Growth Option,INF179KB1F96,,10.4251,0.0000,0.0000,2017-08-09
140959,HDFC FMP 1213D March 2017 (1) - Regular Quarterly  Dividend Option,INF179KB1G12,,10.2045,0.0000,0.0000,2017-08-09
140480,HDFC FMP 1218 DECEMBER 2016 (1) - Direct Option - Dividend Option,INF179KB1ZB1,,10.5851,0.0000,0.0000,2017-08-09
140476,HDFC FMP 1218 DECEMBER 2016 (1) - Direct Option - Growth Option,INF179KB1ZA3,,10.5851,0.0000,0.0000,2017-08-09
140478,HDFC FMP 1218 DECEMBER 2016 (1) - Direct Option - Quaterly Dividend Option,INF179KB1ZC9,,10.1802,0.0000,0.0000,2017-08-09
140477,HDFC FMP 1218 DECEMBER 2016 (1) - Regular Option - Dividend Option,INF179KB1ZE5,,10.5307,0.0000,0.0000,2017-08-09
140481,HDFC FMP 1218 DECEMBER 2016 (1) - Regular Option - Growth Option,INF179KB1ZD7,,10.5307,0.0000,0.0000,2017-08-09
140479,HDFC FMP 1218 DECEMBER 2016 (1) - Regular Option - Quaterly Dividend Option,INF179KB1ZF2,,10.1696,0.0000,0.0000,2017-08-09
140000,HDFC FMP 1302D September 2016 (1) - Direct Option - Dividend Option,INF179KB1WU8,,11.0184,0.0000,0.0000,2017-08-09
139998,HDFC FMP 1302D September 2016 (1) - Direct Option - Quarterly Dividend Option,INF179KB1WV6,,10.3359,0.0000,0.0000,2017-08-09
139997,HDFC FMP 1302D September 2016 (1) - Direct Option-Growth Option,INF179KB1WT0,,11.0184,0.0000,0.0000,2017-08-09
140002,HDFC FMP 1302D September 2016 (1) - Regular Option - Dividend Option,INF179KB1WX2,,10.9708,0.0000,0.0000,2017-08-09
139999,HDFC FMP 1302D September 2016 (1) - Regular Option - Growth Option,INF179KB1WW4,,10.9708,0.0000,0.0000,2017-08-09
140001,HDFC FMP 1302D September 2016 (1) - Regular Option - Quarterly Dividend Option,INF179KB1WY0,,10.3296,0.0000,0.0000,2017-08-09
139951,HDFC FMP 1309D September 2016 (1) - Direct Option - Dividend Option,INF179KB1WO1,,11.0469,0.0000,0.0000,2017-08-09
139952,HDFC FMP 1309D September 2016 (1) - Direct Option - Growth Option,INF179KB1WN3,,11.0469,0.0000,0.0000,2017-08-09
139955,HDFC FMP 1309D September 2016 (1) - Direct Option - Quarterly Dividend Option,INF179KB1WP8,,10.3499,0.0000,0.0000,2017-08-09
139954,HDFC FMP 1309D September 2016 (1) - Regular Option - Dividend Option,INF179KB1WR4,,10.9790,0.0000,0.0000,2017-08-09
139956,HDFC FMP 1309D September 2016 (1) - Regular Option - Growth Option,INF179KB1WQ6,,10.9790,0.0000,0.0000,2017-08-09
139953,HDFC FMP 1309D September 2016 (1) - Regular Option - Quarterly Dividend Option,INF179KB1WS2,,10.3410,0.0000,0.0000,2017-08-09
141730,HDFC FMP 1430D July 2017 (1) - Direct Option -  Dividend Option,INF179KB1W04,,10.0399,0.0000,0.0000,2017-08-09
141735,HDFC FMP 1430D July 2017 (1) - Direct Option -  Growth Option,INF179KB1V96,,10.0399,0.0000,0.0000,2017-08-09
141733,HDFC FMP 1430D July 2017 (1) - Direct Option -  Quarterly Dividend Option,INF179KB1W20,,10.0399,0.0000,0.0000,2017-08-09
141731,HDFC FMP 1430D July 2017 (1) - Regular Option -  Dividend Option,INF179KB1W46,,10.0397,0.0000,0.0000,2017-08-09
141734,HDFC FMP 1430D July 2017 (1) - Regular Option -  Growth Option,INF179KB1W38,,10.0397,0.0000,0.0000,2017-08-09
141732,HDFC FMP 1430D July 2017 (1) - Regular Option -  Quarterly Dividend Option,INF179KB1W53,,10.0397,0.0000,0.0000,2017-08-09
123403,HDFC FMP 1846D August 2013 (1)-Direct Option-Dividend Option,INF179K010A1,,14.5499,0.0000,0.0000,2017-08-09
123402,HDFC FMP 1846D August 2013 (1)-Direct Option-Growth Option,INF179K01Z92,,14.5499,0.0000,0.0000,2017-08-09
123405,HDFC FMP 1846D August 2013 (1)-Direct Option-Quarterly Dividend Option,INF179K011A9,,10.5342,0.0000,0.0000,2017-08-09
123406,HDFC FMP 1846D August 2013 (1)-Regular Option-Dividend Option,INF179K014A3,,14.3769,0.0000,0.0000,2017-08-09
123407,HDFC FMP 1846D August 2013 (1)-Regular Option-Flexi Option,INF179K012A7,,14.3769,0.0000,0.0000,2017-08-09
123401,HDFC FMP 1846D August 2013 (1)-Regular Option-Growth Option,INF179K013A5,,14.3769,0.0000,0.0000,2017-08-09
123408,HDFC FMP 1846D August 2013 (1)-Regular Option-Quarterly Dividend Option,INF179K015A0,,10.5313,0.0000,0.0000,2017-08-09
123735,HDFC FMP 1875D August 2013 (1) - Direct Option - Dividend Option,INF179K010F0,,14.7497,0.0000,0.0000,2017-08-09
123736,HDFC FMP 1875D August 2013 (1) - Direct Option - Flexi Option,INF179K017E8,,14.7497,0.0000,0.0000,2017-08-09
123732,HDFC FMP 1875D August 2013 (1) - Direct Option - Growth Option,INF179K018E6,,14.7497,0.0000,0.0000,2017-08-09
123737,HDFC FMP 1875D August 2013 (1) - Direct Option - Quarterly Dividend Option,INF179K011F8,,10.3850,0.0000,0.0000,2017-08-09
123738,HDFC FMP 1875D August 2013 (1) - Regular Option - Dividend Option,INF179K013E7,,14.5222,0.0000,0.0000,2017-08-09
123733,HDFC FMP 1875D August 2013 (1) - Regular Option - Growth Option,INF179K013F4,,14.5222,0.0000,0.0000,2017-08-09
123734,HDFC FMP 1875D August 2013 (1) - Regular Option - Quarterly Dividend Option,INF179K014E5,,10.3813,0.0000,0.0000,2017-08-09
120096,HDFC FMP 1919D January 2013 (1) Direct Plan Dividend Option,INF179K01ZF8,,14.8430,0.0000,0.0000,2017-08-09
120092,HDFC FMP 1919D January 2013 (1) Direct Plan Flexi Option,INF179K01ZH4,,14.8430,0.0000,0.0000,2017-08-09
120095,HDFC FMP 1919D January 2013 (1) Direct Plan Growth Option,INF179K01ZE1,,14.8430,0.0000,0.0000,2017-08-09
120091,HDFC FMP 1919D January 2013 (1) Direct Plan Quarterly Dividend Option,INF179K01ZG6,,10.1849,0.0000,0.0000,2017-08-09
120090,HDFC FMP 1919D January 2013 (1) Dividend Option,INF179K01ZB7,,14.8430,0.0000,0.0000,2017-08-09
120094,HDFC FMP 1919D January 2013 (1) Flexi Option,INF179K01ZD3,,14.8430,0.0000,0.0000,2017-08-09
120089,HDFC FMP 1919D January 2013 (1) Growth Option,INF179K01ZA9,,14.8430,0.0000,0.0000,2017-08-09
120093,HDFC FMP 1919D January 2013 (1) Quarterly Dividend Option,INF179K01ZC5,,10.1850,0.0000,0.0000,2017-08-09
128538,HDFC FMP 3360D March 2014 (1)-Direct Option-Dividend Option,INF179KA1IC6,,12.8621,0.0000,0.0000,2017-08-09
128539,HDFC FMP 3360D March 2014 (1)-Direct Option-Flexi Option,INF179KA1IE2,,12.8621,0.0000,0.0000,2017-08-09
128544,HDFC FMP 3360D March 2014 (1)-Direct Option-Growth Option,INF179KA1IB8,,12.8621,0.0000,0.0000,2017-08-09
128545,HDFC FMP 3360D March 2014 (1)-Direct Option-Quarterly Dividend Option,INF179KA1ID4,,10.3410,0.0000,0.0000,2017-08-09
128540,HDFC FMP 3360D March 2014 (1)-Regular Option-Dividend Option,INF179KA1IG7,,12.8187,0.0000,0.0000,2017-08-09
128541,HDFC FMP 3360D March 2014 (1)-Regular Option-Flexi Option,INF179KA1II3,,12.8187,0.0000,0.0000,2017-08-09
128542,HDFC FMP 3360D March 2014 (1)-Regular Option-Growth Option,INF179KA1IF9,,12.8187,0.0000,0.0000,2017-08-09
128543,HDFC FMP 3360D March 2014 (1)-Regular Option-Quarterly Dividend Option,INF179KA1IH5,,10.3397,0.0000,0.0000,2017-08-09
123345,HDFC FMP 370D August 2013 (1)-Direct Option-Growth Option,INF179KA1VJ4,,14.0416,0.0000,0.0000,2017-08-09
123350,HDFC FMP 370D August 2013 (1)-Regular Option-Dividend Option,INF179KA1VG0,,10.6779,0.0000,0.0000,2017-08-09
123352,HDFC FMP 370D August 2013 (1)-Regular Option-Flexi Option,INF179KA1VE5,,13.9931,0.0000,0.0000,2017-08-09
123349,HDFC FMP 370D August 2013 (1)-Regular Option-Growth Option,INF179KA1VF2,,13.9931,0.0000,0.0000,2017-08-09
123351,HDFC FMP 370D August 2013 (1)-Regular Option-Quarterly Dividend Option,INF179KA1VH8,,10.0804,0.0000,0.0000,2017-08-09
123529,HDFC FMP 370D August 2013 (2) - Direct Option - Dividend Option,INF179KA1WE3,,10.6885,0.0000,0.0000,2017-08-09
123528,HDFC FMP 370D August 2013 (2) - Direct Option - Growth Option,INF179KA1WD5,,14.0881,0.0000,0.0000,2017-08-09
123533,HDFC FMP 370D August 2013 (2) - Direct Option - Quarterly Dividend Option,INF179KA1WF0,,10.0810,0.0000,0.0000,2017-08-09
123530,HDFC FMP 370D August 2013 (2) - Regular Option - Growth Option,INF179KA1WH6,,14.0394,0.0000,0.0000,2017-08-09
123618,HDFC FMP 370D August 2013 (3) - Direct Option - Dividend Option,INF179KA1WO2,,10.6550,0.0000,0.0000,2017-08-09
123617,HDFC FMP 370D August 2013 (3) - Direct Option - Growth Option,INF179KA1WN4,,14.0740,0.0000,0.0000,2017-08-09
123619,HDFC FMP 370D August 2013 (3) - Regular Option - Growth Option,INF179KA1WR5,,14.0261,0.0000,0.0000,2017-08-09
123616,HDFC FMP 370D August 2013 (3) - Regular Option - Quarterly Dividend Option,INF179KA1WL8,,10.0846,0.0000,0.0000,2017-08-09
123961,HDFC FMP 370D August 2013 (4)-Direct Option-Growth Option,INF179KA1XD3,,14.0566,0.0000,0.0000,2017-08-09
123959,HDFC FMP 370D August 2013 (4)-Regular Option-Growth Option,INF179KA1XH4,,14.0088,0.0000,0.0000,2017-08-09
123175,HDFC FMP 370D July 2013 (3)-Direct Option-Dividend Option,INF179KA1UY5,,10.6871,0.0000,0.0000,2017-08-09
123174,HDFC FMP 370D July 2013 (3)-Direct Option-Growth Option,INF179KA1UX7,,14.0394,0.0000,0.0000,2017-08-09
123178,HDFC FMP 370D July 2013 (3)-Regular Option-Dividend Option,INF179KA1VC9,,10.6770,0.0000,0.0000,2017-08-09
123171,HDFC FMP 370D July 2013 (3)-Regular Option-Growth Option,INF179KA1VB1,,13.9923,0.0000,0.0000,2017-08-09
127924,HDFC FMP 370D March 2014 (1)-Direct Option-Growth Option,INF179KA13I0,,13.4243,0.0000,0.0000,2017-08-09
127922,HDFC FMP 370D March 2014 (1)-Regular Option-Dividend Option,INF179KA10I6,,10.2939,0.0000,0.0000,2017-08-09
127928,HDFC FMP 370D March 2014 (1)-Regular Option-Growth Option,INF179KA17I1,,13.3846,0.0000,0.0000,2017-08-09
124162,HDFC FMP 370D September 2013 (1)-Direct Option-Growth Option,INF179KA1XT9,,14.0000,0.0000,0.0000,2017-08-09
124159,HDFC FMP 370D September 2013 (1)-Regular Option-Dividend Option,INF179KA1XQ5,,10.5866,0.0000,0.0000,2017-08-09
124158,HDFC FMP 370D September 2013 (1)-Regular Option-Growth Option,INF179KA1XW3,,13.9522,0.0000,0.0000,2017-08-09
124341,HDFC FMP 370D September 2013 (2)-Direct Option-Dividend Option,INF179KA1YC3,,10.5894,0.0000,0.0000,2017-08-09
124343,HDFC FMP 370D September 2013 (2)-Direct Option-Growth Option,INF179KA1YB5,,13.9436,0.0000,0.0000,2017-08-09
124345,HDFC FMP 370D September 2013 (2)-Regular Option-Dividend Option,INF179KA1XY9,,10.5881,0.0000,0.0000,2017-08-09
124347,HDFC FMP 370D September 2013 (2)-Regular Option-Growth Option,INF179KA1YF6,,13.8960,0.0000,0.0000,2017-08-09
123395,HDFC FMP 371D August 2013 (1)-Direct Option-Growth Option,INF179KA1VN6,,14.0520,0.0000,0.0000,2017-08-09
123400,HDFC FMP 371D August 2013 (1)-Direct Option-Quarterly Dividend Option,INF179KA1VP1,,10.0812,0.0000,0.0000,2017-08-09
123393,HDFC FMP 371D August 2013 (1)-Regular Option-Growth Option,INF179KA1VR7,,13.9291,0.0000,0.0000,2017-08-09
122985,HDFC FMP 371D July 2013 (1)-Direct Option-Dividend Option,INF179KA1UQ1,,10.6884,0.0000,0.0000,2017-08-09
122986,HDFC FMP 371D July 2013 (1)-Direct Option-Flexi Option,INF179KA1UO6,,14.0106,0.0000,0.0000,2017-08-09
122989,HDFC FMP 371D July 2013 (1)-Direct Option-Growth Option,INF179KA1UP3,,14.0106,0.0000,0.0000,2017-08-09
122984,HDFC FMP 371D July 2013 (1)-Regular Option-Dividend Option,INF179KA1UU3,,10.6783,0.0000,0.0000,2017-08-09
122983,HDFC FMP 371D July 2013 (1)-Regular Option-Growth Option,INF179KA1UT5,,13.9634,0.0000,0.0000,2017-08-09
127556,HDFC FMP 793D February 2014 (1) - Direct Option-Flexi Option,INF179KB1PZ1,,13.7948,0.0000,0.0000,2017-08-09
127557,HDFC FMP 793D February 2014 (1) - Direct Option-Growth Option,INF179KB1QA2,,13.7948,0.0000,0.0000,2017-08-09
127563,HDFC FMP 793D February 2014 (1) - Regular Option-Flexi Option,INF179KB1QD6,,13.7246,0.0000,0.0000,2017-08-09
127560,HDFC FMP 793D February 2014 (1) - Regular Option-Growth Option,INF179KB1QE4,,13.7246,0.0000,0.0000,2017-08-09
134184,HSBC Capital Protection Oriented Fund - Series II - Plan I - Dividend,INF336L01JY7,,11.4986,11.4986,11.4986,2017-08-09
134263,HSBC Capital Protection Oriented Fund - Series II - Plan I - Growth,INF336L01JX9,,11.4986,11.4986,11.4986,2017-08-09
134463,HSBC Capital Protection Oriented Fund - Series II - Plan II - Dividend,INF336L01KC1,,11.3153,11.3153,11.3153,2017-08-09
134462,HSBC Capital Protection Oriented Fund - Series II - Plan II - Growth,INF336L01KB3,,11.3153,11.3153,11.3153,2017-08-09
139091,HSBC Fixed Term Series 125 - Direct Plan Growth Option,INF336L01KX7,,11.283,11.283,11.283,2017-08-09
139092,HSBC Fixed Term Series 125 - Dividend Option,INF336L01LA3,,11.2309,11.2309,11.2309,2017-08-09
139093,HSBC Fixed Term Series 125 - Growth Option,INF336L01KZ2,,11.2309,11.2309,11.2309,2017-08-09
139365,HSBC Fixed Term Series 126 - Direct Plan Growth Option,INF336L01LB1,,11.1285,11.1285,11.1285,2017-08-09
139366,HSBC Fixed Term Series 126 - Dividend Option,INF336L01LE5,,11.0822,11.0822,11.0822,2017-08-09
139363,HSBC Fixed Term Series 126 - Growth Option,INF336L01LD7,,11.0822,11.0822,11.0822,2017-08-09
141204,HSBC Fixed Term Series 128 - Direct Plan Growth Option,INF336L01LX5,,10.3009,10.3009,10.3009,2017-08-09
141205,HSBC Fixed Term Series 128 - Dividend Option,INF336L01MA1,,10.2902,10.2902,10.2902,2017-08-09
141206,HSBC Fixed Term Series 128 - Growth Option,INF336L01LZ0,,10.2902,10.2902,10.2902,2017-08-09
141469,HSBC Fixed Term Series 129 - Direct Plan Growth Option,INF336L01MB9,,10.1916,10.1916,10.1916,2017-08-09
141468,HSBC Fixed Term Series 129 - Dividend Option,INF336L01ME3,,10.1871,10.1871,10.1871,2017-08-09
141467,HSBC Fixed Term Series 129 - Growth Option,INF336L01MD5,,10.1871,10.1871,10.1871,2017-08-09
123716,HSBC Fixed Term Series 94-Growth,NF336L01FZ2,,13.9311,13.9311,13.9311,2017-08-09
123717,HSBC Fixed Term Series 94-Growth Direct,INF336L01FX7,,14.025,14.025,14.025,2017-08-09
124013,HSBC Fixed Term Series 96 - Direct Plan Growth Option,INF336L01GF2,,14.0421,14.0421,14.0421,2017-08-09
124012,HSBC Fixed Term Series 96 - Growth Option,INF336L01GH8,,13.8303,13.8303,13.8303,2017-08-09
124996,HSBC Fixed Term Series 98 - Growth Option,INF336L01GL0,,13.4798,13.4798,13.4798,2017-08-09
130837,ICICI Prudential Capital Protection Oriented Fund - Series VI - 1100 Days Plan F Cumulative Option,INF109KA1A66,,12.4568,N.A.,N.A.,2017-08-09
130834,ICICI Prudential Capital Protection Oriented Fund - Series VI - 1100 Days Plan F Direct Plan Cumulative Option,INF109KA1A82,,12.9791,N.A.,N.A.,2017-08-09
130835,ICICI Prudential Capital Protection Oriented Fund - Series VI - 1100 Days Plan F Direct Plan Dividend Option,INF109KA1A90,,12.9791,N.A.,N.A.,2017-08-09
130836,ICICI Prudential Capital Protection Oriented Fund - Series VI - 1100 Days Plan F Dividend Option,INF109KA1A74,,12.4568,N.A.,N.A.,2017-08-09
130872,ICICI Prudential Capital Protection Oriented Fund - Series VI - 1100 Days Plan G Cumulative Option,INF109KA1B08,,12.3137,N.A.,N.A.,2017-08-09
130870,ICICI Prudential Capital Protection Oriented Fund - Series VI - 1100 Days Plan G Direct Plan Cumulative Option,INF109KA1B24,,12.8215,N.A.,N.A.,2017-08-09
130871,ICICI Prudential Capital Protection Oriented Fund - Series VI - 1100 Days Plan G Direct Plan Dividend Option,INF109KA1B32,,12.8215,N.A.,N.A.,2017-08-09
130873,ICICI Prudential Capital Protection Oriented Fund - Series VI - 1100 Days Plan G Dividend Option,INF109KA1B16,,12.3137,N.A.,N.A.,2017-08-09
131176,ICICI Prudential Capital Protection Oriented Fund - Series VI - 1100 Days Plan H Cumulative Option,INF109KA1Q01,,12.3460,N.A.,N.A.,2017-08-09
131175,ICICI Prudential Capital Protection Oriented Fund - Series VI - 1100 Days Plan H Direct Plan Cumulative Option,INF109KA1Q27,,12.8413,N.A.,N.A.,2017-08-09
131177,ICICI Prudential Capital Protection Oriented Fund - Series VI - 1100 Days Plan H Direct Plan Dividend Option,INF109KA1Q35,,12.8413,N.A.,N.A.,2017-08-09
131178,ICICI Prudential Capital Protection Oriented Fund - Series VI - 1100 Days Plan H Dividend Option,INF109KA1Q19,,12.3460,N.A.,N.A.,2017-08-09
133218,ICICI Prudential Capital Protection Oriented Fund - Series VII - 1284 Days Plan C Cumulative Option,INF109KA18M8,,11.9750,N.A.,N.A.,2017-08-09
133216,ICICI Prudential Capital Protection Oriented Fund - Series VII - 1284 Days Plan C Direct Plan Cumulative Option,INF109KA10N3,,12.3820,N.A.,N.A.,2017-08-09
133217,ICICI Prudential Capital Protection Oriented Fund - Series VII - 1284 Days Plan C Direct Plan Dividend Option,INF109KA11N1,,12.3820,N.A.,N.A.,2017-08-09
133219,ICICI Prudential Capital Protection Oriented Fund - Series VII - 1284 Days Plan C Dividend Option,INF109KA19M6,,11.9750,N.A.,N.A.,2017-08-09
133382,ICICI Prudential Capital Protection Oriented Fund - Series VII - 1284 Days Plan E Cumulative Option,INF109KA14P0,,11.6583,N.A.,N.A.,2017-08-09
133379,ICICI Prudential Capital Protection Oriented Fund - Series VII - 1284 Days Plan E Direct Plan Cumulative Option,INF109KA16P5,,11.9947,N.A.,N.A.,2017-08-09
133380,ICICI Prudential Capital Protection Oriented Fund - Series VII - 1284 Days Plan E Direct Plan Dividend Option,INF109KA17P3,,11.9947,N.A.,N.A.,2017-08-09
133381,ICICI Prudential Capital Protection Oriented Fund - Series VII - 1284 Days Plan E Dividend Option,INF109KA15P7,,11.6583,N.A.,N.A.,2017-08-09
131455,ICICI Prudential Capital Protection Oriented Fund - Series VII - 1285 Days Plan A Cumulative Option,INF109KA1W29,,12.5198,N.A.,N.A.,2017-08-09
131454,ICICI Prudential Capital Protection Oriented Fund - Series VII - 1285 Days Plan A Direct Plan Cumulative Option,INF109KA1W45,,12.9434,N.A.,N.A.,2017-08-09
131457,ICICI Prudential Capital Protection Oriented Fund - Series VII - 1285 Days Plan A Direct Plan Dividend Option,INF109KA1W52,,12.9434,N.A.,N.A.,2017-08-09
131456,ICICI Prudential Capital Protection Oriented Fund - Series VII - 1285 Days Plan A Dividend Option,INF109KA1W37,,12.5198,N.A.,N.A.,2017-08-09
132877,ICICI Prudential Capital Protection Oriented Fund - Series VII - 1285 Days Plan B Cumulative Option,INF109KA14E4,,12.2170,N.A.,N.A.,2017-08-09
132875,ICICI Prudential Capital Protection Oriented Fund - Series VII - 1285 Days Plan B Direct Plan Cumulative Option,INF109KA16E9,,12.6473,N.A.,N.A.,2017-08-09
132876,ICICI Prudential Capital Protection Oriented Fund - Series VII - 1285 Days Plan B Direct Plan Dividend Option,INF109KA17E7,,12.6473,N.A.,N.A.,2017-08-09
132878,ICICI Prudential Capital Protection Oriented Fund - Series VII - 1285 Days Plan B Dividend Option,INF109KA15E1,,12.2170,N.A.,N.A.,2017-08-09
133438,ICICI Prudential Capital Protection Oriented Fund - Series VII - 1288 Days Plan F Cumulative Option,INF109KA18Q9,,11.6512,N.A.,N.A.,2017-08-09
133436,ICICI Prudential Capital Protection Oriented Fund - Series VII - 1288 Days Plan F Direct Plan Cumulative Option,INF109KA10R4,,12.0155,N.A.,N.A.,2017-08-09
133435,ICICI Prudential Capital Protection Oriented Fund - Series VII - 1288 Days Plan F Dividend Option,INF109KA19Q7,,11.6512,N.A.,N.A.,2017-08-09
134717,ICICI Prudential Capital Protection Oriented Fund - Series VIII -1101 Days Plan D Cumulative Option,INF109KB1GZ5,,11.5643,N.A.,N.A.,2017-08-09
134716,ICICI Prudential Capital Protection Oriented Fund - Series VIII -1101 Days Plan D Direct Plan Cumulative Option,INF109KB1GX0,,11.8636,N.A.,N.A.,2017-08-09
134718,ICICI Prudential Capital Protection Oriented Fund - Series VIII -1101 Days Plan D Direct Plan Dividend Option,INF109KB1GY8,,11.8636,N.A.,N.A.,2017-08-09
134719,ICICI Prudential Capital Protection Oriented Fund - Series VIII -1101 Days Plan D Dividend Option,INF109KB1HA6,,11.5643,N.A.,N.A.,2017-08-09
135108,ICICI Prudential Capital Protection Oriented Fund - Series VIII - 1101 Days Plan G Cumulative Option,INF109KB1KN3,,11.3751,N.A.,N.A.,2017-08-09
135109,ICICI Prudential Capital Protection Oriented Fund - Series VIII - 1101 Days Plan G Direct Plan Cumulative Option,INF109KB1KP8,,11.7495,N.A.,N.A.,2017-08-09
135110,ICICI Prudential Capital Protection Oriented Fund - Series VIII - 1101 Days Plan G Dividend Option,INF109KB1KO1,,11.3751,N.A.,N.A.,2017-08-09
134347,ICICI Prudential Capital Protection Oriented Fund - Series VIII - 1103 Days Plan B Cumulative Option,INF109KB1AT1,,11.6071,N.A.,N.A.,2017-08-09
134348,ICICI Prudential Capital Protection Oriented Fund - Series VIII - 1103 Days Plan B Direct Plan Cumulative Option,INF109KB1AV7,,11.9949,N.A.,N.A.,2017-08-09
134350,ICICI Prudential Capital Protection Oriented Fund - Series VIII - 1103 Days Plan B Direct Plan Dividend Option,INF109KB1AW5,,11.9949,N.A.,N.A.,2017-08-09
134349,ICICI Prudential Capital Protection Oriented Fund - Series VIII - 1103 Days Plan B Dividend Option,INF109KB1AU9,,11.6071,N.A.,N.A.,2017-08-09
134544,ICICI Prudential Capital Protection Oriented Fund - Series VIII - 1103 Days Plan C Cumulative Option,INF109KB1DB3,,11.4603,N.A.,N.A.,2017-08-09
134541,ICICI Prudential Capital Protection Oriented Fund - Series VIII - 1103 Days Plan C Direct Plan Cumulative Option,INF109KB1DD9,,11.8392,N.A.,N.A.,2017-08-09
134543,ICICI Prudential Capital Protection Oriented Fund - Series VIII - 1103 Days Plan C Direct Plan Dividend Option,INF109KB1DE7,,11.8392,N.A.,N.A.,2017-08-09
134542,ICICI Prudential Capital Protection Oriented Fund - Series VIII - 1103 Days Plan C Dividend Option,INF109KB1DC1,,11.4603,N.A.,N.A.,2017-08-09
134845,ICICI Prudential Capital Protection Oriented Fund - Series VIII -1107 Days Plan E Cumulative Option,INF109KB1HZ3,,11.5545,N.A.,N.A.,2017-08-09
134844,ICICI Prudential Capital Protection Oriented Fund - Series VIII -1107 Days Plan E Direct Plan Cumulative Option,INF109KB1IB2,,11.9623,N.A.,N.A.,2017-08-09
134842,ICICI Prudential Capital Protection Oriented Fund - Series VIII -1107 Days Plan E Direct Plan Dividend Option,INF109KB1IC0,,11.9623,N.A.,N.A.,2017-08-09
134843,ICICI Prudential Capital Protection Oriented Fund - Series VIII -1107 Days Plan E Dividend Option,INF109KB1IA4,,11.5545,N.A.,N.A.,2017-08-09
134942,ICICI Prudential Capital Protection Oriented Fund - Series VIII - 1115 Days Plan F Cumulative Option,INF109KB1IX6,,11.5105,N.A.,N.A.,2017-08-09
134945,ICICI Prudential Capital Protection Oriented Fund - Series VIII - 1115 Days Plan F Direct Plan Cumulative Option,INF109KB1IZ1,,11.7910,N.A.,N.A.,2017-08-09
134943,ICICI Prudential Capital Protection Oriented Fund - Series VIII - 1115 Days Plan F Direct Plan Dividend Option,INF109KB1JA2,,11.7910,N.A.,N.A.,2017-08-09
134944,ICICI Prudential Capital Protection Oriented Fund - Series VIII - 1115 Days Plan F Dividend Option,INF109KB1IY4,,11.5105,N.A.,N.A.,2017-08-09
139368,ICICI Prudential Capital Protection Oriented Fund - Series X - 1235 Days Plan A Cumulative Option,INF109KB1VP5,,11.1516,N.A.,N.A.,2017-08-09
139371,ICICI Prudential Capital Protection Oriented Fund - Series X - 1235 Days Plan A Direct Plan Cumulative Option,INF109KB1VR1,,11.3765,N.A.,N.A.,2017-08-09
139370,ICICI Prudential Capital Protection Oriented Fund - Series X - 1235 Days Plan A Direct Plan Dividend Option,INF109KB1VS9,,11.3765,N.A.,N.A.,2017-08-09
139369,ICICI Prudential Capital Protection Oriented Fund - Series X - 1235 Days Plan A Dividend Option,INF109KB1VQ3,,11.1516,N.A.,N.A.,2017-08-09
139470,ICICI Prudential Capital Protection Oriented Fund - Series X - 1375 Days Plan B Cumulative Plan,INF109KB1WZ2,,10.8847,N.A.,N.A.,2017-08-09
139471,ICICI Prudential Capital Protection Oriented Fund - Series X - 1375 Days Plan B Direct Plan Cumulative Plan,INF109KB1XB1,,11.0697,N.A.,N.A.,2017-08-09
139473,ICICI Prudential Capital Protection Oriented Fund - Series X - 1375 Days Plan B Direct Plan Dividend Option,INF109KB1XC9,,11.0697,N.A.,N.A.,2017-08-09
139472,ICICI Prudential Capital Protection Oriented Fund - Series X - 1375 Days Plan B Dividend Plan,INF109KB1XA3,,10.8847,N.A.,N.A.,2017-08-09
140143,ICICI Prudential Capital Protection Oriented Fund - Series XI - Plan A 2056 Days - Cumulative Option,INF109KB1K88,,10.6949,N.A.,N.A.,2017-08-09
140142,ICICI Prudential Capital Protection Oriented Fund - Series XI - Plan A 2056 Days - Direct Plan - Cumulative Option,INF109KB1L04,,10.8031,N.A.,N.A.,2017-08-09
140141,ICICI Prudential Capital Protection Oriented Fund - Series XI - Plan A 2056 Days - Direct Plan - Dividend Option,INF109KB1L12,,10.8031,N.A.,N.A.,2017-08-09
140140,ICICI Prudential Capital Protection Oriented Fund - Series XI - Plan A 2056 Days - Dividend Option,INF109KB1K96,,10.6949,N.A.,N.A.,2017-08-09
140363,ICICI Prudential Capital Protection Oriented Fund - Series XI - Plan B 1222 Days - Cumulative Option,INF109KB1L46,,10.5399,N.A.,N.A.,2017-08-09
140366,ICICI Prudential Capital Protection Oriented Fund - Series XI - Plan B 1222 Days - Direct Plan - Cumulative Option,INF109KB1L61,,10.6250,N.A.,N.A.,2017-08-09
140365,ICICI Prudential Capital Protection Oriented Fund - Series XI - Plan B 1222 Days - Direct Plan - Dividend Option,INF109KB1L79,,10.6248,N.A.,N.A.,2017-08-09
140364,ICICI Prudential Capital Protection Oriented Fund - Series XI - Plan B 1222 Days - Dividend Option,INF109KB1L53,,10.5399,N.A.,N.A.,2017-08-09
140645,ICICI Prudential Capital Protection Oriented Fund - Series XI - Plan C 1255 Days - Cumulative Option,INF109KB1Q25,,10.2875,N.A.,N.A.,2017-08-09
140646,ICICI Prudential Capital Protection Oriented Fund - Series XI - Plan C 1255 Days - Direct Plan - Cumulative Option,INF109KB1Q41,,10.3624,N.A.,N.A.,2017-08-09
140648,ICICI Prudential Capital Protection Oriented Fund - Series XI - Plan C 1255 Days - Direct Plan - Dividend Option,INF109KB1Q58,,10.3624,N.A.,N.A.,2017-08-09
140647,ICICI Prudential Capital Protection Oriented Fund - Series XI - Plan C 1255 Days - Dividend Option,INF109KB1Q33,,10.2875,20.5750,N.A.,2017-08-09
140649,ICICI Prudential Capital Protection Oriented Fund - Series XI - Plan D 1247 Days - Cumulative Option,INF109KB1R08,,10.3152,N.A.,N.A.,2017-08-09
140650,ICICI Prudential Capital Protection Oriented Fund - Series XI - Plan D 1247 Days - Direct Plan -  Cumulative Option,INF109KB1R24,,10.3868,N.A.,N.A.,2017-08-09
140652,ICICI Prudential Capital Protection Oriented Fund - Series XI - Plan D 1247 Days - Direct Plan -  Dividend Option,INF109KB1R32,,10.3868,N.A.,N.A.,2017-08-09
140651,ICICI Prudential Capital Protection Oriented Fund - Series XI - Plan D 1247 Days - Dividend Option,INF109KB1R16,,10.3152,N.A.,N.A.,2017-08-09
140978,ICICI Prudential Capital Protection Oriented Fund - Series XI - Plan E 1222 Days - Cumulative Option,INF109KB1W27,,10.2160,N.A.,N.A.,2017-08-09
140981,ICICI Prudential Capital Protection Oriented Fund - Series XI - Plan E 1222 Days - Direct Plan -  Cumulative Option,INF109KB1W43,,10.2764,N.A.,N.A.,2017-08-09
140979,ICICI Prudential Capital Protection Oriented Fund - Series XI - Plan E 1222 Days - Direct Plan -  Dividend Option,INF109KB1W50,,10.2764,N.A.,N.A.,2017-08-09
140980,ICICI Prudential Capital Protection Oriented Fund - Series XI - Plan E 1222 Days - Dividend Option,INF109KB1W35,,10.2160,N.A.,N.A.,2017-08-09
141379,ICICI Prudential Capital Protection Oriented Fund - Series XII - Plan A 1168 Days - Cumulative Option,INF109KB12H9,,10.1300,N.A.,N.A.,2017-08-09
141378,ICICI Prudential Capital Protection Oriented Fund - Series XII - Plan A 1168 Days - Direct Plan - Cumulative Option,INF109KB14H5,,10.1635,N.A.,N.A.,2017-08-09
141377,ICICI Prudential Capital Protection Oriented Fund - Series XII - Plan A 1168 Days - Direct Plan - Dividend Option,INF109KB15H2,,10.1635,N.A.,N.A.,2017-08-09
141376,ICICI Prudential Capital Protection Oriented Fund - Series XII - Plan A 1168 Days - Dividend Option,INF109KB13H7,,10.1300,N.A.,N.A.,2017-08-09
118007,ICICI Prudential Capital Protection Oriented Fund III - PLAN B - 60 Months - Cumulative,INF109K01G41,,16.2984,N.A.,N.A.,2017-08-09
118008,ICICI Prudential Capital Protection Oriented Fund III - PLAN B - 60 Months - Dividend,INF109K01G58,,16.2984,N.A.,N.A.,2017-08-09
120813,ICICI Prudential Capital Protection Oriented Fund III - PLAN E - 60 Months - Cumulative,INF109K01K03,,16.0552,N.A.,N.A.,2017-08-09
120814,ICICI Prudential Capital Protection Oriented Fund III - PLAN E - 60 Months - Direct Plan - Cumulative,INF109K01K29,,16.8869,N.A.,N.A.,2017-08-09
120815,ICICI Prudential Capital Protection Oriented Fund III - PLAN E - 60 Months - Direct Plan - Dividend,INF109K01K37,,16.8869,N.A.,N.A.,2017-08-09
120812,ICICI Prudential Capital Protection Oriented Fund III - PLAN E - 60 Months - Dividend,INF109K01K11,,16.0552,N.A.,N.A.,2017-08-09
121145,ICICI Prudential Capital Protection Oriented Fund III - PLAN G - 60 Months - Cumulative,INF109K017I4,,15.9369,N.A.,N.A.,2017-08-09
121144,ICICI Prudential Capital Protection Oriented Fund III - PLAN G - 60 Months - Direct Plan - Cumulative,INF109K019I0,,16.6934,N.A.,N.A.,2017-08-09
121143,ICICI Prudential Capital Protection Oriented Fund III - PLAN G - 60 Months - Dividend,INF109K018I2,,15.9369,N.A.,N.A.,2017-08-09
121795,ICICI Prudential Capital Protection Oriented Fund III - PLAN H - 60 Months - Cumulative,INF109K013V6,,15.8595,N.A.,N.A.,2017-08-09
121794,ICICI Prudential Capital Protection Oriented Fund III - PLAN H - 60 Months - Direct Plan - Cumulative,INF109K015V1,,16.5715,N.A.,N.A.,2017-08-09
121793,ICICI Prudential Capital Protection Oriented Fund III - PLAN H - 60 Months - Direct Plan - Dividend,INF109K016V9,,16.5715,N.A.,N.A.,2017-08-09
121796,ICICI Prudential Capital Protection Oriented Fund III - PLAN H - 60 Months - Dividend,INF109K014V4,,15.8595,N.A.,N.A.,2017-08-09
122956,ICICI Prudential Capital Protection Oriented Fund IV - PLAN A - 60 Months - Cumulative,INF109KA1863,,16.1623,N.A.,N.A.,2017-08-09
122954,ICICI Prudential Capital Protection Oriented Fund IV - PLAN A - 60 Months - Direct Plan - Cumulative,INF109KA1848,,16.8221,N.A.,N.A.,2017-08-09
122957,ICICI Prudential Capital Protection Oriented Fund IV - PLAN A - 60 Months - Dividend,INF109KA1871,,16.1623,N.A.,N.A.,2017-08-09
123561,ICICI Prudential Capital Protection Oriented Fund IV - PLAN C - 60 Months - Cumulative,INF109KA1BR4,,15.8049,N.A.,N.A.,2017-08-09
123559,ICICI Prudential Capital Protection Oriented Fund IV - PLAN C - 60 Months - Direct Plan - Cumulative,INF109KA1BP8,,16.4594,N.A.,N.A.,2017-08-09
123560,ICICI Prudential Capital Protection Oriented Fund IV - PLAN C - 60 Months - Direct Plan - Dividend,INF109KA1BQ6,,16.4594,N.A.,N.A.,2017-08-09
123562,ICICI Prudential Capital Protection Oriented Fund IV - PLAN C - 60 Months - Dividend,INF109KA1BS2,,15.8049,N.A.,N.A.,2017-08-09
124468,ICICI Prudential Capital Protection Oriented Fund IV - PLAN D - 60 Months - Cumulative,INF109KA1EF3,,15.3497,N.A.,N.A.,2017-08-09
124467,ICICI Prudential Capital Protection Oriented Fund IV - PLAN D - 60 Months - Direct Plan - Cumulative,INF109KA1ED8,,16.1376,N.A.,N.A.,2017-08-09
124469,ICICI Prudential Capital Protection Oriented Fund IV - PLAN D - 60 Months - Direct Plan - Dividend,INF109KA1EE6,,16.1377,N.A.,N.A.,2017-08-09
124470,ICICI Prudential Capital Protection Oriented Fund IV - PLAN D - 60 Months - Dividend,INF109KA1EG1,,15.3497,N.A.,N.A.,2017-08-09
125186,ICICI Prudential Capital Protection Oriented Fund IV - PLAN F - 60 Months - Cumulative,INF109KA1GN2,,15.4250,N.A.,N.A.,2017-08-09
125184,ICICI Prudential Capital Protection Oriented Fund IV - PLAN F - 60 Months - Direct Plan - Cumulative,INF109KA1GP7,,16.0990,N.A.,N.A.,2017-08-09
125185,ICICI Prudential Capital Protection Oriented Fund IV - PLAN F - 60 Months - Direct Plan - Dividend,INF109KA1GQ5,,16.0990,N.A.,N.A.,2017-08-09
125187,ICICI Prudential Capital Protection Oriented Fund IV - PLAN F - 60 Months - Dividend,INF109KA1GO0,,15.4250,N.A.,N.A.,2017-08-09
125576,ICICI Prudential Capital Protection Oriented Fund IV - PLAN G - 60 Months plan - Cumulative,INF109KA1HR1,,15.2058,N.A.,N.A.,2017-08-09
125577,ICICI Prudential Capital Protection Oriented Fund IV - PLAN G - 60 Months Plan - Direct Plan - Cumulative,INF109KA1HT7,,15.8335,N.A.,N.A.,2017-08-09
125578,ICICI Prudential Capital Protection Oriented Fund IV - PLAN G - 60 Months Plan - Direct Plan - Dividend,INF109KA1HU5,,15.8335,N.A.,N.A.,2017-08-09
125575,ICICI Prudential Capital Protection Oriented Fund IV - PLAN G - 60 Months Plan - Dividend,INF109KA1HS9,,15.2058,N.A.,N.A.,2017-08-09
135494,ICICI Prudential Capital Protection Oriented Fund - Series IX - 1101 Days Plan A Cumulative Option,INF109KB1NT4,,11.4111,N.A.,N.A.,2017-08-09
135495,ICICI Prudential Capital Protection Oriented Fund - Series IX - 1101 Days Plan A Direct Plan Cumulative Option,INF109KB1NV0,,11.7072,N.A.,N.A.,2017-08-09
135493,ICICI Prudential Capital Protection Oriented Fund - Series IX - 1101 Days Plan A Direct Plan Dividend Option,INF109KB1NW8,,11.7072,N.A.,N.A.,2017-08-09
135496,ICICI Prudential Capital Protection Oriented Fund - Series IX - 1101 Days Plan A Dividend Option,INF109KB1NU2,,11.4111,N.A.,N.A.,2017-08-09
135545,ICICI Prudential Capital Protection Oriented Fund - Series IX -1103 Days Plan B Cumulative Option,INF109KB1OB0,,11.3399,N.A.,N.A.,2017-08-09
135546,ICICI Prudential Capital Protection Oriented Fund - Series IX -1103 Days Plan B Direct Plan Cumulative Option,INF109KB1OD6,,11.6193,N.A.,N.A.,2017-08-09
135543,ICICI Prudential Capital Protection Oriented Fund - Series IX -1103 Days Plan B Direct Plan Dividend Option,INF109KB1OE4,,11.6193,N.A.,N.A.,2017-08-09
135544,ICICI Prudential Capital Protection Oriented Fund - Series IX -1103 Days Plan B Dividend Option,INF109KB1OC8,,11.3399,N.A.,N.A.,2017-08-09
135851,ICICI Prudential Capital Protection Oriented Fund - Series IX - 1195 Days Plan C Cumulative Option,INF109KB1OV8,,11.3925,N.A.,N.A.,2017-08-09
135849,ICICI Prudential Capital Protection Oriented Fund - Series IX - 1195 Days Plan C Direct Plan Cumulative Option,INF109KB1OX4,,11.6432,N.A.,N.A.,2017-08-09
135850,ICICI Prudential Capital Protection Oriented Fund - Series IX - 1195 Days Plan C Direct Plan Dividend Option,INF109KB1OY2,,11.6432,N.A.,N.A.,2017-08-09
135852,ICICI Prudential Capital Protection Oriented Fund - Series IX - 1195 Days Plan C Dividend Option,INF109KB1OW6,,11.3925,N.A.,N.A.,2017-08-09
135974,ICICI Prudential Capital Protection Oriented Fund - Series IX - 1378 Days Plan D Cumulative Option,INF109KB1PP7,,11.6080,N.A.,N.A.,2017-08-09
135972,ICICI Prudential Capital Protection Oriented Fund - Series IX - 1378 Days Plan D Direct Plan Cumulative Option,INF109KB1PR3,,11.8914,N.A.,N.A.,2017-08-09
135973,ICICI Prudential Capital Protection Oriented Fund - Series IX - 1378 Days Plan D Direct Plan Dividend Option,INF109KB1PS1,,11.8395,N.A.,N.A.,2017-08-09
135975,ICICI Prudential Capital Protection Oriented Fund - Series IX - 1378 Days Plan D Dividend Option,INF109KB1PQ5,,11.5566,N.A.,N.A.,2017-08-09
136372,ICICI Prudential Capital Protection Oriented Fund - Series IX - 1325 Days Plan E Cumulative Option,INF109KB1SN6,,11.5743,N.A.,N.A.,2017-08-09
136370,ICICI Prudential Capital Protection Oriented Fund - Series IX - 1325 Days Plan E Direct Plan Cumulative Option,INF109KB1SP1,,11.8348,N.A.,N.A.,2017-08-09
136373,ICICI Prudential Capital Protection Oriented Fund - Series IX - 1325 Days Plan E Direct Plan Dividend Option,INF109KB1SQ9,,11.8345,N.A.,N.A.,2017-08-09
136371,ICICI Prudential Capital Protection Oriented Fund - Series IX - 1325 Days Plan E Dividend Option,INF109KB1SO4,,11.5743,N.A.,N.A.,2017-08-09
139119,ICICI Prudential Capital Protection Oriented Fund - Series IX - 1120 Days Plan F Cumulative Option,INF109KB1TH6,,11.2997,N.A.,N.A.,2017-08-09
139117,ICICI Prudential Capital Protection Oriented Fund - Series IX - 1120 Days Plan F Direct Plan Cumulative Option,INF109KB1TJ2,,11.5522,N.A.,N.A.,2017-08-09
139116,ICICI Prudential Capital Protection Oriented Fund - Series IX - 1120 Days Plan F Dividend Option,INF109KB1TI4,,11.2997,N.A.,N.A.,2017-08-09
126232,ICICI Prudential Capital Protection Oriented Fund V - PLAN A - 5 Years Plan - Cumulative,INF109KA1KD5,,14.8629,N.A.,N.A.,2017-08-09
126231,ICICI Prudential Capital Protection Oriented Fund V - PLAN A - 5 Years Plan - Direct Plan - Cumulative,INF109KA1KF0,,15.4742,N.A.,N.A.,2017-08-09
126234,ICICI Prudential Capital Protection Oriented Fund V - PLAN A - 5 Years Plan - Direct Plan - Dividend,INF109KA1KG8,,15.4742,N.A.,N.A.,2017-08-09
126233,ICICI Prudential Capital Protection Oriented Fund V - PLAN A - 5 Years Plan - Dividend,INF109KA1KE3,,14.8629,N.A.,N.A.,2017-08-09
126905,ICICI Prudential Capital Protection Oriented Fund V - PLAN C - 1825 Days - Cumulative,INF109KA1MN0,,14.7932,N.A.,N.A.,2017-08-09
126904,ICICI Prudential Capital Protection Oriented Fund V - PLAN C - 1825 Days - Direct Plan - Cumulative,INF109KA1ML4,,15.4189,N.A.,N.A.,2017-08-09
126902,ICICI Prudential Capital Protection Oriented Fund V - PLAN C - 1825 Days - Direct Plan - Dividend,INF109KA1MM2,,15.4188,N.A.,N.A.,2017-08-09
126903,ICICI Prudential Capital Protection Oriented Fund V - PLAN C - 1825 Days - Dividend,INF109KA1MO8,,14.7932,N.A.,N.A.,2017-08-09
129857,ICICI Prudential Capital Protection Oriented Fund Series VI -1825 Days Plan A Cumulative Option,INF109KA1VV4,,13.5771,N.A.,N.A.,2017-08-09
129859,ICICI Prudential Capital Protection Oriented Fund Series VI- 1825 Days Plan A Direct Plan Cumulative option,INF109KA1VX0,,14.1937,N.A.,N.A.,2017-08-09
129860,ICICI Prudential Capital Protection Oriented Fund Series VI- 1825 Days Plan A Direct Plan Dividend Option,INF109KA1VY8,,14.1937,N.A.,N.A.,2017-08-09
129858,ICICI Prudential Capital Protection Oriented Fund Series VI- 1825 Days Plan A Dividend Option,INF109KA1VW2,,13.5771,N.A.,N.A.,2017-08-09
130220,ICICI Prudential Capital Protection Oriented Fund Series VI -1825 Days Plan C Direct Plan Cumulative Option,INF109KA1XJ5,,13.6302,N.A.,N.A.,2017-08-09
130219,ICICI Prudential Capital Protection Oriented Fund Series VI- 1825 Days Plan C Cumulative Option,INF109KA1XH9,,13.1283,N.A.,N.A.,2017-08-09
130221,ICICI Prudential Capital Protection Oriented Fund Series VI- 1825 Days Plan C Direct Plan Dividend option,INF109KA1XK3,,13.6302,N.A.,N.A.,2017-08-09
130222,ICICI Prudential Capital Protection Oriented Fund Series VI- 1825 Days Plan C Dividend Option,INF109KA1XI7,,13.1283,N.A.,N.A.,2017-08-09
133293,ICICI Prudential Capital Protection Oriented Fund - Series VII - 1822 Days Plan D Cumulative Option,INF109KA10P8,,12.1686,N.A.,N.A.,2017-08-09
133295,ICICI Prudential Capital Protection Oriented Fund - Series VII - 1822 Days Plan D Direct Plan Cumulative Option,INF109KA12P4,,12.5827,N.A.,N.A.,2017-08-09
133294,ICICI Prudential Capital Protection Oriented Fund - Series VII - 1822 Days Plan D Direct Plan Dividend Option,INF109KA13P2,,12.5827,N.A.,N.A.,2017-08-09
133296,ICICI Prudential Capital Protection Oriented Fund - Series VII - 1822 Days Plan D Dividend Option,INF109KA11P6,,12.1686,N.A.,N.A.,2017-08-09
133636,ICICI Prudential Capital Protection Oriented Fund - Series VII - 1285 Days Plan G Cumulative Option,INF109KA18T3,,11.6845,N.A.,N.A.,2017-08-09
133639,ICICI Prudential Capital Protection Oriented Fund - Series VII - 1285 Days Plan G Direct Plan Cumulative Option,INF109KA10U8,,12.0675,N.A.,N.A.,2017-08-09
133637,ICICI Prudential Capital Protection Oriented Fund - Series VII - 1285 Days Plan G Dividend Option,INF109KA19T1,,11.6845,N.A.,N.A.,2017-08-09
133861,ICICI Prudential Capital Protection Oriented Fund - Series VII - 1284 Days Plan H Cumulative Option,INF109KA14X4,,11.7782,N.A.,N.A.,2017-08-09
133864,ICICI Prudential Capital Protection Oriented Fund - Series VII - 1284 Days Plan H Direct Plan Cumulative Option,INF109KA16X9,,12.1500,N.A.,N.A.,2017-08-09
133863,ICICI Prudential Capital Protection Oriented Fund - Series VII - 1284 Days Plan H Direct Plan Dividend Option,INF109KA17X7,,12.1500,N.A.,N.A.,2017-08-09
133862,ICICI Prudential Capital Protection Oriented Fund - Series VII - 1284 Days Plan H Dividend Option,INF109KA15X1,,11.7782,N.A.,N.A.,2017-08-09
134021,ICICI Prudential Capital Protection Oriented Fund - Series VIII - 1300 Days Plan A Cumulative Option,INF109KB1250,,11.6320,N.A.,N.A.,2017-08-09
134018,ICICI Prudential Capital Protection Oriented Fund - Series VIII - 1300 Days Plan A Direct Plan Cumulative Option,INF109KB1276,,11.9913,N.A.,N.A.,2017-08-09
134020,ICICI Prudential Capital Protection Oriented Fund - Series VIII - 1300 Days Plan A Dividend Option,INF109KB1268,,11.6320,N.A.,N.A.,2017-08-09
135179,ICICI Prudential Capital Protection Oriented Fund - Series VIII -1105 Days Plan H Cumulative Option,INF109KB1KZ7,,11.4879,N.A.,N.A.,2017-08-09
135181,ICICI Prudential Capital Protection Oriented Fund - Series VIII -1105 Days Plan H Direct Plan Cumulative Option,INF109KB1LB6,,11.8047,N.A.,N.A.,2017-08-09
135182,ICICI Prudential Capital Protection Oriented Fund - Series VIII -1105 Days Plan H Direct Plan Dividend Option,INF109KB1LC4,,11.8047,N.A.,N.A.,2017-08-09
135180,ICICI Prudential Capital Protection Oriented Fund - Series VIII -1105 Days Plan H Dividend Option,INF109KB1LA8,,11.4879,N.A.,N.A.,2017-08-09
135195,ICICI Prudential Capital Protection Oriented Fund - Series VIII - 1290 Days Plan I Cumulative Option,INF109KB1LL5,,11.6342,N.A.,N.A.,2017-08-09
135192,ICICI Prudential Capital Protection Oriented Fund - Series VIII - 1290 Days Plan I Direct Plan Cumulative Option,INF109KB1LN1,,11.9974,N.A.,N.A.,2017-08-09
135194,ICICI Prudential Capital Protection Oriented Fund - Series VIII - 1290 Days Plan I Direct Plan Dividend Option,INF109KB1LO9,,11.9974,N.A.,N.A.,2017-08-09
135193,ICICI Prudential Capital Protection Oriented Fund - Series VIII - 1290 Days Plan I Dividend Option,INF109KB1LM3,,11.6342,N.A.,N.A.,2017-08-09
135219,ICICI Prudential Capital Protection Oriented Fund - Series VIII -1284 Days Plan J Cumulative Option,INF109KB1LR2,,11.6763,N.A.,N.A.,2017-08-09
135220,ICICI Prudential Capital Protection Oriented Fund - Series VIII -1284 Days Plan J Direct Plan Cumulative Option,INF109KB1LT8,,11.9587,N.A.,N.A.,2017-08-09
135218,ICICI Prudential Capital Protection Oriented Fund - Series VIII -1284 Days Plan J Direct Plan Dividend Option,INF109KB1LU6,,11.9587,N.A.,N.A.,2017-08-09
135221,ICICI Prudential Capital Protection Oriented Fund - Series VIII -1284 Days Plan J Dividend Option,INF109KB1LS0,,11.6763,N.A.,N.A.,2017-08-09
130806,ICICI Prudential Fixed Maturity Plan - Corporate Bond Series B - 1100 Days - Cumulative Option,INF109KA1ZU7,,13.1697,N.A.,N.A.,2017-08-09
130803,ICICI Prudential Fixed Maturity Plan - Corporate Bond Series B - 1100 Days - Direct Plan - Cumulative Option,INF109KA1ZW3,,13.3087,N.A.,N.A.,2017-08-09
130804,ICICI Prudential Fixed Maturity Plan - Corporate Bond Series B - 1100 Days - Direct Plan - Dividend Option,INF109KA1ZX1,,13.3087,N.A.,N.A.,2017-08-09
130805,ICICI Prudential Fixed Maturity Plan - Corporate Bond Series B - 1100 Days - Dividend Option,INF109KA1ZV5,,13.1697,N.A.,N.A.,2017-08-09
130404,ICICI Prudential Fixed Maturity Plan - Series - 74 -367 days Plan Z Cumulative Option,INF109KB1JF1,,12.7621,N.A.,N.A.,2017-08-09
130403,ICICI Prudential Fixed Maturity Plan - Series -74 - 367 Days Plan Z Direct Plan Dividend Option,INF109KB1JI5,,12.7231,N.A.,N.A.,2017-08-09
130405,ICICI Prudential Fixed Maturity Plan - Series -74 - 367 Days Plan Z Dividend Option,INF109KB1JG9,,12.7035,N.A.,N.A.,2017-08-09
130402,ICICI Prudential Fixed Maturity Plan - Series 74 - 367 Days Plan Z Direct Plan Cumulative Option,INF109KB1JH7,,12.7819,N.A.,N.A.,2017-08-09
123545,ICICI Prudential Fixed Maturity Plan-Series 69-1821 Days Plan I - Cumulative,INF109KA1BV6,,14.1260,N.A.,N.A.,2017-08-09
123543,ICICI Prudential Fixed Maturity Plan-Series 69-1821 Days Plan I - Direct Plan - Cumulative,INF109KA1BT0,,14.3194,N.A.,N.A.,2017-08-09
123544,ICICI Prudential Fixed Maturity Plan-Series 69-1821 Days Plan I - Direct Plan - Dividend,INF109KA1BU8,,12.8853,N.A.,N.A.,2017-08-09
123546,ICICI Prudential Fixed Maturity Plan-Series 69-1821 Days Plan I - Dividend,INF109KA1BW4,,12.7842,N.A.,N.A.,2017-08-09
126817,ICICI Prudential Fixed Maturity Plan-Series 72-366 Days Plan K - Cumulative,INF109KA18V9,,13.2520,N.A.,N.A.,2017-08-09
127726,ICICI Prudential Fixed Maturity Plan-Series 73-1140 Days Plan E - Cumulative,INF109KA1OV9,,13.6282,N.A.,N.A.,2017-08-09
127724,ICICI Prudential Fixed Maturity Plan-Series 73-1140 Days Plan E - Direct Plan - Cumulative,INF109KA1OX5,,13.7654,N.A.,N.A.,2017-08-09
127727,ICICI Prudential Fixed Maturity Plan-Series 73-1140 Days Plan E - Dividend,INF109KA1OW7,,12.7287,N.A.,N.A.,2017-08-09
130330,ICICI Prudential Fixed Maturity Plan - Series 74 - 368 Days Plan Y Cumulative Option,INF109KB1JB0,,12.7968,N.A.,N.A.,2017-08-09
130331,ICICI Prudential Fixed Maturity Plan - Series 74 - 368 Days Plan Y Direct Plan Cumulative Option,INF109KB1JD6,,12.8179,N.A.,N.A.,2017-08-09
130329,ICICI Prudential Fixed Maturity Plan - Series 74 - 368 Days Plan Y Dividend Option,INF109KB1JC8,,12.5032,N.A.,N.A.,2017-08-09
130316,ICICI Prudential Fixed Maturity Plan - Series 74 - 370 Days Plan X Cumulative Option,INF109KB1JJ3,,12.8389,N.A.,N.A.,2017-08-09
130315,ICICI Prudential Fixed Maturity Plan - Series 74 - 370 Days Plan X Direct Plan Cumulative Option,INF109KB1JL9,,12.8595,N.A.,N.A.,2017-08-09
130318,ICICI Prudential Fixed Maturity Plan - Series 74 - 370 Days Plan X Dividend Option,INF109KB1JK1,,12.5389,N.A.,N.A.,2017-08-09
130062,ICICI Prudential Fixed Maturity Plan - Series 74 - 9 Years Plan U Direct Plan Dividend Option,INF109KA1WP4,,13.1299,N.A.,N.A.,2017-08-09
130064,ICICI Prudential Fixed Maturity Plan - Series 74 -9 Years Plan U Direct Plan Cumulative Option,INF109KA1WO7,,13.1299,N.A.,N.A.,2017-08-09
130063,ICICI Prudential Fixed Maturity Plan -Series 74 -9 Years Plan U Cumulative Option,INF109KA1WM1,,12.9932,N.A.,N.A.,2017-08-09
130061,ICICI Prudential Fixed Maturity Plan -Series 74 -9 Years Plan U Dividend Option,INF109KA1WN9,,12.9932,N.A.,N.A.,2017-08-09
131016,ICICI Prudential Fixed Maturity Plan - Series 75 - 1100 Days Plan F Cumulative Option,INF109KA1K23,,12.7577,N.A.,N.A.,2017-08-09
131014,ICICI Prudential Fixed Maturity Plan - Series 75 - 1100 Days Plan F Direct Plan Cumulative Option,INF109KA1K49,,12.9065,N.A.,N.A.,2017-08-09
131017,ICICI Prudential Fixed Maturity Plan - Series 75 - 1100 Days Plan F Dividend Option,INF109KA1K31,,12.7577,N.A.,N.A.,2017-08-09
131008,ICICI Prudential Fixed Maturity Plan - Series 75 - 1100 Days Plan G Cumulative Option,INF109KA1K64,,13.1446,N.A.,N.A.,2017-08-09
131007,ICICI Prudential Fixed Maturity Plan - Series 75 - 1100 Days Plan G Direct Plan Cumulative Option,INF109KA1K80,,13.2933,N.A.,N.A.,2017-08-09
131006,ICICI Prudential Fixed Maturity Plan - Series 75 - 1100 Days Plan G Direct Plan Dividend Option,INF109KA1K98,,13.2933,N.A.,N.A.,2017-08-09
131009,ICICI Prudential Fixed Maturity Plan - Series 75 - 1100 Days Plan G Dividend Option,INF109KA1K72,,13.1446,N.A.,N.A.,2017-08-09
131112,ICICI Prudential Fixed Maturity Plan - Series 75 - 1100 Days Plan H Cumulative Option,INF109KA1P69,,12.7232,N.A.,N.A.,2017-08-09
131111,ICICI Prudential Fixed Maturity Plan - Series 75 - 1100 Days Plan H Direct Plan Cumulative Option,INF109KA1P85,,12.8654,N.A.,N.A.,2017-08-09
131109,ICICI Prudential Fixed Maturity Plan - Series 75 - 1100 Days Plan H Direct Plan Dividend Option,INF109KA1P93,,12.8654,N.A.,N.A.,2017-08-09
131110,ICICI Prudential Fixed Maturity Plan - Series 75 - 1100 Days Plan H Dividend Option,INF109KA1P77,,12.7232,N.A.,N.A.,2017-08-09
131195,ICICI Prudential Fixed Maturity Plan - Series 75 - 1100 Days Plan I Cumulative Option,INF109KA1R26,,13.1066,N.A.,N.A.,2017-08-09
131197,ICICI Prudential Fixed Maturity Plan - Series 75 - 1100 Days Plan I Direct Plan Cumulative Option,INF109KA1R42,,13.2611,N.A.,N.A.,2017-08-09
131198,ICICI Prudential Fixed Maturity Plan - Series 75 - 1100 Days Plan I Direct Plan Dividend Option,INF109KA1R59,,13.2611,N.A.,N.A.,2017-08-09
131196,ICICI Prudential Fixed Maturity Plan - Series 75 - 1100 Days Plan I Dividend Option,INF109KA1R34,,13.1066,N.A.,N.A.,2017-08-09
131311,ICICI Prudential Fixed Maturity Plan - Series 75 - 1100 Days Plan J Cumulative Option,INF109KA1T40,,12.6615,N.A.,N.A.,2017-08-09
131310,ICICI Prudential Fixed Maturity Plan - Series 75 - 1100 Days Plan J Direct Plan Cumulative Option,INF109KA1T65,,12.7894,N.A.,N.A.,2017-08-09
131309,ICICI Prudential Fixed Maturity Plan - Series 75 - 1100 Days Plan J Direct Plan Dividend Option,INF109KA1T73,,12.7894,N.A.,N.A.,2017-08-09
131312,ICICI Prudential Fixed Maturity Plan - Series 75 - 1100 Days Plan J Dividend Option,INF109KA1T57,,12.6615,N.A.,N.A.,2017-08-09
131601,ICICI Prudential Fixed Maturity Plan - Series 75 - 1100 Days Plan N Cumulative Option,INF109KA18A3,,12.6687,N.A.,N.A.,2017-08-09
131599,ICICI Prudential Fixed Maturity Plan - Series 75 - 1100 Days Plan N Direct Plan Cumulative Option,INF109KA10B8,,12.6861,N.A.,N.A.,2017-08-09
131600,ICICI Prudential Fixed Maturity Plan - Series 75 - 1100 Days Plan N Dividend Option,INF109KA19A1,,12.6687,N.A.,N.A.,2017-08-09
131603,ICICI Prudential Fixed Maturity Plan - Series 75 - 1100 Days Plan O Cumulative Option,INF109KA12B4,,12.6767,N.A.,N.A.,2017-08-09
131602,ICICI Prudential Fixed Maturity Plan - Series 75 - 1100 Days Plan O Direct Plan Cumulative Option,INF109KA14B0,,12.7000,N.A.,N.A.,2017-08-09
131604,ICICI Prudential Fixed Maturity Plan - Series 75 - 1100 Days Plan O Dividend Option,INF109KA13B2,,12.6767,N.A.,N.A.,2017-08-09
132837,ICICI Prudential Fixed Maturity Plan - Series 75 - 1100 Days Plan Q Cumulative Option,INF109KA10E2,,12.8341,N.A.,N.A.,2017-08-09
132834,ICICI Prudential Fixed Maturity Plan - Series 75 - 1100 Days Plan Q Direct Plan Cumulative Option,INF109KA12E8,,12.9706,N.A.,N.A.,2017-08-09
132835,ICICI Prudential Fixed Maturity Plan - Series 75 - 1100 Days Plan Q Direct Plan Dividend Option,INF109KA13E6,,12.9706,N.A.,N.A.,2017-08-09
132836,ICICI Prudential Fixed Maturity Plan - Series 75 - 1100 Days Plan Q Dividend Option,INF109KA11E0,,12.8341,N.A.,N.A.,2017-08-09
132901,ICICI Prudential Fixed Maturity Plan - Series 75 - 1100 Days Plan R Cumulative Option,INF109KA18E5,,12.5789,N.A.,N.A.,2017-08-09
132900,ICICI Prudential Fixed Maturity Plan - Series 75 - 1100 Days Plan R Direct Plan Cumulative Option,INF109KA10F9,,12.5933,N.A.,N.A.,2017-08-09
132902,ICICI Prudential Fixed Maturity Plan - Series 75 - 1100 Days Plan R Dividend Option,INF109KA19E3,,12.5789,N.A.,N.A.,2017-08-09
133006,ICICI Prudential Fixed Maturity Plan - Series 75 - 1100 Days Plan T Cumulative Option,INF109KA14F1,,12.5316,N.A.,N.A.,2017-08-09
133005,ICICI Prudential Fixed Maturity Plan - Series 75 - 1100 Days Plan T Direct Plan Cumulative Option,INF109KA12F5,,12.5469,N.A.,N.A.,2017-08-09
133003,ICICI Prudential Fixed Maturity Plan - Series 75 - 1100 Days Plan T Dividend Option,INF109KA15F8,,12.5316,N.A.,N.A.,2017-08-09
131461,ICICI Prudential Fixed Maturity Plan - Series 75 - 1103 Days Plan L Cumulative Option,INF109KA1V87,,12.9599,N.A.,N.A.,2017-08-09
131460,ICICI Prudential Fixed Maturity Plan - Series 75 - 1103 Days Plan L Direct Plan Cumulative Option,INF109KA1W03,,13.0869,N.A.,N.A.,2017-08-09
131458,ICICI Prudential Fixed Maturity Plan - Series 75 - 1103 Days Plan L Direct Plan Dividend Option,INF109KA1W11,,13.0869,N.A.,N.A.,2017-08-09
131459,ICICI Prudential Fixed Maturity Plan - Series 75 - 1103 Days Plan L Dividend Option,INF109KA1V95,,12.9599,N.A.,N.A.,2017-08-09
132831,ICICI Prudential Fixed Maturity Plan - Series 75 - 1103 Days Plan P Cumulative Option,INF109KA16D1,,12.4983,N.A.,N.A.,2017-08-09
132830,ICICI Prudential Fixed Maturity Plan - Series 75 - 1103 Days Plan P Direct Plan Cumulative Option,INF109KA18D7,,12.5601,N.A.,N.A.,2017-08-09
132833,ICICI Prudential Fixed Maturity Plan - Series 75 - 1103 Days Plan P Direct Plan Dividend Option,INF109KA19D5,,12.5601,N.A.,N.A.,2017-08-09
132832,ICICI Prudential Fixed Maturity Plan - Series 75 - 1103 Days Plan P Dividend Option,INF109KA17D9,,12.4983,N.A.,N.A.,2017-08-09
133044,ICICI Prudential Fixed Maturity Plan - Series 75 - 1246 Days Plan U Cumulative Option,INF109KA12H1,,12.9978,N.A.,N.A.,2017-08-09
133041,ICICI Prudential Fixed Maturity Plan - Series 75 - 1246 Days Plan U Direct Plan Cumulative Option,INF109KA14H7,,13.1870,N.A.,N.A.,2017-08-09
133042,ICICI Prudential Fixed Maturity Plan - Series 75 - 1246 Days Plan U Direct Plan Dividend Option,INF109KA15H4,,13.1870,N.A.,N.A.,2017-08-09
133043,ICICI Prudential Fixed Maturity Plan - Series 75 - 1246 Days Plan U Dividend Option,INF109KA13H9,,12.9978,N.A.,N.A.,2017-08-09
130779,ICICI Prudential Fixed Maturity Plan - Series 75 - 1352 Days Plan E Cumulative Option,INF109KA1ZQ5,,13.0676,N.A.,N.A.,2017-08-09
130777,ICICI Prudential Fixed Maturity Plan - Series 75 - 1352 Days Plan E Direct Plan Cumulative Option,INF109KA1ZS1,,13.1495,N.A.,N.A.,2017-08-09
130778,ICICI Prudential Fixed Maturity Plan - Series 75 - 1352 Days Plan E Direct Plan Dividend Option,INF109KA1ZT9,,13.1495,N.A.,N.A.,2017-08-09
130780,ICICI Prudential Fixed Maturity Plan - Series 75 - 1352 Days Plan E Dividend Option,INF109KA1ZR3,,13.0676,N.A.,N.A.,2017-08-09
133246,ICICI Prudential Fixed Maturity Plan - Series 76 - 1100 Days Plan D Cumulative Option,INF109KA12N9,,12.3671,N.A.,N.A.,2017-08-09
133244,ICICI Prudential Fixed Maturity Plan - Series 76 - 1100 Days Plan D Direct Plan Cumulative Option,INF109KA14N5,,12.4600,N.A.,N.A.,2017-08-09
133245,ICICI Prudential Fixed Maturity Plan - Series 76 - 1100 Days Plan D Direct Plan Dividend Option,INF109KA15N2,,12.4601,N.A.,N.A.,2017-08-09
133247,ICICI Prudential Fixed Maturity Plan - Series 76 - 1100 Days Plan D Dividend Option,INF109KA13N7,,12.3671,N.A.,N.A.,2017-08-09
133457,ICICI Prudential Fixed Maturity Plan - Series 76 - 1100 Days Plan G Cumulative Option,INF109KA16R1,,12.2225,N.A.,N.A.,2017-08-09
133458,ICICI Prudential Fixed Maturity Plan - Series 76 - 1100 Days Plan G Direct Plan Cumulative Option,INF109KA15S1,,12.2875,N.A.,N.A.,2017-08-09
133456,ICICI Prudential Fixed Maturity Plan - Series 76 - 1100 Days Plan G Dividend Option,INF109KA17R9,,12.2225,N.A.,N.A.,2017-08-09
134163,ICICI Prudential Fixed Maturity Plan - Series 76 - 1100 Days Plan T Cumulative Option,INF109KB1359,,12.1361,N.A.,N.A.,2017-08-09
134160,ICICI Prudential Fixed Maturity Plan - Series 76 - 1100 Days Plan T Direct Plan Cumulative Option,INF109KB1375,,12.2162,N.A.,N.A.,2017-08-09
134162,ICICI Prudential Fixed Maturity Plan - Series 76 - 1100 Days Plan T Dividend Option,INF109KB1367,,12.1361,N.A.,N.A.,2017-08-09
133434,ICICI Prudential Fixed Maturity Plan - Series 76 - 1103 Days Plan F Cumulative option,INF109KA14Q8,,12.2360,N.A.,N.A.,2017-08-09
133431,ICICI Prudential Fixed Maturity Plan - Series 76 - 1103 Days Plan F Direct Plan Cumulative Option,INF109KA16Q3,,12.3018,N.A.,N.A.,2017-08-09
133432,ICICI Prudential Fixed Maturity Plan - Series 76 - 1103 Days Plan F Direct Plan Dividend Option,INF109KA17Q1,,12.3018,N.A.,N.A.,2017-08-09
133433,ICICI Prudential Fixed Maturity Plan - Series 76 - 1103 Days Plan F Dividend Option,INF109KA15Q5,,12.2360,N.A.,N.A.,2017-08-09
134308,ICICI Prudential Fixed Maturity Plan - Series 76 - 1108 Days Plan V Cumulative Option,INF109KB1672,,12.0661,N.A.,N.A.,2017-08-09
134305,ICICI Prudential Fixed Maturity Plan - Series 76 - 1108 Days Plan V Direct Plan Cumulative Option,INF109KB1698,,12.1806,N.A.,N.A.,2017-08-09
134307,ICICI Prudential Fixed Maturity Plan - Series 76 - 1108 Days Plan V Dividend Option,INF109KB1680,,12.0661,N.A.,N.A.,2017-08-09
134186,ICICI Prudential Fixed Maturity Plan - Series 76 - 1120 Days Plan U Cumulative Option,INF109KB1391,,12.0964,N.A.,N.A.,2017-08-09
134188,ICICI Prudential Fixed Maturity Plan - Series 76 - 1120 Days Plan U Direct Plan Cumulative Option,INF109KB1417,,12.1768,N.A.,N.A.,2017-08-09
134187,ICICI Prudential Fixed Maturity Plan - Series 76 - 1120 Days Plan U Dividend Option,INF109KB1409,,12.0964,N.A.,N.A.,2017-08-09
134312,ICICI Prudential Fixed Maturity Plan - Series 76 - 1127 Days Plan W Cumulative Option,INF109KB1953,,12.1292,N.A.,N.A.,2017-08-09
134309,ICICI Prudential Fixed Maturity Plan - Series 76 - 1127 Days Plan W Direct Plan Cumulative Option,INF109KB1979,,12.1532,N.A.,N.A.,2017-08-09
134310,ICICI Prudential Fixed Maturity Plan - Series 76 - 1127 Days Plan W Direct Plan Dividend Option,INF109KB1987,,12.1532,N.A.,N.A.,2017-08-09
134311,ICICI Prudential Fixed Maturity Plan - Series 76 - 1127 Days Plan W Dividend Option,INF109KB1961,,12.1292,N.A.,N.A.,2017-08-09
134005,ICICI Prudential Fixed Maturity Plan - Series 76 - 1132 Days Plan P Cumulative Option,INF109KB1219,,12.1656,N.A.,N.A.,2017-08-09
134007,ICICI Prudential Fixed Maturity Plan - Series 76 - 1132 Days Plan P Direct Plan Cumulative Option,INF109KB1235,,12.2478,N.A.,N.A.,2017-08-09
134399,ICICI Prudential Fixed Maturity Plan - Series 76 - 1134 Days Plan Y Cumulative Option,INF109KB1BF8,,12.0939,N.A.,N.A.,2017-08-09
134397,ICICI Prudential Fixed Maturity Plan - Series 76 - 1134 Days Plan Y Direct Plan Cumulative Option,INF109KB1BH4,,12.1218,N.A.,N.A.,2017-08-09
134400,ICICI Prudential Fixed Maturity Plan - Series 76 - 1134 Days Plan Y Dividend Option,INF109KB1BG6,,12.0939,N.A.,N.A.,2017-08-09
134458,ICICI Prudential Fixed Maturity Plan - Series 76 - 1135 Days Plan Z Cumulative Option,INF109KB1BB7,,12.0549,N.A.,N.A.,2017-08-09
134461,ICICI Prudential Fixed Maturity Plan - Series 76 - 1135 Days Plan Z Direct Plan Cumulative Option,INF109KB1BD3,,12.0825,N.A.,N.A.,2017-08-09
134460,ICICI Prudential Fixed Maturity Plan - Series 76 - 1135 Days Plan Z Direct Plan Dividend Option,INF109KB1BE1,,12.0825,N.A.,N.A.,2017-08-09
134459,ICICI Prudential Fixed Maturity Plan - Series 76 - 1135 Days Plan Z Dividend Option,INF109KB1BC5,,12.0549,N.A.,N.A.,2017-08-09
133874,ICICI Prudential Fixed Maturity Plan - Series 76 - 1142 Days Plan M Cumulative Option,INF109KA16Y7,,12.1799,N.A.,N.A.,2017-08-09
133875,ICICI Prudential Fixed Maturity Plan - Series 76 - 1142 Days Plan M Direct Plan Cumulative Option,INF109KA18Y3,,12.2467,N.A.,N.A.,2017-08-09
133876,ICICI Prudential Fixed Maturity Plan - Series 76 - 1142 Days Plan M Direct Plan Dividend Option,INF109KA19Y1,,12.2467,N.A.,N.A.,2017-08-09
133877,ICICI Prudential Fixed Maturity Plan - Series 76 - 1142 Days Plan M Dividend Option,INF109KA17Y5,,12.1799,N.A.,N.A.,2017-08-09
133673,ICICI Prudential Fixed Maturity Plan - Series 76 - 1155 Days Plan K Cumulative Option,INF109KA14V8,,12.2654,N.A.,N.A.,2017-08-09
133670,ICICI Prudential Fixed Maturity Plan - Series 76 - 1155 Days Plan K Direct Plan Cumulative Option,INF109KA16V3,,12.3338,N.A.,N.A.,2017-08-09
133672,ICICI Prudential Fixed Maturity Plan - Series 76 - 1155 Days Plan K Dividend Option,INF109KA15V5,,12.2654,N.A.,N.A.,2017-08-09
134928,ICICI Prudential Fixed Maturity Plan - Series 77 - 1100 Days Plan L Cumulative Option,INF109KB1IT4,,11.7138,N.A.,N.A.,2017-08-09
134929,ICICI Prudential Fixed Maturity Plan - Series 77 - 1100 Days Plan L Direct Plan Cumulative Option,INF109KB1IV0,,11.8059,N.A.,N.A.,2017-08-09
134926,ICICI Prudential Fixed Maturity Plan - Series 77 - 1100 Days Plan L Direct Plan Dividend Option,INF109KB1IW8,,11.8059,N.A.,N.A.,2017-08-09
134927,ICICI Prudential Fixed Maturity Plan - Series 77 - 1100 Days Plan L Dividend Option,INF109KB1IU2,,11.7138,N.A.,N.A.,2017-08-09
134931,ICICI Prudential Fixed Maturity Plan - Series 77 - 1100 Days Plan M Cumulative Option,INF109KB1IP2,,12.1000,N.A.,N.A.,2017-08-09
134930,ICICI Prudential Fixed Maturity Plan - Series 77 - 1100 Days Plan M Direct Plan Cumulative Option,INF109KB1IR8,,12.2562,N.A.,N.A.,2017-08-09
134933,ICICI Prudential Fixed Maturity Plan - Series 77 - 1100 Days Plan M Direct Plan Dividend Option,INF109KB1IS6,,12.2562,N.A.,N.A.,2017-08-09
134932,ICICI Prudential Fixed Maturity Plan - Series 77 - 1100 Days Plan M Dividend Option,INF109KB1IQ0,,12.1000,N.A.,N.A.,2017-08-09
135403,ICICI Prudential Fixed Maturity Plan - Series 77 - 1129 Days Plan W Cumulative Option,INF109KB1MR0,,11.6606,N.A.,N.A.,2017-08-09
135401,ICICI Prudential Fixed Maturity Plan - Series 77 - 1129 Days Plan W Direct Plan Cumulative Option,INF109KB1MT6,,11.7302,N.A.,N.A.,2017-08-09
135400,ICICI Prudential Fixed Maturity Plan - Series 77 - 1129 Days Plan W Dividend Option,INF109KB1MS8,,11.6606,N.A.,N.A.,2017-08-09
134628,ICICI Prudential Fixed Maturity Plan - Series 77 - 1130 Days Plan D Cumulative Option,INF109KB1EL0,,12.0584,N.A.,N.A.,2017-08-09
134630,ICICI Prudential Fixed Maturity Plan - Series 77 - 1130 Days Plan D Direct Plan Cumulative Option,INF109KB1EN6,,12.0851,N.A.,N.A.,2017-08-09
134629,ICICI Prudential Fixed Maturity Plan - Series 77 - 1130 Days Plan D Dividend Option,INF109KB1EM8,,12.0584,N.A.,N.A.,2017-08-09
134540,ICICI Prudential Fixed Maturity Plan - Series 77 - 1132 Days Plan A Cumulative Option,INF109KB1DF4,,12.0436,N.A.,N.A.,2017-08-09
134539,ICICI Prudential Fixed Maturity Plan - Series 77 - 1132 Days Plan A Direct Plan Cumulative Option,INF109KB1DH0,,12.0737,N.A.,N.A.,2017-08-09
134537,ICICI Prudential Fixed Maturity Plan - Series 77 - 1132 Days Plan A Direct Plan Dividend Option,INF109KB1DI8,,12.0737,N.A.,N.A.,2017-08-09
134538,ICICI Prudential Fixed Maturity Plan - Series 77 - 1132 Days Plan A Dividend Option,INF109KB1DG2,,12.0436,N.A.,N.A.,2017-08-09
134731,ICICI Prudential Fixed Maturity Plan - Series 77 - 1134 Plan H Cumulative Option,INF109KB1HB4,,11.9073,N.A.,N.A.,2017-08-09
134730,ICICI Prudential Fixed Maturity Plan - Series 77 - 1134 Plan H Direct Plan Cumulative Option,INF109KB1HD0,,11.9790,N.A.,N.A.,2017-08-09
134733,ICICI Prudential Fixed Maturity Plan - Series 77 - 1134 Plan H Direct Plan Dividend Option,INF109KB1HE8,,11.9790,N.A.,N.A.,2017-08-09
135318,ICICI Prudential Fixed Maturity Plan - Series 77 - 1144 Days Plan T Cumulative Option,INF109KB1MF5,,11.6751,N.A.,N.A.,2017-08-09
135316,ICICI Prudential Fixed Maturity Plan - Series 77 - 1144 Days Plan T Direct Plan Cumulative Option,INF109KB1MH1,,11.7489,N.A.,N.A.,2017-08-09
135319,ICICI Prudential Fixed Maturity Plan - Series 77 - 1144 Days Plan T Dividend Option,INF109KB1MG3,,11.6751,N.A.,N.A.,2017-08-09
135289,ICICI Prudential Fixed Maturity Plan - Series 77 - 1151 Days Plan S Cumulative Option,INF109KB1LZ5,,11.6680,N.A.,N.A.,2017-08-09
135286,ICICI Prudential Fixed Maturity Plan - Series 77 - 1151 Days Plan S Direct Plan Cumulative Option,INF109KB1MB4,,11.7446,N.A.,N.A.,2017-08-09
135288,ICICI Prudential Fixed Maturity Plan - Series 77 - 1151 Days Plan S Direct Plan Dividend Option,INF109KB1MC2,,11.7446,N.A.,N.A.,2017-08-09
135287,ICICI Prudential Fixed Maturity Plan - Series 77 - 1151 Days Plan S Dividend Option,INF109KB1MA6,,11.6680,N.A.,N.A.,2017-08-09
134573,ICICI Prudential Fixed Maturity Plan - Series 77 - 1473 Days Plan C Cumulative Option,INF109KB1DN8,,12.1873,N.A.,N.A.,2017-08-09
134575,ICICI Prudential Fixed Maturity Plan - Series 77 - 1473 Days Plan C Direct Plan Cumulative Option,INF109KB1DP3,,12.2710,N.A.,N.A.,2017-08-09
134576,ICICI Prudential Fixed Maturity Plan - Series 77 - 1473 Days Plan C Direct Plan Dividend Option,INF109KB1DQ1,,12.2710,N.A.,N.A.,2017-08-09
134574,ICICI Prudential Fixed Maturity Plan - Series 77 - 1473 Days Plan C Dividend Option,INF109KB1DO6,,12.1873,N.A.,N.A.,2017-08-09
139253,ICICI Prudential Fixed Maturity Plan - Series 78 - 1102 Days Plan Z Cumulative Option,INF109KB1UN2,,11.0792,N.A.,N.A.,2017-08-09
139255,ICICI Prudential Fixed Maturity Plan - Series 78 - 1102 Days Plan Z Direct Plan Cumulative Option,INF109KB1UP7,,11.1610,N.A.,N.A.,2017-08-09
139256,ICICI Prudential Fixed Maturity Plan - Series 78 - 1102 Days Plan Z Direct Plan Dividend Option,INF109KB1UQ5,,11.1609,N.A.,N.A.,2017-08-09
139254,ICICI Prudential Fixed Maturity Plan - Series 78 - 1102 Days Plan Z Dividend Option,INF109KB1UO0,,11.0792,N.A.,N.A.,2017-08-09
139178,ICICI Prudential Fixed Maturity Plan - Series 78 - 1115 Days Plan X Cumulative Option,INF109KB1TX3,,11.2872,N.A.,N.A.,2017-08-09
139180,ICICI Prudential Fixed Maturity Plan - Series 78 - 1115 Days Plan X Direct Plan Cumulative Option,INF109KB1TZ8,,11.3054,N.A.,N.A.,2017-08-09
139179,ICICI Prudential Fixed Maturity Plan - Series 78 - 1115 Days Plan X Direct Plan Dividend Option,INF109KB1UA9,,11.3054,N.A.,N.A.,2017-08-09
136462,ICICI Prudential Fixed Maturity Plan - Series 78 - 1127 Days Plan R Cumulative Option,INF109KB1SZ0,,11.4300,N.A.,N.A.,2017-08-09
136461,ICICI Prudential Fixed Maturity Plan - Series 78 - 1127 Days Plan R Direct Plan Cumulative Option,INF109KB1TB9,,11.4873,N.A.,N.A.,2017-08-09
136460,ICICI Prudential Fixed Maturity Plan - Series 78 - 1127 Days Plan R Direct Plan Dividend Option,INF109KB1TC7,,11.4872,N.A.,N.A.,2017-08-09
136459,ICICI Prudential Fixed Maturity Plan - Series 78 - 1127 Days Plan R Dividend Option,INF109KB1TA1,,11.4300,N.A.,N.A.,2017-08-09
139107,ICICI Prudential Fixed Maturity Plan - Series 78 - 1130 Days Plan T Cumulative Option,INF109KB1TD5,,11.2893,N.A.,N.A.,2017-08-09
139109,ICICI Prudential Fixed Maturity Plan - Series 78 - 1130 Days Plan T Direct Plan Cumulative Option,INF109KB1TF0,,11.3086,N.A.,N.A.,2017-08-09
139110,ICICI Prudential Fixed Maturity Plan - Series 78 - 1130 Days Plan T Direct Plan Dividend Option,INF109KB1TG8,,11.3086,N.A.,N.A.,2017-08-09
139103,ICICI Prudential Fixed Maturity Plan - Series 78 - 1135 Days Plan W Cumulative Option,INF109KB1TP9,,11.2458,N.A.,N.A.,2017-08-09
139104,ICICI Prudential Fixed Maturity Plan - Series 78 - 1135 Days Plan W Direct Plan Cumulative Option,INF109KB1TR5,,11.2959,N.A.,N.A.,2017-08-09
136294,ICICI Prudential Fixed Maturity Plan - Series 78 -1150 Days Plan N Cumulative Option,INF109KB1SB1,,11.4038,N.A.,N.A.,2017-08-09
136295,ICICI Prudential Fixed Maturity Plan - Series 78 -1150 Days Plan N Direct Plan Cumulative Option,INF109KB1SD7,,11.4213,N.A.,N.A.,2017-08-09
136297,ICICI Prudential Fixed Maturity Plan - Series 78 -1150 Days Plan N Direct Plan Dividend Option,INF109KB1SE5,,11.3835,N.A.,N.A.,2017-08-09
136296,ICICI Prudential Fixed Maturity Plan - Series 78 -1150 Days Plan N Dividend Option,INF109KB1SC9,,11.3663,N.A.,N.A.,2017-08-09
139101,ICICI Prudential Fixed Maturity Plan - Series 78 - 1156 Days Plan U Cumulative Option,INF109KB1TL8,,11.1872,N.A.,N.A.,2017-08-09
139099,ICICI Prudential Fixed Maturity Plan - Series 78 - 1156 Days Plan U Direct Plan Cumulative Option,INF109KB1TN4,,11.2393,N.A.,N.A.,2017-08-09
139102,ICICI Prudential Fixed Maturity Plan - Series 78 - 1156 Days Plan U Dividend Option,INF109KB1TM6,,11.1872,N.A.,N.A.,2017-08-09
136228,ICICI Prudential Fixed Maturity Plan - Series 78 - 1168 Days Plan J Cumulative Option,INF109KB1RP3,,11.4365,N.A.,N.A.,2017-08-09
136230,ICICI Prudential Fixed Maturity Plan - Series 78 - 1168 Days Plan J Direct Plan Cumulative Option,INF109KB1RR9,,11.4560,N.A.,N.A.,2017-08-09
136231,ICICI Prudential Fixed Maturity Plan - Series 78 - 1168 Days Plan J Direct Plan Dividend Option,INF109KB1RS7,,11.4094,N.A.,N.A.,2017-08-09
136229,ICICI Prudential Fixed Maturity Plan - Series 78 - 1168 Days Plan J Dividend Option,INF109KB1RQ1,,11.3904,N.A.,N.A.,2017-08-09
136224,ICICI Prudential Fixed Maturity Plan - Series 78 - 1170 Days Plan I Cumulative Option,INF109KB1RD9,,11.4791,N.A.,N.A.,2017-08-09
136226,ICICI Prudential Fixed Maturity Plan - Series 78 - 1170 Days Plan I Direct Plan Cumulative Option,INF109KB1RF4,,11.4988,N.A.,N.A.,2017-08-09
136227,ICICI Prudential Fixed Maturity Plan - Series 78 - 1170 Days Plan I Direct Plan Dividend Option,INF109KB1RG2,,11.4449,N.A.,N.A.,2017-08-09
136225,ICICI Prudential Fixed Maturity Plan - Series 78 - 1170 Days Plan I Dividend Option,INF109KB1RE7,,11.4258,N.A.,N.A.,2017-08-09
136047,ICICI Prudential Fixed Maturity Plan - Series 78 - 1185 Days Plan F Cumulative Option,INF109KB1QB5,,11.4498,N.A.,N.A.,2017-08-09
136046,ICICI Prudential Fixed Maturity Plan - Series 78 - 1185 Days Plan F Direct Plan Cumulative Option,INF109KB1QD1,,11.4726,N.A.,N.A.,2017-08-09
136049,ICICI Prudential Fixed Maturity Plan - Series 78 - 1185 Days Plan F Direct Plan Dividend Option,INF109KB1QE9,,11.4726,N.A.,N.A.,2017-08-09
136048,ICICI Prudential Fixed Maturity Plan - Series 78 - 1185 Days Plan F Dividend Option,INF109KB1QC3,,11.4497,N.A.,N.A.,2017-08-09
135930,ICICI Prudential Fixed Maturity Plan - Series 78 - 1190 Days Plan C Cumulative Option,INF109KB1PH4,,11.4311,N.A.,N.A.,2017-08-09
135928,ICICI Prudential Fixed Maturity Plan - Series 78 - 1190 Days Plan C Direct Plan Cumulative Option,INF109KB1PJ0,,11.4892,N.A.,N.A.,2017-08-09
135929,ICICI Prudential Fixed Maturity Plan - Series 78 - 1190 Days Plan C Direct Plan Dividend Option,INF109KB1PK8,,11.4892,N.A.,N.A.,2017-08-09
135931,ICICI Prudential Fixed Maturity Plan - Series 78 - 1190 Days Plan C Dividend Option,INF109KB1PI2,,11.4311,N.A.,N.A.,2017-08-09
135995,ICICI Prudential Fixed Maturity Plan - Series 78 - 1190 Days Plan E Cumulative Option,INF109KB1PT9,,11.4621,N.A.,N.A.,2017-08-09
135992,ICICI Prudential Fixed Maturity Plan - Series 78 - 1190 Days Plan E Direct Plan Cumulative Option,INF109KB1PV5,,11.4863,N.A.,N.A.,2017-08-09
135993,ICICI Prudential Fixed Maturity Plan - Series 78 - 1190 Days Plan E Direct Plan Dividend Option,INF109KB1PW3,,11.4863,N.A.,N.A.,2017-08-09
135994,ICICI Prudential Fixed Maturity Plan - Series 78 - 1190 Days Plan E Dividend Option,INF109KB1PU7,,11.4621,N.A.,N.A.,2017-08-09
135846,ICICI Prudential Fixed Maturity Plan - Series 78 - 1212 Days Plan A Cumulative Option,INF109KB1OR6,,11.4664,N.A.,N.A.,2017-08-09
135847,ICICI Prudential Fixed Maturity Plan - Series 78 - 1212 Days Plan A Direct Plan Cumulative Option,INF109KB1OT2,,11.5380,N.A.,N.A.,2017-08-09
135845,ICICI Prudential Fixed Maturity Plan - Series 78 - 1212 Days Plan A Direct Plan Dividend Option,INF109KB1OU0,,11.5380,N.A.,N.A.,2017-08-09
135848,ICICI Prudential Fixed Maturity Plan - Series 78 - 1212 Days Plan A Dividend Option,INF109KB1OS4,,11.4664,N.A.,N.A.,2017-08-09
139114,ICICI Prudential Fixed Maturity Plan - Series 78 - 1281 Days Plan V Cumulative Option,INF109KB1TT1,,11.4434,N.A.,N.A.,2017-08-09
139113,ICICI Prudential Fixed Maturity Plan - Series 78 - 1281 Days Plan V Direct Plan Cumulative Option,INF109KB1TV7,,11.4921,N.A.,N.A.,2017-08-09
139111,ICICI Prudential Fixed Maturity Plan - Series 78 - 1281 Days Plan V Direct Plan Dividend Option,INF109KB1TW5,,11.4921,N.A.,N.A.,2017-08-09
139112,ICICI Prudential Fixed Maturity Plan - Series 78 - 1281 Days Plan V Dividend Option,INF109KB1TU9,,11.4434,N.A.,N.A.,2017-08-09
139762,ICICI Prudential Fixed Maturity Plan - Series 79 - 1104 Days Plan O Cumulative Option,INF109KB1ZQ4,,10.9227,N.A.,N.A.,2017-08-09
139761,ICICI Prudential Fixed Maturity Plan - Series 79 - 1104 Days Plan O Direct Plan Cumulative Option,INF109KB1ZS0,,10.9668,N.A.,N.A.,2017-08-09
139760,ICICI Prudential Fixed Maturity Plan - Series 79 - 1104 Days Plan O Direct Plan Dividend Option,INF109KB1ZT8,,10.9668,N.A.,N.A.,2017-08-09
139759,ICICI Prudential Fixed Maturity Plan - Series 79 - 1104 Days Plan O Dividend Option,INF109KB1ZR2,,10.9227,N.A.,N.A.,2017-08-09
139841,ICICI Prudential Fixed Maturity Plan - Series 79 - 1104 Days Plan P Cumulative Option,INF109KB1B48,,10.7118,N.A.,N.A.,2017-08-09
139842,ICICI Prudential Fixed Maturity Plan - Series 79 - 1104 Days Plan P Direct Plan Cumulative Option,INF109KB1B63,,10.7417,N.A.,N.A.,2017-08-09
139843,ICICI Prudential Fixed Maturity Plan - Series 79 - 1104 Days Plan P Direct Plan Dividend Option,INF109KB1B71,,10.7417,N.A.,N.A.,2017-08-09
139844,ICICI Prudential Fixed Maturity Plan - Series 79 - 1104 Days Plan P Dividend Option,INF109KB1B55,,10.7118,N.A.,N.A.,2017-08-09
139342,ICICI Prudential Fixed Maturity Plan - Series 79 - 1105 Days Plan B Cumulative Option,INF109KB1VL4,,11.0734,N.A.,N.A.,2017-08-09
139341,ICICI Prudential Fixed Maturity Plan - Series 79 - 1105 Days Plan B Direct Plan Cumulative Option,INF109KB1VN0,,11.1503,N.A.,N.A.,2017-08-09
139343,ICICI Prudential Fixed Maturity Plan - Series 79 - 1105 Days Plan B Direct Plan Dividend Option,INF109KB1VO8,,11.1503,N.A.,N.A.,2017-08-09
139340,ICICI Prudential Fixed Maturity Plan - Series 79 - 1105 Days Plan B Dividend Option,INF109KB1VM2,,11.0734,N.A.,N.A.,2017-08-09
139747,ICICI Prudential Fixed Maturity Plan - Seires 79 - 1106 Days Plan M Cumulative Option,INF109KB1ZI1,,10.7479,N.A.,N.A.,2017-08-09
139749,ICICI Prudential Fixed Maturity Plan - Series 79 - 1106 Days Plan M  Dividend Option,INF109KB1ZJ9,,10.7479,N.A.,N.A.,2017-08-09
139748,ICICI Prudential Fixed Maturity Plan - Series 79 - 1106 Days Plan M Direct Plan Cumulative Option,INF109KB1ZK7,,10.7881,N.A.,N.A.,2017-08-09
139750,ICICI Prudential Fixed Maturity Plan - Series 79 - 1106 Days Plan M Direct Plan Dividend Option,INF109KB1ZL5,,10.7880,N.A.,N.A.,2017-08-09
139704,ICICI Prudential Fixed Maturity Plan - Series 79 - 1118 Days Plan K Cumulative Option,INF109KB1YS3,,10.7810,N.A.,N.A.,2017-08-09
139702,ICICI Prudential Fixed Maturity Plan - Series 79 - 1118 Days Plan K Direct Plan Cumulative Option,INF109KB1YU9,,10.8143,N.A.,N.A.,2017-08-09
139703,ICICI Prudential Fixed Maturity Plan - Series 79 - 1118 Days Plan K Direct Plan Dividend Option,INF109KB1YV7,,10.8143,N.A.,N.A.,2017-08-09
139701,ICICI Prudential Fixed Maturity Plan - Series 79 - 1118 Days Plan K Dividend Option,INF109KB1YT1,,10.7810,N.A.,N.A.,2017-08-09
139642,ICICI Prudential Fixed Maturity Plan - Series 79 - 1120 Days Plan J Cumulative Option,INF109KB1YO2,,10.8479,N.A.,N.A.,2017-08-09
139643,ICICI Prudential Fixed Maturity Plan - Series 79 - 1120 Days Plan J Direct Plan Cumulative Option,INF109KB1YQ7,,10.8783,N.A.,N.A.,2017-08-09
139645,ICICI Prudential Fixed Maturity Plan - Series 79 - 1120 Days Plan J Dividend Option,INF109KB1YP9,,10.8479,N.A.,N.A.,2017-08-09
139475,ICICI Prudential Fixed Maturity Plan - Series 79 - 1130 Days Plan E  Cumulative Option,INF109KB1XH8,,10.9364,N.A.,N.A.,2017-08-09
139477,ICICI Prudential Fixed Maturity Plan - Series 79 - 1130 Days Plan E  Direct Plan Cumulative Option,INF109KB1XJ4,,10.9756,N.A.,N.A.,2017-08-09
139476,ICICI Prudential Fixed Maturity Plan - Series 79 - 1130 Days Plan E  Direct Plan Dividend Option,INF109KB1XK2,,10.9756,N.A.,N.A.,2017-08-09
139474,ICICI Prudential Fixed Maturity Plan - Series 79 - 1130 Days Plan E  Dividend Option,INF109KB1XI6,,10.9364,N.A.,N.A.,2017-08-09
139451,ICICI Prudential Fixed Maturity Plan - Series 79 - 1140 Days Plan D  Cumulative Option,INF109KB1XD7,,11.0469,N.A.,N.A.,2017-08-09
139453,ICICI Prudential Fixed Maturity Plan - Series 79 - 1140 Days Plan D  Direct Plan Cumulative Option,INF109KB1XF2,,11.1127,N.A.,N.A.,2017-08-09
139452,ICICI Prudential Fixed Maturity Plan - Series 79 - 1140 Days Plan D  Direct Plan Dividend Option,INF109KB1XG0,,11.1127,N.A.,N.A.,2017-08-09
139454,ICICI Prudential Fixed Maturity Plan - Series 79 - 1140 Days Plan D  Dividend Option,INF109KB1XE5,,11.0469,N.A.,N.A.,2017-08-09
139295,ICICI Prudential Fixed Maturity Plan - Series 79 - 1218 Days Plan A Cumulative Option,INF109KB1UZ6,,11.2793,N.A.,N.A.,2017-08-09
139297,ICICI Prudential Fixed Maturity Plan - Series 79 - 1218 Days Plan A Direct Plan Cumulative Option,INF109KB1VB5,,11.4224,N.A.,N.A.,2017-08-09
139298,ICICI Prudential Fixed Maturity Plan - Series 79 - 1218 Days Plan A Direct Plan Dividend Option,INF109KB1VC3,,11.4224,N.A.,N.A.,2017-08-09
139296,ICICI Prudential Fixed Maturity Plan - Series 79 - 1218 Days Plan A Dividend Option,INF109KB1VA7,,11.2793,N.A.,N.A.,2017-08-09
139943,ICICI Prudential Fixed Maturity Plan - Series 79 - 1404 Days Plan T Cumulative Option,INF109KB1C62,,10.7185,N.A.,N.A.,2017-08-09
139941,ICICI Prudential Fixed Maturity Plan - Series 79 - 1404 Days Plan T Direct Plan Cumulative Option,INF109KB1C88,,10.7402,N.A.,N.A.,2017-08-09
139944,ICICI Prudential Fixed Maturity Plan - Series 79 - 1404 Days Plan T Dividend Option,INF109KB1C70,,10.7185,N.A.,N.A.,2017-08-09
140019,ICICI Prudential Fixed Maturity Plan - Series 80 - 1100 Days Plan A Cumulative Option,INF109KB1H42,,10.7555,N.A.,N.A.,2017-08-09
140022,ICICI Prudential Fixed Maturity Plan - Series 80 - 1100 Days Plan A Direct Plan Cumulative Option,INF109KB1H67,,10.8152,N.A.,N.A.,2017-08-09
140020,ICICI Prudential Fixed Maturity Plan - Series 80 - 1100 Days Plan A Direct Plan Dividend Option,INF109KB1H75,,10.8152,N.A.,N.A.,2017-08-09
140021,ICICI Prudential Fixed Maturity Plan - Series 80 - 1100 Days Plan A Dividend Option,INF109KB1H59,,10.7555,N.A.,N.A.,2017-08-09
141089,ICICI Prudential Fixed Maturity Plan - Series 80 - 1125 Days Plan S - Cumulative Option,INF109KB1Y09,,10.3892,N.A.,N.A.,2017-08-09
141090,ICICI Prudential Fixed Maturity Plan - Series 80 - 1125 Days Plan S - Direct Plan - Cumulative Option,INF109KB1Y25,,10.4179,N.A.,N.A.,2017-08-09
141091,ICICI Prudential Fixed Maturity Plan - Series 80 - 1125 Days Plan S - Direct Plan - Dividend Option,INF109KB1Y33,,10.4179,N.A.,N.A.,2017-08-09
141092,ICICI Prudential Fixed Maturity Plan - Series 80 - 1125 Days Plan S - Dividend Option,INF109KB1Y17,,10.3892,N.A.,N.A.,2017-08-09
140955,ICICI Prudential Fixed Maturity Plan - Series 80 - 1138 Days Plan R - Cumulative Option,INF109KB1V85,,10.4037,N.A.,N.A.,2017-08-09
140957,ICICI Prudential Fixed Maturity Plan - Series 80 - 1138 Days Plan R - Direct Plan - Cumulative Option,INF109KB1W01,,10.4512,N.A.,N.A.,2017-08-09
140956,ICICI Prudential Fixed Maturity Plan - Series 80 - 1138 Days Plan R - Direct Plan - Dividend Option,INF109KB1W19,,10.4512,N.A.,N.A.,2017-08-09
140954,ICICI Prudential Fixed Maturity Plan - Series 80 - 1138 Days Plan R - Dividend Option,INF109KB1V93,,10.4037,N.A.,N.A.,2017-08-09
140776,ICICI Prudential Fixed Maturity Plan - Series 80 - 1150 Days Plan N - Cumulative Option,INF109KB1T89,,10.4223,N.A.,N.A.,2017-08-09
140774,ICICI Prudential Fixed Maturity Plan - Series 80 - 1150 Days Plan N - Direct Plan - Dividend Option,INF109KB1U11,,10.4746,N.A.,N.A.,2017-08-09
140775,ICICI Prudential Fixed Maturity Plan - Series 80 - 1150 Days Plan N - Dividend Option,INF109KB1T97,,10.4223,N.A.,N.A.,2017-08-09
140773,ICICI Prudential Fixed Maturity Plan - Series 80 - 1150 Days Plan N -Direct Plan - Cumulative Option,INF109KB1U03,,10.4746,N.A.,N.A.,2017-08-09
140621,ICICI Prudential Fixed Maturity Plan - Series 80 - 1170 Days Plan I - Cumulative Option,INF109KB1P83,,10.4300,N.A.,N.A.,2017-08-09
140623,ICICI Prudential Fixed Maturity Plan - Series 80 - 1170 Days Plan I - Direct Plan - Cumulative Option,INF109KB1Q09,,10.4886,N.A.,N.A.,2017-08-09
140624,ICICI Prudential Fixed Maturity Plan - Series 80 - 1170 Days Plan I - Direct Plan - Dividend Option,INF109KB1Q17,,10.4886,N.A.,N.A.,2017-08-09
140622,ICICI Prudential Fixed Maturity Plan - Series 80 - 1170 Days Plan I - Dividend Option,INF109KB1P91,,10.4300,N.A.,N.A.,2017-08-09
141097,ICICI Prudential Fixed Maturity Plan - Series 80 - 1216 Days Plan U - Cumulative Option,INF109KB10A8,,10.3375,N.A.,N.A.,2017-08-09
141098,ICICI Prudential Fixed Maturity Plan - Series 80 - 1216 Days Plan U - Direct Plan - Cumulative Option,INF109KB12A4,,10.3488,N.A.,N.A.,2017-08-09
141100,ICICI Prudential Fixed Maturity Plan - Series 80 - 1216 Days Plan U - Direct Plan - Dividend Option,INF109KB13A2,,10.3488,20.6976,N.A.,2017-08-09
141099,ICICI Prudential Fixed Maturity Plan - Series 80 - 1216 Days Plan U - Dividend Option,INF109KB11A6,,10.3375,N.A.,N.A.,2017-08-09
141163,ICICI Prudential Fixed Maturity Plan - Series 80 - 1225 Days Plan T - Cumulative Option,INF109KB1Z65,,10.3571,N.A.,N.A.,2017-08-09
141166,ICICI Prudential Fixed Maturity Plan - Series 80 - 1225 Days Plan T - Direct Plan - Cumulative Option,INF109KB1Z81,,10.3685,N.A.,N.A.,2017-08-09
141164,ICICI Prudential Fixed Maturity Plan - Series 80 - 1225 Days Plan T - Direct Plan - Dividend Option,INF109KB1Z99,,10.3685,N.A.,N.A.,2017-08-09
141165,ICICI Prudential Fixed Maturity Plan - Series 80 - 1225 Days Plan T - Dividend Option,INF109KB1Z73,,10.3570,N.A.,N.A.,2017-08-09
140942,ICICI Prudential Fixed Maturity Plan - Series 80 - 1227 Days Plan Q - Cumulative Option,INF109KB1W68,,10.3965,N.A.,N.A.,2017-08-09
140944,ICICI Prudential Fixed Maturity Plan - Series 80 - 1227 Days Plan Q - Direct Plan Cumulative Option,INF109KB1W84,,10.4086,N.A.,N.A.,2017-08-09
140945,ICICI Prudential Fixed Maturity Plan - Series 80 - 1227 Days Plan Q - Direct Plan Dividend Option,INF109KB1W92,,10.4086,N.A.,N.A.,2017-08-09
140932,ICICI Prudential Fixed Maturity Plan - Series 80 - 1231 Days Plan P - Cumulative Option,INF109KB1V44,,10.3998,N.A.,N.A.,2017-08-09
140934,ICICI Prudential Fixed Maturity Plan - Series 80 - 1231 Days Plan P - Direct Plan - Cumulative Option,INF109KB1V69,,10.4122,N.A.,N.A.,2017-08-09
140935,ICICI Prudential Fixed Maturity Plan - Series 80 - 1231 Days Plan P - Direct Plan - Dividend Option,INF109KB1V77,,10.4122,N.A.,N.A.,2017-08-09
140931,ICICI Prudential Fixed Maturity Plan - Series 80 - 1233 Days Plan O - Cumulative Option,INF109KB1V02,,10.4100,N.A.,N.A.,2017-08-09
140928,ICICI Prudential Fixed Maturity Plan - Series 80 - 1233 Days Plan O - Direct Plan - Cumulative Option,INF109KB1V28,,10.4142,N.A.,N.A.,2017-08-09
140929,ICICI Prudential Fixed Maturity Plan - Series 80 - 1233 Days Plan O - Direct Plan - Dividend Option,INF109KB1V36,,10.4142,N.A.,N.A.,2017-08-09
140777,ICICI Prudential Fixed Maturity Plan - Series 80 - 1245 Days Plan L - Cumulative Option,INF109KB1T06,,10.4242,N.A.,N.A.,2017-08-09
140778,ICICI Prudential Fixed Maturity Plan - Series 80 - 1245 Days Plan L - Direct Plan - Cumulative Option,INF109KB1T22,,10.4284,N.A.,N.A.,2017-08-09
140779,ICICI Prudential Fixed Maturity Plan - Series 80 - 1245 Days Plan L - Direct Plan - Dividend Option,INF109KB1T30,,10.4284,N.A.,N.A.,2017-08-09
140780,ICICI Prudential Fixed Maturity Plan - Series 80 - 1245 Days Plan L - Dividend Option,INF109KB1T14,,10.4242,N.A.,N.A.,2017-08-09
140111,ICICI Prudential Fixed Maturity Plan - Series 80 - 1248 Days Plan D - Cumulative Option,INF109KB1K05,,10.6434,N.A.,N.A.,2017-08-09
140109,ICICI Prudential Fixed Maturity Plan - Series 80 - 1248 Days Plan D - Direct Plan - Cumulative Option,INF109KB1K21,,10.6737,N.A.,N.A.,2017-08-09
140108,ICICI Prudential Fixed Maturity Plan - Series 80 - 1248 Days Plan D - Dividend Option,INF109KB1K13,,10.6434,N.A.,N.A.,2017-08-09
140661,ICICI Prudential Fixed Maturity Plan - Series 80 - 1253 Days Plan J - Cumulative Option,INF109KB1R40,,10.4189,N.A.,N.A.,2017-08-09
140663,ICICI Prudential Fixed Maturity Plan - Series 80 - 1253 Days Plan J - Direct Plan - Cumulative Option,INF109KB1R65,,10.4219,N.A.,N.A.,2017-08-09
140662,ICICI Prudential Fixed Maturity Plan - Series 80 - 1253 Days Plan J - Dividend Option,INF109KB1R57,,10.4189,N.A.,N.A.,2017-08-09
141599,ICICI Prudential Fixed Maturity Plan - Series 81 - 1100 Days Plan O - Cumulative Option,INF109KB14S2,,10.0761,N.A.,N.A.,2017-08-09
141597,ICICI Prudential Fixed Maturity Plan - Series 81 - 1100 Days Plan O - Direct Plan - Cumulative Option,INF109KB12S6,,10.0797,N.A.,N.A.,2017-08-09
141600,ICICI Prudential Fixed Maturity Plan - Series 81 - 1100 Days Plan O - Direct Plan - Dividend Option,INF109KB13S4,,10.0797,N.A.,N.A.,2017-08-09
141598,ICICI Prudential Fixed Maturity Plan - Series 81 - 1100 Days Plan O - Dividend Option,INF109KB15S9,,10.0761,N.A.,N.A.,2017-08-09
141264,ICICI Prudential Fixed Maturity Plan - Series 81 - 1101 Days Plan C - Cumulative Option,INF109KB16B3,,10.2853,N.A.,N.A.,2017-08-09
141262,ICICI Prudential Fixed Maturity Plan - Series 81 - 1101 Days Plan C - Direct Plan - Cumulative Option,INF109KB18B9,,10.3268,N.A.,N.A.,2017-08-09
141263,ICICI Prudential Fixed Maturity Plan - Series 81 - 1101 Days Plan C - Direct Plan - Dividend Option,INF109KB19B7,,10.3268,N.A.,N.A.,2017-08-09
141261,ICICI Prudential Fixed Maturity Plan - Series 81 - 1101 Days Plan C - Dividend Option,INF109KB17B1,,10.2853,N.A.,N.A.,2017-08-09
141332,ICICI Prudential Fixed Maturity Plan - Series 81 - 1101 Days Plan E - Cumulative Option,INF109KB12D8,,10.2605,N.A.,N.A.,2017-08-09
141329,ICICI Prudential Fixed Maturity Plan - Series 81 - 1101 Days Plan E - Direct Plan - Cumulative Option,INF109KB14D4,,10.3034,N.A.,N.A.,2017-08-09
141331,ICICI Prudential Fixed Maturity Plan - Series 81 - 1101 Days Plan E - Direct Plan - Dividend Option,INF109KB15D1,,10.3034,N.A.,N.A.,2017-08-09
141330,ICICI Prudential Fixed Maturity Plan - Series 81 - 1101 Days Plan E - Dividend Option,INF109KB13D6,,10.2605,N.A.,N.A.,2017-08-09
141371,ICICI Prudential Fixed Maturity Plan - Series 81 - 1116 Days Plan I - Cumulative Option,INF109KB12G1,,10.2864,N.A.,N.A.,2017-08-09
141373,ICICI Prudential Fixed Maturity Plan - Series 81 - 1116 Days Plan I - Direct Plan - Cumulative Option,INF109KB10G5,,10.2933,N.A.,N.A.,2017-08-09
141374,ICICI Prudential Fixed Maturity Plan - Series 81 - 1116 Days Plan I - Direct Plan - Dividend Option,INF109KB11G3,,10.2933,N.A.,N.A.,2017-08-09
141516,ICICI Prudential Fixed Maturity Plan - Series 81 - 1150 Days Plan K - Cumulative Option,INF109KB18P9,,10.1270,N.A.,N.A.,2017-08-09
141514,ICICI Prudential Fixed Maturity Plan - Series 81 - 1150 Days Plan K - Direct Plan - Cumulative Option,INF109KB16P3,,10.1332,N.A.,N.A.,2017-08-09
141517,ICICI Prudential Fixed Maturity Plan - Series 81 - 1150 Days Plan K - Direct Plan - Dividend Option,INF109KB17P1,,10.1332,N.A.,N.A.,2017-08-09
141515,ICICI Prudential Fixed Maturity Plan - Series 81 - 1150 Days Plan K - Dividend Option,INF109KB19P7,,10.1270,N.A.,N.A.,2017-08-09
141472,ICICI Prudential Fixed Maturity Plan - Series 81 - 1154 Days Plan J - Direct Plan - Cumulative Option,INF109KB10K7,,10.1508,N.A.,N.A.,2017-08-09
141473,ICICI Prudential Fixed Maturity Plan - Series 81 - 1154 Days Plan J - Direct Plan - Dividend Option,INF109KB11K5,,10.1508,N.A.,N.A.,2017-08-09
141471,ICICI Prudential Fixed Maturity Plan - Series 81 - 1154 Days Plan J Cumulative Option,INF109KB12K3,,10.1466,N.A.,N.A.,2017-08-09
141474,ICICI Prudential Fixed Maturity Plan - Series 81 - 1154 Days Plan J Dividend Option,INF109KB13K1,,10.1466,N.A.,N.A.,2017-08-09
141668,ICICI Prudential Fixed Maturity Plan - Series 81 - 1162 Days Plan P - Cumulative Option,INF109KB13T2,,10.0626,N.A.,N.A.,2017-08-09
141670,ICICI Prudential Fixed Maturity Plan - Series 81 - 1162 Days Plan P - Direct Plan - Cumulative Option,INF109KB11T6,,10.0632,N.A.,N.A.,2017-08-09
141669,ICICI Prudential Fixed Maturity Plan - Series 81 - 1162 Days Plan P - Direct Plan - Dividend Option,INF109KB12T4,,10.0632,N.A.,N.A.,2017-08-09
141671,ICICI Prudential Fixed Maturity Plan - Series 81 - 1162 Days Plan P - Dividend Option,INF109KB14T0,,10.0626,N.A.,N.A.,2017-08-09
141687,ICICI Prudential Fixed Maturity Plan - Series 81 - 1163 Days Plan Q - Cumulative Option,INF109KB15U5,,10.0289,N.A.,N.A.,2017-08-09
141686,ICICI Prudential Fixed Maturity Plan - Series 81 - 1163 Days Plan Q - Direct Plan - Cumulative Option,INF109KB13U0,,10.0292,N.A.,N.A.,2017-08-09
141688,ICICI Prudential Fixed Maturity Plan - Series 81 - 1163 Days Plan Q - Direct Plan - Dividend Option,INF109KB14U8,,10.0291,N.A.,N.A.,2017-08-09
141689,ICICI Prudential Fixed Maturity Plan - Series 81 - 1163 Days Plan Q - Dividend Option,INF109KB16U3,,10.0289,N.A.,N.A.,2017-08-09
141355,ICICI Prudential Fixed Maturity Plan - Series 81 - 1178 Days Plan H - Cumulative Option,INF109KB16G2,,10.2426,N.A.,N.A.,2017-08-09
141357,ICICI Prudential Fixed Maturity Plan - Series 81 - 1178 Days Plan H - Direct Plan - Cumulative Option,INF109KB14G7,,10.2563,N.A.,N.A.,2017-08-09
141358,ICICI Prudential Fixed Maturity Plan - Series 81 - 1178 Days Plan H - Direct Plan - Dividend Option,INF109KB15G4,,10.2563,N.A.,N.A.,2017-08-09
141356,ICICI Prudential Fixed Maturity Plan - Series 81 - 1178 Days Plan H - Dividend Option,INF109KB17G0,,10.2426,N.A.,N.A.,2017-08-09
141354,ICICI Prudential Fixed Maturity Plan - Series 81 - 1185 Days Plan G - Cumulative Option,INF109KB10H3,,10.2576,N.A.,N.A.,2017-08-09
141352,ICICI Prudential Fixed Maturity Plan - Series 81 - 1185 Days Plan G - Direct Plan - Cumulative Option,INF109KB18G8,,10.2758,N.A.,N.A.,2017-08-09
141351,ICICI Prudential Fixed Maturity Plan - Series 81 - 1185 Days Plan G - Dividend Option,INF109KB11H1,,10.2576,N.A.,N.A.,2017-08-09
141343,ICICI Prudential Fixed Maturity Plan - Series 81 - 1190 Days Plan F - Cumulative Option,INF109KB18F0,,10.2772,N.A.,N.A.,2017-08-09
141346,ICICI Prudential Fixed Maturity Plan - Series 81 - 1190 Days Plan F - Direct Plan - Cumulative Option,INF109KB16F4,,10.2975,N.A.,N.A.,2017-08-09
141345,ICICI Prudential Fixed Maturity Plan - Series 81 - 1190 Days Plan F - Dividend Option,INF109KB19F8,,10.2773,N.A.,N.A.,2017-08-09
141269,ICICI Prudential Fixed Maturity Plan - Series 81 - 1195 Days Plan D - Cumulative Option,INF109KB14C6,,10.2911,N.A.,N.A.,2017-08-09
141272,ICICI Prudential Fixed Maturity Plan - Series 81 - 1195 Days Plan D - Direct Plan - Cumulative Option,INF109KB16C1,,10.3121,N.A.,N.A.,2017-08-09
141271,ICICI Prudential Fixed Maturity Plan - Series 81 - 1195 Days Plan D - Dividend Option,INF109KB15C3,,10.2911,N.A.,N.A.,2017-08-09
141183,ICICI Prudential Fixed Maturity Plan - Series 81 - 1205 Days Plan B - Cumulative Option,INF109KB12B2,,10.3004,N.A.,N.A.,2017-08-09
141182,ICICI Prudential Fixed Maturity Plan - Series 81 - 1205 Days Plan B - Direct Plan - Cumulative Option,INF109KB14B8,,10.3154,N.A.,N.A.,2017-08-09
141184,ICICI Prudential Fixed Maturity Plan - Series 81 - 1205 Days Plan B - Direct Plan - Dividend Option,INF109KB15B5,,10.3154,N.A.,N.A.,2017-08-09
141181,ICICI Prudential Fixed Maturity Plan - Series 81 - 1205 Days Plan B - Dividend Option,INF109KB13B0,,10.3004,N.A.,N.A.,2017-08-09
141189,ICICI Prudential Fixed Maturity Plan - Series 81 - 1211 Days Plan A - Cumulative Option,INF109KB18A1,,10.3100,N.A.,N.A.,2017-08-09
141192,ICICI Prudential Fixed Maturity Plan - Series 81 - 1211 Days Plan A - Direct Plan - Cumulative Option,INF109KB10B6,,10.3237,N.A.,N.A.,2017-08-09
141191,ICICI Prudential Fixed Maturity Plan - Series 81 - 1211 Days Plan A - Direct Plan - Dividend Option,INF109KB11B4,,10.3237,N.A.,N.A.,2017-08-09
141190,ICICI Prudential Fixed Maturity Plan - Series 81 - 1211 Days Plan A - Dividend Option,INF109KB19A9,,10.3100,N.A.,N.A.,2017-08-09
133503,ICICI Prudential Fixed Maturity Plan-Series 76 -1185 Days Plan H Cumulative Option,INF109KA16S9,,12.8251,N.A.,N.A.,2017-08-09
133504,ICICI Prudential Fixed Maturity Plan-Series 76 -1185 Days Plan H Direct Plan Cumulative Option,INF109KA18S5,,12.9714,N.A.,N.A.,2017-08-09
133501,ICICI Prudential Fixed Maturity Plan-Series 76 -1185 Days Plan H Direct Plan Dividend Option,INF109KA19S3,,12.9714,N.A.,N.A.,2017-08-09
133502,ICICI Prudential Fixed Maturity Plan-Series 76 -1185 Days Plan H Dividend Option,INF109KA17S7,,12.8251,N.A.,N.A.,2017-08-09
140545,ICICI Prudential Fixed Maturity Plan - Series 80 - 1187 Days Plan G - Cumulative Option,INF109KB1O27,,10.3720,N.A.,N.A.,2017-08-09
140548,ICICI Prudential Fixed Maturity Plan - Series 80 - 1187 Days Plan G - Direct Plan - Cumulative Option,INF109KB1O35,,10.3773,N.A.,N.A.,2017-08-09
140547,ICICI Prudential Fixed Maturity Plan - Series 80 - 1187 Days Plan G - Direct Plan - Dividend Option,INF109KB1O43,,10.3773,N.A.,N.A.,2017-08-09
140546,ICICI Prudential Fixed Maturity Plan - Series 80 - 1187 Days Plan G - Dividend Option,INF109KB1O50,,10.3720,N.A.,N.A.,2017-08-09
140537,ICICI Prudential Fixed Maturity Plan - Series 80 - 1194 Days Plan F - Cumulative Option,INF109KB1N85,,10.4020,N.A.,N.A.,2017-08-09
140538,ICICI Prudential Fixed Maturity Plan - Series 80 - 1194 Days Plan F - Direct Plan - Cumulative Option,INF109KB1O01,,10.4075,N.A.,N.A.,2017-08-09
140539,ICICI Prudential Fixed Maturity Plan - Series 80 - 1194 Days Plan F - Direct Plan - Dividend Option,INF109KB1O19,,10.4075,N.A.,N.A.,2017-08-09
140540,ICICI Prudential Fixed Maturity Plan - Series 80 - 1194 Days Plan F - Dividend Option,INF109KB1N93,,10.4020,N.A.,N.A.,2017-08-09
135011,ICICI Prudential Fixed Maturity Plan - Series 77 - 1105 Days Plan N - Cumulative Option,INF109KB1JV8,,11.7984,N.A.,N.A.,2017-08-09
135012,ICICI Prudential Fixed Maturity Plan - Series 77 - 1105 Days Plan N - Direct Plan - Cumulative Option,INF109KB1JX4,,11.8727,N.A.,N.A.,2017-08-09
135013,ICICI Prudential Fixed Maturity Plan - Series 77 - 1105 Days Plan N - Dividend Option,INF109KB1JW6,,11.7984,N.A.,N.A.,2017-08-09
123076,ICICI Prudential Fixed Maturity Plan-Series 68-369 Days Plan K - Cumulative,INF109KA1A09,,14.0194,N.A.,N.A.,2017-08-09
123074,ICICI Prudential Fixed Maturity Plan-Series 68-369 Days Plan K - Direct Plan - Cumulative,INF109KA1ZY9,,14.0634,N.A.,N.A.,2017-08-09
122898,ICICI Prudential Fixed Maturity Plan-Series 68-745 Days Plan H - Cumulative,INF109KB1LD2,,13.8509,N.A.,N.A.,2017-08-09
122896,ICICI Prudential Fixed Maturity Plan-Series 68-745 Days Plan H - Direct Plan - Cumulative,INF109KB1LF7,,13.9369,N.A.,N.A.,2017-08-09
122998,ICICI Prudential Fixed Maturity Plan-Series 68-745 Days Plan J - Cumulative,INF109KB1LH3,,13.9219,N.A.,N.A.,2017-08-09
122996,ICICI Prudential Fixed Maturity Plan-Series 68-745 Days Plan J - Direct Plan - Cumulative,INF109KB1LJ9,,14.0059,N.A.,N.A.,2017-08-09
122999,ICICI Prudential Fixed Maturity Plan-Series 68-745 Days Plan J - Dividend,INF109KB1LI1,,12.2186,N.A.,N.A.,2017-08-09
123484,ICICI Prudential Fixed Maturity Plan-Series 69-1821 Days Plan H - Cumulative,INF109KA1BN3,,14.4114,N.A.,N.A.,2017-08-09
123482,ICICI Prudential Fixed Maturity Plan-Series 69-1821 Days Plan H - Direct Plan - Cumulative,INF109KA1BL7,,14.6838,N.A.,N.A.,2017-08-09
123485,ICICI Prudential Fixed Maturity Plan-Series 69-1821 Days Plan H - Dividend,INF109KA1BO1,,13.0088,N.A.,N.A.,2017-08-09
123186,ICICI Prudential Fixed Maturity Plan-Series 69-366 Days Plan A - Cumulative,INF109KA1A41,,13.9951,N.A.,N.A.,2017-08-09
123184,ICICI Prudential Fixed Maturity Plan-Series 69-366 Days Plan A - Direct Plan - Cumulative,INF109KA1A25,,14.0389,N.A.,N.A.,2017-08-09
123628,ICICI Prudential Fixed Maturity Plan-Series 69-369 Days Plan J - Cumulative,INF109KA1P44,,13.9914,N.A.,N.A.,2017-08-09
123627,ICICI Prudential Fixed Maturity Plan-Series 69-369 Days Plan J - Direct Plan - Cumulative,INF109KA1P28,,14.0246,N.A.,N.A.,2017-08-09
123626,ICICI Prudential Fixed Maturity Plan-Series 69-369 Days Plan J - Dividend,INF109KA1P51,,12.5919,N.A.,N.A.,2017-08-09
123261,ICICI Prudential Fixed Maturity Plan-Series 69-698 Days Plan B - Cumulative,INF109KB1JN5,,13.7790,N.A.,N.A.,2017-08-09
123259,ICICI Prudential Fixed Maturity Plan-Series 69-698 Days Plan B - Direct Plan - Cumulative,INF109KB1JP0,,13.8477,N.A.,N.A.,2017-08-09
124217,ICICI Prudential Fixed Maturity Plan-Series 70-367 Days Plan C - Cumulative,INF109KA1T24,,13.8838,N.A.,N.A.,2017-08-09
124215,ICICI Prudential Fixed Maturity Plan-Series 70-367 Days Plan C - Direct Plan - Cumulative,INF109KA1T08,,13.9162,N.A.,N.A.,2017-08-09
124720,ICICI Prudential Fixed Maturity Plan-Series 70-367 Days Plan N - Cumulative,INF109KA1Z91,,13.5163,N.A.,N.A.,2017-08-09
124718,ICICI Prudential Fixed Maturity Plan-Series 70-367 Days Plan N - Direct Plan - Cumulative,INF109KA1Y84,,13.5561,N.A.,N.A.,2017-08-09
124922,ICICI Prudential Fixed Maturity Plan-Series 70-540 Days Plan S - Cumulative,INF109KB1BZ6,,13.6265,N.A.,N.A.,2017-08-09
124920,ICICI Prudential Fixed Maturity Plan-Series 70-540 Days Plan S - Direct Plan - Cumulative,INF109KB1CB5,,13.6928,N.A.,N.A.,2017-08-09
125971,ICICI Prudential Fixed Maturity Plan-Series 71-480 Days Plan L - Cumulative,INF109KB1CD1,,13.3970,N.A.,N.A.,2017-08-09
125969,ICICI Prudential Fixed Maturity Plan-Series 71-480 Days Plan L - Direct Plan - Cumulative,INF109KB1CF6,,13.4837,N.A.,N.A.,2017-08-09
125972,ICICI Prudential Fixed Maturity Plan-Series 71-480 Days Plan L - Dividend,INF109KB1CE9,,12.4132,N.A.,N.A.,2017-08-09
127261,ICICI Prudential Fixed Maturity Plan-Series 72-409 Days Plan S - Cumulative,INF109KB1AX3,,13.3710,N.A.,N.A.,2017-08-09
127259,ICICI Prudential Fixed Maturity Plan-Series 72-409 Days Plan S - Direct Plan - Cumulative,INF109KB1AZ8,,13.4970,N.A.,N.A.,2017-08-09
127260,ICICI Prudential Fixed Maturity Plan-Series 72-409 Days Plan S - Direct Plan - Dividend,INF109KB1BA9,,13.4362,N.A.,N.A.,2017-08-09
127262,ICICI Prudential Fixed Maturity Plan-Series 72-409 Days Plan S - Dividend,INF109KB1AY1,,13.3097,N.A.,N.A.,2017-08-09
127032,ICICI Prudential Fixed Maturity Plan-Series 72-425 Days Plan N - Cumulative,INF109KB1BR3,,13.2687,N.A.,N.A.,2017-08-09
127031,ICICI Prudential Fixed Maturity Plan-Series 72-425 Days Plan N - Direct Plan - Cumulative,INF109KB1BT9,,13.3708,N.A.,N.A.,2017-08-09
127033,ICICI Prudential Fixed Maturity Plan-Series 72-425 Days Plan N - Dividend,INF109KB1BS1,,12.4694,N.A.,N.A.,2017-08-09
126804,ICICI Prudential Fixed Maturity Plan-Series 72-440 Days Plan L - Cumulative,INF109KB1CH2,,13.2861,N.A.,N.A.,2017-08-09
126802,ICICI Prudential Fixed Maturity Plan-Series 72-440 Days Plan L - Direct Plan - Cumulative,INF109KB1CJ8,,13.3839,N.A.,N.A.,2017-08-09
126499,ICICI Prudential Fixed Maturity Plan-Series 72-823 Days Plan H - Cumulative,INF109KA1KX3,,13.7061,N.A.,N.A.,2017-08-09
126502,ICICI Prudential Fixed Maturity Plan-Series 72-823 Days Plan H - Direct Plan - Cumulative,INF109KA1KZ8,,13.8531,N.A.,N.A.,2017-08-09
126500,ICICI Prudential Fixed Maturity Plan-Series 72-823 Days Plan H - Direct Plan - Dividend,INF109KA1LA9,,12.7953,N.A.,N.A.,2017-08-09
126501,ICICI Prudential Fixed Maturity Plan-Series 72-823 Days Plan H - Dividend,INF109KA1KY1,,12.7052,N.A.,N.A.,2017-08-09
127717,ICICI Prudential Fixed Maturity Plan-Series 73-368 Days Plan D - Cumulative,INF109KB1078,,13.1732,N.A.,N.A.,2017-08-09
127716,ICICI Prudential Fixed Maturity Plan-Series 73-368 Days Plan D - Direct Plan - Cumulative,INF109KB1094,,13.2155,N.A.,N.A.,2017-08-09
127718,ICICI Prudential Fixed Maturity Plan-Series 73-368 Days Plan D - Dividend,INF109KB1086,,13.0600,N.A.,N.A.,2017-08-09
128811,ICICI Prudential Fixed Maturity Plan-Series 73-369 Days Plan S- Cumulative,INF109KB1912,,13.1123,N.A.,N.A.,2017-08-09
128808,ICICI Prudential Fixed Maturity Plan-Series 73-369 Days Plan S- Direct Plan - Cumulative,INF109KB1938,,13.1503,N.A.,N.A.,2017-08-09
128818,ICICI Prudential Fixed Maturity Plan-Series 73-369 Days Plan T - Cumulative,INF109KB1AL8,,13.0995,N.A.,N.A.,2017-08-09
128816,ICICI Prudential Fixed Maturity Plan-Series 73-369 Days Plan T - Direct Plan - Cumulative,INF109KB1AN4,,13.1412,N.A.,N.A.,2017-08-09
128648,ICICI Prudential Fixed Maturity Plan-Series 73-376 Days Plan Q - Cumulative,INF109KB1AH6,,13.1149,N.A.,N.A.,2017-08-09
128646,ICICI Prudential Fixed Maturity Plan-Series 73-376 Days Plan Q - Direct Plan - Cumulative,INF109KB1AJ2,,13.1546,N.A.,N.A.,2017-08-09
128498,ICICI Prudential Fixed Maturity Plan-Series 73-378 Days Plan O - Cumulative,INF109KB1AP9,,13.0976,N.A.,N.A.,2017-08-09
128496,ICICI Prudential Fixed Maturity Plan-Series 73-378 Days Plan O - Direct Plan - Cumulative,INF109KB1AR5,,13.1582,N.A.,N.A.,2017-08-09
128203,ICICI Prudential Fixed Maturity Plan-Series 73-383 Days Plan K - Cumulative,INF109KB1839,,13.1544,N.A.,N.A.,2017-08-09
128201,ICICI Prudential Fixed Maturity Plan-Series 73-383 Days Plan K - Direct Plan - Cumulative,INF109KB1854,,13.2153,N.A.,N.A.,2017-08-09
128075,ICICI Prudential Fixed Maturity Plan-Series 73-390 Days Plan I - Cumulative,INF109KB1BJ0,,13.1428,N.A.,N.A.,2017-08-09
128076,ICICI Prudential Fixed Maturity Plan-Series 73-390 Days Plan I - Direct Plan - Cumulative,INF109KB1BL6,,13.2265,N.A.,N.A.,2017-08-09
128038,ICICI Prudential Fixed Maturity Plan-Series 73-391 Days Plan G - Cumulative,INF109KB1797,,13.2628,N.A.,N.A.,2017-08-09
128040,ICICI Prudential Fixed Maturity Plan-Series 73-391 Days Plan G - Direct Plan - Cumulative,INF109KB1813,,13.3551,N.A.,N.A.,2017-08-09
128039,ICICI Prudential Fixed Maturity Plan-Series 73-391 Days Plan G - Dividend,INF109KB1805,,12.5731,N.A.,N.A.,2017-08-09
127720,ICICI Prudential Fixed Maturity Plan-Series 73-407 Days Plan C - Cumulative,INF109KB1BN2,,13.2071,N.A.,N.A.,2017-08-09
127722,ICICI Prudential Fixed Maturity Plan-Series 73-407 Days Plan C - Direct Plan - Cumulative,INF109KB1BP7,,13.3127,N.A.,N.A.,2017-08-09
129797,ICICI Prudential Fixed Maturity Plan - Series 74 - 1092 Days Plan P - Cumulative Option,INF109KA1VB6,,13.0321,N.A.,N.A.,2017-08-09
129800,ICICI Prudential Fixed Maturity Plan - Series 74 - 1092 Days Plan P - Dividend Option,INF109KA1VC4,,12.3731,N.A.,N.A.,2017-08-09
129799,ICICI Prudential Fixed Maturity Plan - Series 74 - 1092 Days Plan P Direct Plan Dividend Option,INF109KA1VE0,,12.4712,N.A.,N.A.,2017-08-09
129798,ICICI Prudential Fixed Maturity Plan - Series 74 - 1092 Days Plan P Direct Plan-Cumulative Option,INF109KA1VD2,,13.1491,N.A.,N.A.,2017-08-09
129243,ICICI Prudential Fixed Maturity Plan-Series 74-367 Days Plan C - Cumulative,INF109KB1CP5,,13.0056,N.A.,N.A.,2017-08-09
129240,ICICI Prudential Fixed Maturity Plan-Series 74-367 Days Plan C - Direct Plan - Cumulative,INF109KB1CR1,,13.0453,N.A.,N.A.,2017-08-09
129026,ICICI Prudential Fixed Maturity Plan-Series 74-369 Days Plan B - Cumulative,INF109KB1CT7,,13.0852,N.A.,N.A.,2017-08-09
129028,ICICI Prudential Fixed Maturity Plan-Series 74-369 Days Plan B - Direct Plan - Cumulative,INF109KB1CV3,,13.1283,N.A.,N.A.,2017-08-09
129029,ICICI Prudential Fixed Maturity Plan-Series 74-369 Days Plan B - Direct Plan - Dividend,INF109KB1CW1,,13.0173,N.A.,N.A.,2017-08-09
129027,ICICI Prudential Fixed Maturity Plan-Series 74-369 Days Plan B - Dividend,INF109KB1CU5,,12.9746,N.A.,N.A.,2017-08-09
129248,ICICI Prudential Fixed Maturity Plan-Series 74-369 Days Plan F - Cumulative,INF109KB1CX9,,13.0549,N.A.,N.A.,2017-08-09
129249,ICICI Prudential Fixed Maturity Plan-Series 74-369 Days Plan F - Direct Plan - Cumulative,INF109KB1CZ4,,13.0876,N.A.,N.A.,2017-08-09
129024,ICICI Prudential Fixed Maturity Plan-Series 74-370 Days Plan A - Cumulative,INF109KB1CL4,,13.0548,N.A.,N.A.,2017-08-09
129022,ICICI Prudential Fixed Maturity Plan-Series 74-370 Days Plan A - Direct Plan - Cumulative,INF109KB1CN0,,13.0859,N.A.,N.A.,2017-08-09
135717,ICICI Prudential Multiple Yield Fund - Series 10 - 1775 Days Plan A Cumulative Option,INF109KB1ON5,,11.6658,N.A.,N.A.,2017-08-09
135718,ICICI Prudential Multiple Yield Fund - Series 10 - 1775 Days Plan A Direct Plan Cumulative Option,INF109KB1OP0,,11.9184,N.A.,N.A.,2017-08-09
135719,ICICI Prudential Multiple Yield Fund - Series 10 - 1775 Days Plan A Direct Plan Dividend Option,INF109KB1OQ8,,11.9184,N.A.,N.A.,2017-08-09
135720,ICICI Prudential Multiple Yield Fund - Series 10 - 1775 Days Plan A Dividend Option,INF109KB1OO3,,11.6658,N.A.,N.A.,2017-08-09
135927,ICICI Prudential Multiple Yield Fund - Series 10 - 1825 Days Plan B Cumulative Option,INF109KB1PD3,,11.3554,N.A.,N.A.,2017-08-09
135924,ICICI Prudential Multiple Yield Fund - Series 10 - 1825 Days Plan B Direct Plan Cumulative Option,INF109KB1PE1,,11.6608,N.A.,N.A.,2017-08-09
135926,ICICI Prudential Multiple Yield Fund - Series 10 - 1825 Days Plan B Direct Plan Dividend Option,INF109KB1PF8,,11.6607,N.A.,N.A.,2017-08-09
135925,ICICI Prudential Multiple Yield Fund - Series 10 - 1825 Days Plan B Dividend Option,INF109KB1PG6,,11.3554,N.A.,N.A.,2017-08-09
139590,ICICI Prudential Multiple Yield Fund - Series 11 - Plan A 1427 Days Cumulative Option,INF109KB1YE3,,10.9278,N.A.,N.A.,2017-08-09
139592,ICICI Prudential Multiple Yield Fund - Series 11 - Plan A 1427 Days Direct Plan Cumulative Option,INF109KB1YC7,,11.0983,N.A.,N.A.,2017-08-09
139593,ICICI Prudential Multiple Yield Fund - Series 11 - Plan A 1427 Days Direct Plan Dividend Option,INF109KB1YD5,,11.0983,N.A.,N.A.,2017-08-09
139591,ICICI Prudential Multiple Yield Fund - Series 11 - Plan A 1427 Days Dividend Option,INF109KB1YF0,,10.9278,N.A.,N.A.,2017-08-09
139763,ICICI Prudential Multiple Yield Fund - Series 11 - Plan B 1394 Days Cumulative Option,INF109KB1ZW2,,10.8442,N.A.,N.A.,2017-08-09
139764,ICICI Prudential Multiple Yield Fund - Series 11 - Plan B 1394 Days Direct Plan Cumulative Option,INF109KB1ZU6,,10.9778,N.A.,N.A.,2017-08-09
139765,ICICI Prudential Multiple Yield Fund - Series 11 - Plan B 1394 Days Direct Plan Dividend Option,INF109KB1ZV4,,10.9778,N.A.,N.A.,2017-08-09
139766,ICICI Prudential Multiple Yield Fund - Series 11 - Plan B 1394 Days Dividend Option,INF109KB1ZX0,,10.8442,N.A.,N.A.,2017-08-09
139996,ICICI Prudential Multiple Yield Fund - Series 11 - Plan C 1387 Days Cumulative Option,INF109KB1G50,,10.6655,N.A.,N.A.,2017-08-09
139993,ICICI Prudential Multiple Yield Fund - Series 11 - Plan C 1387 Days Direct Plan Cumulative Option,INF109KB1G35,,10.7622,N.A.,N.A.,2017-08-09
139995,ICICI Prudential Multiple Yield Fund - Series 11 - Plan C 1387 Days Direct Plan Dividend Option,INF109KB1G27,,10.7622,N.A.,N.A.,2017-08-09
139994,ICICI Prudential Multiple Yield Fund - Series 11 - Plan C 1387 Days Dividend Option,INF109KB1G43,,10.6655,N.A.,N.A.,2017-08-09
140060,ICICI Prudential Multiple Yield Fund - Series 11 - Plan D 1361 Days - Cumulative Option,INF109KB1J24,,10.6518,N.A.,N.A.,2017-08-09
140058,ICICI Prudential Multiple Yield Fund - Series 11 - Plan D 1361 Days - Direct Plan - Cumulative Option,INF109KB1J08,,10.7844,N.A.,N.A.,2017-08-09
140059,ICICI Prudential Multiple Yield Fund - Series 11 - Plan D 1361 Days - Direct Plan - Dividend Option,INF109KB1J16,,10.7844,N.A.,N.A.,2017-08-09
140057,ICICI Prudential Multiple Yield Fund - Series 11 - Plan D 1361 Days - Dividend Option,INF109KB1J32,,10.6518,N.A.,N.A.,2017-08-09
122402,ICICI Prudential Multiple Yield Fund - Series 3 - Plan C - Cumulative,INF109KA1087,,14.8705,N.A.,N.A.,2017-08-09
122403,ICICI Prudential Multiple Yield Fund - Series 3 - Plan C - Direct Plan - Cumulative,INF109KA1079,,15.5886,N.A.,N.A.,2017-08-09
122441,ICICI Prudential Multiple Yield Fund - Series 3 - Plan D - Cumulative,INF109KB1WM0,,14.8170,N.A.,N.A.,2017-08-09
122439,ICICI Prudential Multiple Yield Fund - Series 3 - Plan D - Direct Plan - Cumulative,INF109KB1WO6,,15.5049,N.A.,N.A.,2017-08-09
122440,ICICI Prudential Multiple Yield Fund - Series 3 - Plan D - Direct Plan - Dividend,INF109KB1WP3,,13.5411,N.A.,N.A.,2017-08-09
122442,ICICI Prudential Multiple Yield Fund - Series 3 - Plan D -Dividend,INF109KB1WN8,,13.1403,N.A.,N.A.,2017-08-09
122532,ICICI Prudential Multiple Yield Fund - Series 4 - 1825 Days - Plan A - Direct Plan - Cumulative,INF109KA1285,,16.4958,N.A.,N.A.,2017-08-09
122533,ICICI Prudential Multiple Yield Fund - Series 4 - 1825 Days - Plan A - Direct Plan - Dividend,INF109KA1293,,13.8373,N.A.,N.A.,2017-08-09
122534,ICICI Prudential Multiple Yield Fund - Series 4 - 1825 Days - Plan A - Dividend,INF109KA1277,,13.4653,N.A.,N.A.,2017-08-09
122535,ICICI Prudential Multiple Yield Fund - Series 4 - 1825 Days - Plan A -Cumulative,INF109KA1269,,15.8141,N.A.,N.A.,2017-08-09
122658,ICICI Prudential Multiple Yield Fund - Series 4 - 1825 Days - Plan B - Cumulative,INF109KA1483,,15.8690,N.A.,N.A.,2017-08-09
122659,ICICI Prudential Multiple Yield Fund - Series 4 - 1825 Days - Plan B - Direct Plan - Cumulative,INF109KA1509,,16.6745,N.A.,N.A.,2017-08-09
122657,ICICI Prudential Multiple Yield Fund - Series 4 - 1825 Days - Plan B - Direct Plan - Dividend,INF109KA1517,,14.0118,N.A.,N.A.,2017-08-09
122660,ICICI Prudential Multiple Yield Fund - Series 4 - 1825 Days - Plan B -Dividend,INF109KA1491,,13.5372,N.A.,N.A.,2017-08-09
122755,ICICI Prudential Multiple Yield Fund - Series 4 - 1825 Days - Plan D - Cumulative,INF109KA1566,,15.8439,N.A.,N.A.,2017-08-09
122754,ICICI Prudential Multiple Yield Fund - Series 4 - 1825 Days - Plan D - Direct Plan - Cumulative,INF109KA1582,,16.5277,N.A.,N.A.,2017-08-09
122753,ICICI Prudential Multiple Yield Fund - Series 4 - 1825 Days - Plan D - Direct Plan - Dividend,INF109KA1590,,13.7814,N.A.,N.A.,2017-08-09
122756,ICICI Prudential Multiple Yield Fund - Series 4 - 1825 Days - Plan D -Dividend,INF109KA1574,,13.4154,N.A.,N.A.,2017-08-09
126086,ICICI Prudential Multiple Yield Fund - Series 5 - 1825 Days - Plan C - Cumulative,INF109KA1JJ4,,14.8770,N.A.,N.A.,2017-08-09
126088,ICICI Prudential Multiple Yield Fund - Series 5 - 1825 Days - Plan C - Direct Plan - Cumulative,INF109KA1JL0,,15.5780,N.A.,N.A.,2017-08-09
126087,ICICI Prudential Multiple Yield Fund - Series 5 - 1825 Days - Plan C - Dividend,INF109KA1JK2,,13.3677,N.A.,N.A.,2017-08-09
128492,ICICI Prudential Multiple Yield Fund - Series 6 - 1825 Days - Plan C - Cumulative,INF109KA1RD0,,14.2758,N.A.,N.A.,2017-08-09
128494,ICICI Prudential Multiple Yield Fund - Series 6 - 1825 Days - Plan C - Direct Plan - Cumulative,INF109KA1RF5,,14.9597,N.A.,N.A.,2017-08-09
128495,ICICI Prudential Multiple Yield Fund - Series 6 - 1825 Days - Plan C - Direct Plan - Dividend,INF109KA1RG3,,13.7690,N.A.,N.A.,2017-08-09
128493,ICICI Prudential Multiple Yield Fund - Series 6 - 1825 Days - Plan C -Dividend,INF109KA1RE8,,13.2432,N.A.,N.A.,2017-08-09
129232,ICICI Prudential Multiple Yield Fund - Series 6 - 1825 Days Plan D Cumulative Option,INF109KA1TT2,,13.7472,N.A.,N.A.,2017-08-09
129231,ICICI Prudential Multiple Yield Fund - Series 6 - 1825 Days Plan D Direct Plan Cumulative Option,INF109KA1TV8,,14.3215,N.A.,N.A.,2017-08-09
129230,ICICI Prudential Multiple Yield Fund - Series 6 - 1825 Days Plan D Direct Plan- Dividend Option,INF109KA1TW6,,13.4865,N.A.,N.A.,2017-08-09
129233,ICICI Prudential Multiple Yield Fund - Series 6 - 1825 Days Plan D Dividend Option,INF109KA1TU0,,13.0320,N.A.,N.A.,2017-08-09
131352,ICICI Prudential Multiple Yield Fund - Series 7 - 1100 Days Plan F Cumulative Option,INF109KA1T81,,12.2192,N.A.,N.A.,2017-08-09
131353,ICICI Prudential Multiple Yield Fund - Series 7 - 1100 Days Plan F Direct Plan Cumulative Option,INF109KA1U05,,12.6645,N.A.,N.A.,2017-08-09
131350,ICICI Prudential Multiple Yield Fund - Series 7 - 1100 Days Plan F Direct Plan Dividend Option,INF109KA1U13,,12.6645,N.A.,N.A.,2017-08-09
131351,ICICI Prudential Multiple Yield Fund - Series 7 - 1100 Days Plan F Dividend Option,INF109KA1T99,,12.2192,N.A.,N.A.,2017-08-09
131262,ICICI Prudential Multiple Yield Fund - Series 7 - 1338 Days Plan D  Dividend Option,INF109KA1R75,,12.2521,N.A.,N.A.,2017-08-09
131264,ICICI Prudential Multiple Yield Fund - Series 7 - 1338 Days Plan D Cumulative Option,INF109KA1R67,,12.2521,N.A.,N.A.,2017-08-09
131263,ICICI Prudential Multiple Yield Fund - Series 7 - 1338 Days Plan D Direct Plan Cumulative Option,INF109KA1R83,,12.6796,N.A.,N.A.,2017-08-09
131261,ICICI Prudential Multiple Yield Fund - Series 7 - 1338 Days Plan D Direct Plan Dividend Option,INF109KA1R91,,12.6796,N.A.,N.A.,2017-08-09
130440,ICICI Prudential Multiple Yield Fund - Series 7 - 1825 Days Plan B Cumulative Option,INF109KA1YP0,,12.9582,N.A.,N.A.,2017-08-09
130438,ICICI Prudential Multiple Yield Fund - Series 7 - 1825 Days Plan B Direct Plan Cumulative Option,INF109KA1YN5,,13.4446,N.A.,N.A.,2017-08-09
130439,ICICI Prudential Multiple Yield Fund - Series 7 - 1825 Days Plan B Direct Plan Dividend Option,INF109KA1YO3,,13.4446,N.A.,N.A.,2017-08-09
130441,ICICI Prudential Multiple Yield Fund - Series 7 - 1825 Days Plan B Dividend Option,INF109KA1YQ8,,12.9582,N.A.,N.A.,2017-08-09
130990,ICICI Prudential Multiple Yield Fund - Series 7 - 1825 Days Plan C Cumulative Option,INF109KA1J83,,12.4954,N.A.,N.A.,2017-08-09
130991,ICICI Prudential Multiple Yield Fund - Series 7 - 1825 Days Plan C Direct Plan Cumulative Option,INF109KA1K07,,12.9387,N.A.,N.A.,2017-08-09
130989,ICICI Prudential Multiple Yield Fund - Series 7 - 1825 Days Plan C Direct Plan Dividend Option,INF109KA1K15,,12.9387,N.A.,N.A.,2017-08-09
130992,ICICI Prudential Multiple Yield Fund - Series 7 - 1825 Days Plan C Dividend Option,INF109KA1J91,,12.4954,N.A.,N.A.,2017-08-09
131314,ICICI Prudential Multiple Yield Fund - Series 7 - 1825 Days Plan E Cumulative Option,INF109KA1S25,,12.5924,N.A.,N.A.,2017-08-09
131316,ICICI Prudential Multiple Yield Fund - Series 7 - 1825 Days Plan E Direct Plan Cumulative Option,INF109KA1S41,,13.0381,N.A.,N.A.,2017-08-09
131313,ICICI Prudential Multiple Yield Fund - Series 7 - 1825 Days Plan E Direct Plan Dividend Option,INF109KA1S58,,13.0376,N.A.,N.A.,2017-08-09
131315,ICICI Prudential Multiple Yield Fund - Series 7 - 1825 Days Plan E Dividend Option,INF109KA1S33,,12.5924,N.A.,N.A.,2017-08-09
133172,ICICI Prudential Multiple Yield Fund - Series 8 -1101 Days Plan E Cumulative Option,INF109KA16L4,,11.9241,N.A.,N.A.,2017-08-09
133174,ICICI Prudential Multiple Yield Fund - Series 8 -1101 Days Plan E Direct Plan Cumulative Option,INF109KA18L0,,12.3887,N.A.,N.A.,2017-08-09
133173,ICICI Prudential Multiple Yield Fund - Series 8 -1101 Days Plan E Dividend Option,INF109KA17L2,,11.9241,N.A.,N.A.,2017-08-09
132954,ICICI Prudential Multiple Yield Fund - Series 8 - 1103 Days Plan C Cumulative Option,INF109KA16F6,,11.7774,N.A.,N.A.,2017-08-09
132951,ICICI Prudential Multiple Yield Fund - Series 8 - 1103 Days Plan C Direct Plan Cumulative Option,INF109KA18F2,,12.2606,N.A.,N.A.,2017-08-09
132953,ICICI Prudential Multiple Yield Fund - Series 8 - 1103 Days Plan C Direct Plan Dividend Option,INF109KA19F0,,12.2606,N.A.,N.A.,2017-08-09
132952,ICICI Prudential Multiple Yield Fund - Series 8 - 1103 Days Plan C Dividend Option,INF109KA17F4,,11.7774,N.A.,N.A.,2017-08-09
133578,ICICI Prudential Multiple Yield Fund - Series 8 - 1103 Days Plan F Cumulative Option,INF109KA10T0,,11.4762,N.A.,N.A.,2017-08-09
133577,ICICI Prudential Multiple Yield Fund - Series 8 - 1103 Days Plan F Direct Plan Cumulative Option,INF109KA12T6,,11.9249,N.A.,N.A.,2017-08-09
133580,ICICI Prudential Multiple Yield Fund - Series 8 - 1103 Days Plan F Direct Plan Dividend Option,INF109KA13T4,,11.9249,N.A.,N.A.,2017-08-09
133579,ICICI Prudential Multiple Yield Fund - Series 8 - 1103 Days Plan F Dividend Option,INF109KA11T8,,11.4762,N.A.,N.A.,2017-08-09
133112,ICICI Prudential Multiple Yield Fund - Series 8 -1822 Days Plan D Cumulative Option,INF109KA18J4,,12.2221,N.A.,N.A.,2017-08-09
133110,ICICI Prudential Multiple Yield Fund - Series 8 -1822 Days Plan D Direct Plan Cumulative Option,INF109KA10K9,,12.6474,N.A.,N.A.,2017-08-09
133111,ICICI Prudential Multiple Yield Fund - Series 8 -1822 Days Plan D Direct Plan Dividend Option,INF109KA11K7,,12.6474,N.A.,N.A.,2017-08-09
133113,ICICI Prudential Multiple Yield Fund - Series 8 -1822 Days Plan D Dividend Option,INF109KA19J2,,12.2221,N.A.,N.A.,2017-08-09
131574,ICICI Prudential Multiple Yield Fund - Series 8 - 1824 Days Plan A Cumulative Option,INF109KA16B5,,12.0998,N.A.,N.A.,2017-08-09
131577,ICICI Prudential Multiple Yield Fund - Series 8 - 1824 Days Plan A Direct Plan Cumulative Option,INF109KA18B1,,12.5489,N.A.,N.A.,2017-08-09
131576,ICICI Prudential Multiple Yield Fund - Series 8 - 1824 Days Plan A Direct Plan Dividend Option,INF109KA19B9,,12.5486,N.A.,N.A.,2017-08-09
131575,ICICI Prudential Multiple Yield Fund - Series 8 - 1824 Days Plan A Dividend Option,INF109KA17B3,,12.0998,N.A.,N.A.,2017-08-09
134262,ICICI Prudential Multiple Yield Fund - Series 9 - 1140 Days Plan A Cumulative Option,INF109KB1714,,10.7190,N.A.,N.A.,2017-08-09
134259,ICICI Prudential Multiple Yield Fund - Series 9 - 1140 Days Plan A Direct Plan Cumulative Option,INF109KB1730,,11.0611,N.A.,N.A.,2017-08-09
134260,ICICI Prudential Multiple Yield Fund - Series 9 - 1140 Days Plan A Direct Plan Dividend Option,INF109KB1748,,11.0611,N.A.,N.A.,2017-08-09
134261,ICICI Prudential Multiple Yield Fund - Series 9 - 1140 Days Plan A Dividend Option,INF109KB1722,,10.7190,N.A.,N.A.,2017-08-09
123513,IDFC FTP - S 27 (366 days)_Direct Plan Growth,INF194KA1T83,,14.0041,14.0041,14.0041,2017-08-09
123509,IDFC FTP - S 27 (366 days)_Regular Plan Growth,INF194KA1T67,,13.9277,13.9277,13.9277,2017-08-09
123514,IDFC FTP - S 27 (366 days)_Regular Plan Periodic Dividend,INF194KA1T75,,10.2870,10.2870,10.2870,2017-08-09
126546,IDFC FTP - S 66(1170 Days)_Direct Plan_Growth,INF194KA1ZX7,,13.5253,13.5253,13.5253,2017-08-09
126552,IDFC FTP - S 66(1170 Days)_Regular Plan_Growth,INF194KA1ZW9,,13.3404,13.3404,13.3404,2017-08-09
126808,IDFC FTP S-70(1169 Days)_Direct Plan_Growth,INF194KA1A19,,13.4538,13.4538,13.4538,2017-08-09
126805,IDFC FTP S-70(1169 Days)_Regular Plan_Growth,INF194KA1ZY5,,13.2604,13.2604,13.2604,2017-08-09
126810,IDFC FTP S-70(1169 Days)_Regular Plan_Quaterly Dividend,INF194KA1A01,,10.3358,10.3358,10.3358,2017-08-09
127172,IDFC FTP -S74(1169 Days) -Direct Plan_Growth,INF194KA1A92,,13.4863,13.4863,13.4863,2017-08-09
127165,IDFC FTP -S74(1169 Days) -Regular Plan_Growth,INF194KA1A50,,13.3067,13.3067,13.3067,2017-08-09
127494,IDFC FTP S-75(1170 Days)_Direct Plan_Growth,INF194KA1B26,,13.4583,13.4583,13.4583,2017-08-09
127490,IDFC FTP S-75(1170 Days)_Regular Plan_Growth,INF194KA1B18,,13.2857,13.2857,13.2857,2017-08-09
127687,IDFC FTP S-77(1170 Days)_Direct Plan_Growth,INF194KA1B42,,13.4384,13.4384,13.4384,2017-08-09
127684,IDFC FTP S-77(1170 Days)_Regular Plan_Growth,INF194KA1B34,,13.3122,13.3122,13.3122,2017-08-09
127863,IDFC FTP S-78(1096 Days)_Direct Plan_Growth,INF194KA1ZA5,,13.3657,13.3657,13.3657,2017-08-09
127864,IDFC FTP S-78(1096 Days)_Regular Plan_Growth,INF194KA1YZ5,,13.2762,13.2762,13.2762,2017-08-09
127944,IDFC FTP S-79(1170 Days)_Direct Plan_Growth,INF194KA1B91,,13.3832,13.3832,13.3832,2017-08-09
127938,IDFC FTP S-79(1170 Days)_Regular Plan_Growth,INF194KA1B59,,13.2109,13.2109,13.2109,2017-08-09
127940,IDFC FTP S-79(1170 Days)_Regular Plan_Periodic Dividend,INF194KA1B83,,10.4214,10.4214,10.4214,2017-08-09
128010,IDFC FTP S-84(1175 Days)_Direct Plan_Growth,INF194KA1ZQ1,,13.3614,13.3614,13.3614,2017-08-09
128014,IDFC FTP S-84(1175 Days)_Regular Plan_Growth,INF194KA1ZP3,,13.2350,13.2350,13.2350,2017-08-09
128226,IDFC FTP S-86(1175 Days)_Direct Plan_Growth,INF194KA1ZI8,,13.3127,13.3127,13.3127,2017-08-09
128221,IDFC FTP S-86(1175 Days)_Regular Plan_Growth,INF194KA1ZF4,,13.1595,13.1595,13.1595,2017-08-09
128474,IDFC FTP S-88(1175 Days)_Direct Plan_Growth,INF194KA1ZO6,,13.3164,13.3164,13.3164,2017-08-09
128475,IDFC FTP S-88(1175 Days)_Regular Plan_Growth,INF194KA1ZL2,,13.2035,13.2035,13.2035,2017-08-09
129011,IDFC FTP S -91(1158 Days)_Direct Plan_ Growth,INF194KA1C41,,13.2277,13.2277,13.2277,2017-08-09
129015,IDFC FTP S -91(1158 Days)_Regular Plan_ Growth,INF194KA1C09,,13.1706,13.1706,13.1706,2017-08-09
134585,IDFC FIXED TERM PLAN SERIES-108 (1144Days)- Direct Plan- Growth,INF194KA1C58,,12.1016,12.1016,12.1016,2017-08-09
134588,IDFC FIXED TERM PLAN SERIES-108 (1144Days)- Regular Plan- Growth,INF194KA1D16,,11.8295,11.8295,11.8295,2017-08-09
134583,IDFC FIXED TERM PLAN SERIES-108(1144Days)- Regular Plan- Quarterly Dividend,INF194KA1C90,,10.2896,10.2896,10.2896,2017-08-09
140845,IDFC FIXED TERM PLAN SERIES-129 (1147Days) - Direct Plan- Quarterly Dividend,INF194KA1Y60,,10.2062,10.2062,10.2062,2017-08-09
140846,IDFC FIXED TERM PLAN SERIES-129 (1147Days) - Direct Plan-Growth,INF194KA1Y52,,10.4190,10.4190,10.4190,2017-08-09
140850,IDFC FIXED TERM PLAN SERIES-129 (1147Days) - Regular Plan- Quarterly Dividend,INF194KA1Z02,,10.2034,10.2034,10.2034,2017-08-09
140848,IDFC FIXED TERM PLAN SERIES-129 (1147Days) - Regular Plan-Growth,INF194KA1Y94,,10.4050,10.4050,10.4050,2017-08-09
141028,IDFC FIXED TERM PLAN SERIES-131 (1139Days) - Regular Plan- Quarterly Dividend,INF194KA10B0,,10.1937,10.1937,10.1937,2017-08-09
141031,IDFC FIXED TERM PLAN SERIES-131 (1139Days)- Regular Plan- Periodic Dividend,INF194KA12B6,,10.3559,10.3559,10.3559,2017-08-09
141030,IDFC FIXED TERM PLAN SERIES-131 (1139Days)-Direct Plan-Growth,INF194KA15A1,,10.3681,10.3681,10.3681,2017-08-09
141029,IDFC FIXED TERM PLAN SERIES-131 (1139Days)-Regular Plan- Half Yearly Dividend,INF194KA11B8,,10.3558,10.3558,10.3558,2017-08-09
141034,IDFC FIXED TERM PLAN SERIES-131 (1139Days)-Regular Plan-Growth,INF194KA19A3,,10.3559,10.3559,10.3559,2017-08-09
138218,Indiabulls FMP Series V - Plan (1) - 1175 Days - Direct Plan Growth,INF666M01BQ8,,11.4592,11.4592,11.4592,2017-08-09
138220,Indiabulls FMP Series V - Plan (1) - 1175 Days - Regular Plan Growth,INF666M01BV8,,11.3657,11.3657,11.3657,2017-08-09
126936,Invesco India Fixed Maturity Plan - Series 22 - Plan H (427 Days) - Direct Plan - Growth Option,INF205K01Y00,,13.507,13.507,13.507,2017-08-09
126935,Invesco India Fixed Maturity Plan - Series 22 - Plan H (427 Days) - Regular Plan - Growth Option,INF205K01X76,,13.4705,13.4705,13.4705,2017-08-09
131174,Invesco India Fixed Maturity Plan - Series 24 - Plan D (1099 Dys) - Direct Plan - Growth Option,INF205K01K89,,12.8743,12.8743,12.8743,2017-08-09
131172,Invesco India Fixed Maturity Plan - Series 24 - Plan D (1099 Dys) - Regular Plan - Dividend Payout Option,INF205K01K55,,12.7443,12.7443,12.7443,2017-08-09
131171,Invesco India Fixed Maturity Plan - Series 24 - Plan D (1099 Dys) - Regular Plan - Growth Option,INF205K01K63,,12.7442,12.7442,12.7442,2017-08-09
133419,Invesco India Fixed Maturity Plan - Series 25 - Plan A (1098 Days) - Direct Sub Plan - Dividend Payout,INF205K01R58,,12.398,12.398,12.398,2017-08-09
133417,Invesco India Fixed Maturity Plan - Series 25 - Plan A (1098 Days) - Direct Sub Plan - Growth,INF205K01R66,,12.3978,12.3978,12.3978,2017-08-09
133418,Invesco India Fixed Maturity Plan - Series 25 - Plan A (1098 Days) - Regular Sub Plan - Dividend Payout,INF205K01R33,,12.3338,12.3338,12.3338,2017-08-09
133420,Invesco India Fixed Maturity Plan - Series 25 - Plan A (1098 Days) - Regular Sub Plan - Growth,INF205K01R41,,12.3339,12.3339,12.3339,2017-08-09
133946,Invesco India Fixed Maturity Plan - Series 25 - Plan C (1148 Days) - Direct Sub Plan - Dividend Payout,INF205K01S32,,12.3073,12.3073,12.3073,2017-08-09
133947,Invesco India Fixed Maturity Plan - Series 25 - Plan C (1148 Days) - Direct Sub Plan - Growth,INF205K01S40,,12.3062,12.3062,12.3062,2017-08-09
133945,Invesco India Fixed Maturity Plan - Series 25 - Plan C (1148 Days) - Regular Sub Plan - Dividend Payout,INF205K01S16,,12.2461,12.2461,12.2461,2017-08-09
133948,Invesco India Fixed Maturity Plan - Series 25 - Plan C (1148 Days) - Regular Sub Plan - Growth,INF205K01S24,,12.2464,12.2464,12.2464,2017-08-09
134061,Invesco India Fixed Maturity Plan - Series 25 - Plan D (1141 Days) - Direct Sub Plan - Growth,INF205K01S81,,12.2908,12.2908,12.2908,2017-08-09
134059,Invesco India Fixed Maturity Plan - Series 25 - Plan D (1141 Days) - Regular Sub Plan - Growth,INF205K01S65,,12.2316,12.2316,12.2316,2017-08-09
134207,Invesco India Fixed Maturity Plan - Series 25 - Plan F - Direct Sub-plan Growth,INF205K01T64,,12.2093,12.2093,12.2093,2017-08-09
134208,Invesco India Fixed Maturity Plan - Series 25 - Plan F - Regular Sub-plan Growth,INF205K01T49,,12.1513,12.1513,12.1513,2017-08-09
134778,Invesco India Fixed Maturity Plan - Series 26 - Plan A - Direct - Dividend Payout,INF205K012C1,,12.0369,12.0369,12.0369,2017-08-09
134779,Invesco India Fixed Maturity Plan - Series 26 - Plan A - Direct - Growth,INF205K013C9,,12.0371,12.0371,12.0371,2017-08-09
134777,Invesco India Fixed Maturity Plan - Series 26 - Plan A - Regular - Dividend Payout,INF205K014C7,,11.9853,11.9853,11.9853,2017-08-09
134776,Invesco India Fixed Maturity Plan - Series 26 - Plan A - Regular - Growth,INF205K015C4,,11.9853,11.9853,11.9853,2017-08-09
135052,Invesco India Fixed Maturity Plan - Series 26 - Plan C - Direct Sub Plan - Dividend Payout,INF205K010D3,,11.9501,11.9501,11.9501,2017-08-09
135054,Invesco India Fixed Maturity Plan - Series 26 - Plan C - Direct Sub Plan - Growth,INF205K011D1,,11.9463,11.9463,11.9463,2017-08-09
135055,Invesco India Fixed Maturity Plan - Series 26 - Plan C - Regular Sub Plan - Dividend Payout,INF205K012D9,,11.8608,11.8608,11.8608,2017-08-09
135053,Invesco India Fixed Maturity Plan - Series 26 - Plan C - Regular Sub Plan - Growth,INF205K013D7,,11.8608,11.8608,11.8608,2017-08-09
135439,Invesco India Fixed Maturity Plan - Series 26 - Plan E - Direct Sub - Plan - Growth,INF205K019D4,,11.73,11.73,11.73,2017-08-09
135437,Invesco India Fixed Maturity Plan - Series 26 - Plan E - Regular Sub - Plan Growth,INF205K011E9,,11.6853,11.6853,11.6853,2017-08-09
135857,Invesco India Fixed Maturity Plan - Series 27 - Plan A - Direct - Sub plan - Growth,INF205K015F7,,11.546,11.546,11.546,2017-08-09
135856,Invesco India Fixed Maturity Plan - Series 27 - Plan A - Regular - Sub plan - Dividend Payout,INF205K016F5,,11.5285,11.5285,11.5285,2017-08-09
135858,Invesco India Fixed Maturity Plan - Series 27 - Plan A - Regular - Sub plan - Growth,INF205K017F3,,11.5272,11.5272,11.5272,2017-08-09
136060,Invesco India Fixed Maturity Plan - Series 27 - Plan C - Direct Sub - Plan - Growth,INF205K013G0,,11.4829,11.4829,11.4829,2017-08-09
136063,Invesco India Fixed Maturity Plan - Series 27 - Plan C - Regular Sub - Plan - Growth,INF205K015G5,,11.465,11.465,11.465,2017-08-09
140884,Invesco India Fixed Maturity Plan - Series 29 - Plan B - Direct Sub - Plan - Growth,INF205K011L4,,10.3777,10.3777,10.3777,2017-08-09
140881,Invesco India Fixed Maturity Plan - Series 29 - Plan B - Regular Sub - Plan - Dividend Payout,INF205K018K1,,10.3676,10.3676,10.3676,2017-08-09
140883,Invesco India Fixed Maturity Plan - Series 29 - Plan B - Regular Sub - Plan - Growth,INF205K019K9,,10.3676,10.3676,10.3676,2017-08-09
132803,Invesco India Fixed Maturity Plan-Series 24-Plan F (1098 Days) - Regular Plan-Growth Option,INF205K01L47,,12.5372,12.5372,12.5372,2017-08-09
132800,Invesco India Fixed Maturity Plan-Series 24-Plan F (1098 Days)-Direct Plan-Growth Option,INF205K01L62,,12.642,12.642,12.642,2017-08-09
135331,Kotak Capital Protection Oriented Scheme - Series 1 - Direct Dividend,INF174K01U50,,11.4693,11.4693,11.4693,2017-08-09
135328,Kotak Capital Protection Oriented Scheme - Series 1 - Direct Growth,INF174K01U43,,11.4692,11.4692,11.4692,2017-08-09
135329,Kotak Capital Protection Oriented Scheme - Series 1 - Regular Dividend,INF174K01U35,,11.3511,11.3511,11.3511,2017-08-09
135330,Kotak Capital Protection Oriented Scheme - Series 1 - Regular Growth,INF174K01U27,,11.3511,11.3511,11.3511,2017-08-09
135748,Kotak Capital Protection Oriented Scheme - Series 2 - Direct Dividend,INF174K011A4,,11.467,11.467,11.467,2017-08-09
135746,Kotak Capital Protection Oriented Scheme - Series 2 - Direct Growth,INF174K010A6,,11.469,11.469,11.469,2017-08-09
135745,Kotak Capital Protection Oriented Scheme - Series 2 - Dividend,INF174K01Z97,,11.3664,11.3664,11.3664,2017-08-09
135747,Kotak Capital Protection Oriented Scheme - Series 2 - Growth,INF174K01Z89,,11.3665,11.3665,11.3665,2017-08-09
136284,Kotak Capital Protection Oriented Scheme Series 3 - Direct Growth,INF174K010E8,,11.0779,11.0779,11.0779,2017-08-09
136287,Kotak Capital Protection Oriented Scheme Series 3 Regular Dividend Payout,INF174K019D1,,10.9811,10.9811,10.9811,2017-08-09
136286,Kotak Capital Protection Oriented Scheme Series 3 Regular Growth,INF174K018D3,,10.9811,10.9811,10.9811,2017-08-09
139361,Kotak Capital Protection Oriented Scheme - Series 4 - Direct Dividend,INF174K015G2,,10.8816,10.8816,10.8816,2017-08-09
139362,Kotak Capital Protection Oriented Scheme - Series 4 - Direct Growth,INF174K014G5,,10.8816,10.8816,10.8816,2017-08-09
139359,Kotak Capital Protection Oriented Scheme - Series 4 - Regular Dividend,INF174K013G7,,10.8094,10.8094,10.8094,2017-08-09
139360,Kotak Capital Protection Oriented Scheme - Series 4 - Regular Growth,INF174K012G9,,10.8094,10.8094,10.8094,2017-08-09
123193,Kotak FMP Series 107 Direct Growth,INF174K01ZH5,,13.8384,13.8384,13.8384,2017-08-09
123192,Kotak FMP Series 107 Dividend,INF174K01ZG7,,12.5816,12.5816,12.5816,2017-08-09
123194,Kotak FMP Series 107 Growth,INF174K01ZF9,,13.8015,13.8015,13.8015,2017-08-09
123326,Kotak FMP Series 108 Direct Growth,INF174K01PL8,,14.2819,14.2819,14.2819,2017-08-09
123327,Kotak FMP Series 108 Dividend,INF174K01PK0,,14.1305,14.1305,14.1305,2017-08-09
123328,Kotak FMP Series 108 Growth,INF174K01PJ2,,14.1305,14.1305,14.1305,2017-08-09
123793,Kotak FMP Series 113 (1094 Days)  - Direct Dividend,INF174K01QG6,,13.92,13.92,13.92,2017-08-09
123792,Kotak FMP Series 113 (1094 Days) - Direct Growth,INF174K01QF8,,13.92,13.92,13.92,2017-08-09
123790,Kotak FMP Series 113 (1094 Days) - Growth,INF174K01QD3,,13.6727,13.6727,13.6727,2017-08-09
123971,Kotak FMP Series 115 (370 Days) - Direct Dividend,INF174K01B04,,13.8298,13.8298,13.8298,2017-08-09
123973,Kotak FMP Series 115 (370 Days) - Direct Growth,INF174K01A96,,13.8297,13.8297,13.8297,2017-08-09
123970,Kotak FMP Series 115 (370 Days) - Growth,INF174K01A70,,13.7436,13.7436,13.7436,2017-08-09
124036,Kotak FMP Series 116 (370 Days) - Direct Growth,INF174K01B38,,13.8874,13.8874,13.8874,2017-08-09
124035,Kotak FMP Series 116 (370 Days) - Growth,INF174K01B12,,13.8434,13.8434,13.8434,2017-08-09
125400,Kotak FMP Series 127 (730 Days) - Direct Dividend,INF174K019A7,,14.4652,14.4652,14.4652,2017-08-09
125398,Kotak FMP Series 127 (730 Days) - Direct Growth,INF174K018A9,,14.4651,14.4651,14.4651,2017-08-09
125399,Kotak FMP Series 127 (730 Days) - Dividend,INF174K017A1,,14.1151,14.1151,14.1151,2017-08-09
125401,Kotak FMP Series 127 (730 Days) - Growth,INF174K016A3,,14.1151,14.1151,14.1151,2017-08-09
128266,Kotak FMP Series 145 (390 Days) - Direct Growth,INF174K01L93,,13.3859,13.3859,13.3859,2017-08-09
128267,Kotak FMP Series 145 (390 Days) - Dividend,INF174K01P16,,13.3264,13.3264,13.3264,2017-08-09
128265,Kotak FMP Series 145 (390 Days) - Growth,INF174K01L51,,13.3263,13.3263,13.3263,2017-08-09
128365,Kotak FMP Series 146 (388 Days) - Direct Growth,INF174K01M35,,13.349,13.349,13.349,2017-08-09
128364,Kotak FMP Series 146 (388 Days) - Growth,INF174K01M19,,13.2905,13.2905,13.2905,2017-08-09
128575,Kotak FMP Series 147 (384 Days) - Direct Growth,INF174K01M76,,13.3327,13.3327,13.3327,2017-08-09
128574,Kotak FMP Series 147 (384 Days) - Growth,INF174K01M50,,13.223,13.223,13.223,2017-08-09
131097,Kotak FMP Series 163 (1100 Days) - Direct Growth,INF174K01A13,,12.9042,12.9042,12.9042,2017-08-09
131098,Kotak FMP Series 163 (1100 Days) - Dividend,INF174K01A05,,12.8287,12.8287,12.8287,2017-08-09
131096,Kotak FMP Series 163 (1100 Days) - Growth,INF174K01ZZ7,,12.8287,12.8287,12.8287,2017-08-09
133663,Kotak FMP Series 171 (1099 Days) - Direct Growth,INF174K01H08,,12.276,12.276,12.276,2017-08-09
133662,Kotak FMP Series 171 (1099 Days) - Growth,INF174K01G82,,12.184,12.184,12.184,2017-08-09
134179,Kotak FMP Series 172 - Direct Dividend,INF174K01I56,,12.5321,12.5321,12.5321,2017-08-09
134176,Kotak FMP Series 172 - Direct Growth,INF174K01I49,,12.5293,12.5293,12.5293,2017-08-09
134178,Kotak FMP Series 172 - Regular Dividend,INF174K01I31,,12.4352,12.4352,12.4352,2017-08-09
134177,Kotak FMP Series 172 - Regular Growth,INF174K01I23,,12.4352,12.4352,12.4352,2017-08-09
134841,Kotak FMP Series 175 (1100 Days) - Direct Growth,INF174K01R97,,11.9877,11.9877,11.9877,2017-08-09
134839,Kotak FMP Series 175 (1100 Days) - Regular Dividend,INF174K01R89,,11.8923,11.8923,11.8923,2017-08-09
134838,Kotak FMP Series 175 (1100 Days) - Regular Growth,INF174K01R71,,11.8923,11.8923,11.8923,2017-08-09
135048,Kotak FMP Series 176 - Direct Plan - Growth,INF174K01S96,,11.9242,11.9242,11.9242,2017-08-09
135050,Kotak FMP Series 176 - Regular Plan - Dividend,INF174K01S88,,11.8503,11.8503,11.8503,2017-08-09
135047,Kotak FMP Series 176 - Regular Plan - Growth,INF174K01S70,,11.8503,11.8503,11.8503,2017-08-09
135237,Kotak FMP Series 178 - Direct Growth,INF174K01U01,,11.8306,11.8306,11.8306,2017-08-09
135236,Kotak FMP Series 178 - Regular Dividend,INF174K01T95,,11.7724,11.7724,11.7724,2017-08-09
135239,Kotak FMP Series 178 - Regular Growth,INF174K01T87,,11.7724,11.7724,11.7724,2017-08-09
135374,Kotak FMP Series 179 - Direct Dividend,INF174K01U92,,11.7112,11.7112,11.7112,2017-08-09
135375,Kotak FMP Series 179 - Direct Growth,INF174K01U84,,11.7111,11.7111,11.7111,2017-08-09
135373,Kotak FMP Series 179 - Regular Dividend,INF174K01U76,,11.6562,11.6562,11.6562,2017-08-09
135372,Kotak FMP Series 179 - Regular Growth,INF174K01U68,,11.6562,11.6562,11.6562,2017-08-09
135485,Kotak FMP Series 180 (1099 Days) - Direct Growth,INF174K01Y31,,11.6567,11.6567,11.6567,2017-08-09
135484,Kotak FMP Series 180 (1099 Days) - Regular Dividend,INF174K01Y23,,11.6036,11.6036,11.6036,2017-08-09
135488,Kotak FMP Series 180 (1099 Days) - Regular Growth,INF174K01Y15,,11.6036,11.6036,11.6036,2017-08-09
135608,Kotak FMP Series 181 - Direct Dividend,INF174K01Z55,,11.6063,11.6063,11.6063,2017-08-09
135609,Kotak FMP Series 181 - Direct Growth,INF174K01Z48,,11.6054,11.6054,11.6054,2017-08-09
135611,Kotak FMP Series 181 - Regular Dividend,INF174K01Z63,,11.5436,11.5436,11.5436,2017-08-09
135610,Kotak FMP Series 181 - Regular Growth,INF174K01Z30,,11.5436,11.5436,11.5436,2017-08-09
135758,Kotak FMP Series 182 - Direct Dividend,INF174K015A5,,11.5292,11.5292,11.5292,2017-08-09
135757,Kotak FMP Series 182 - Direct Growth,INF174K014A8,,11.5335,11.5335,11.5335,2017-08-09
135756,Kotak FMP Series 182 - Regular Dividend,INF174K013A0,,11.4649,11.4649,11.4649,2017-08-09
135755,Kotak FMP Series 182 - Regular Growth,INF174K012A2,,11.4649,11.4649,11.4649,2017-08-09
135909,Kotak FMP Series 183 - Direct Growth,INF174K012B0,,11.7461,11.7461,11.7461,2017-08-09
135907,Kotak FMP Series 183 - Regular Dividend,INF174K011B2,,11.6888,11.6888,11.6888,2017-08-09
135906,Kotak FMP Series 183 - Regular Growth,INF174K010B4,,11.6888,11.6888,11.6888,2017-08-09
136083,Kotak FMP Series 185 - Direct Growth,INF174K010C2,,11.4801,11.4801,11.4801,2017-08-09
136082,Kotak FMP Series 185 - Regular Dividend,INF174K019B5,,11.4176,11.4176,11.4176,2017-08-09
136084,Kotak FMP Series 185 - Regular Growth,INF174K018B7,,11.4176,11.4176,11.4176,2017-08-09
136135,Kotak FMP Series 186 - Direct Growth,INF174KA1DW0,,11.7492,11.7492,11.7492,2017-08-09
136133,Kotak FMP Series 186 - Regular Dividend,INF174KA1DV2,,11.7404,11.7404,11.7404,2017-08-09
136134,Kotak FMP Series 186 - Regular Growth,INF174KA1DU4,,11.7403,11.7403,11.7403,2017-08-09
136271,KOTAK FMP SERIES 187 - DIRECT GROWTH,INF174K018C5,,11.5758,11.5758,11.5758,2017-08-09
136270,KOTAK FMP SERIES 187 - REGULAR DIVIDEND,INF174K017C7,,11.5252,11.5252,11.5252,2017-08-09
136273,KOTAK FMP SERIES 187 - REGULAR GROWTH,INF174K016C9,,11.5252,11.5252,11.5252,2017-08-09
136306,Kotak FMP Series 189 - Direct - Dividend Payout,INF174K017D5,,11.7418,11.7418,11.7418,2017-08-09
136307,Kotak FMP Series 189 - Direct - Growth,INF174K016D7,,11.7419,11.7419,11.7419,2017-08-09
136305,Kotak FMP Series 189 - Regular - Dividend Payout,INF174K015D9,,11.69,11.69,11.69,2017-08-09
136308,Kotak FMP Series 189 - Regular - Growth,INF174K014D2,,11.69,11.69,11.69,2017-08-09
136365,Kotak FMp Series 190 - Direct - Dividend Payout,INF174K015E7,,11.4381,11.4381,11.4381,2017-08-09
136362,Kotak FMP Series 190 - Direct - Growth,INF174K014E0,,11.4381,11.4381,11.4381,2017-08-09
136364,Kotak FMP Series 190 - Regular - Dividend Payout,INF174K013E2,,11.3804,11.3804,11.3804,2017-08-09
136363,Kotak FMP Series 190 - Regular - Growth,INF174K012E4,,11.3804,11.3804,11.3804,2017-08-09
139078,Kotak FMP Series 191 - Direct - Growth,INF174K018E1,,11.3192,11.3192,11.3192,2017-08-09
139079,Kotak FMP Series 191 - Regular - Dividend Payout,INF174K017E3,,11.2724,11.2724,11.2724,2017-08-09
139080,Kotak FMP Series 191 - Regular - Growth,INF174K016E5,,11.2724,11.2724,11.2724,2017-08-09
139083,Kotak FMP Series 192 - Direct - Growth,INF174K012F1,,11.4402,11.4402,11.4402,2017-08-09
139081,Kotak FMP Series 192 - Regular - Dividend Payout,INF174K011F3,,11.3935,11.3935,11.3935,2017-08-09
139084,Kotak FMP Series 192 - Regular - Growth,INF174K010F5,,11.3935,11.3935,11.3935,2017-08-09
139271,Kotak FMP Series 193 - Direct - Growth,INF174K016F2,,11.4607,11.4607,11.4607,2017-08-09
139272,Kotak FMP Series 193 - Regular - Dividend Payout,INF174K015F4,,11.4155,11.4155,11.4155,2017-08-09
139269,Kotak FMP Series 193 - Regular - Growth,INF174K014F7,,11.4155,11.4155,11.4155,2017-08-09
139332,Kotak FMP Series 194 - Direct - Growth,INF174K010G3,,11.4204,11.4204,11.4204,2017-08-09
139331,Kotak FMP Series 194 - Regular - Dividend Payout,INF174K019F6,,11.3777,11.3777,11.3777,2017-08-09
139333,Kotak FMP Series 194 - Regular- Growth,INF174K018F8,,11.3777,11.3777,11.3777,2017-08-09
139578,Kotak FMP Series 196 - Direct - Growth,INF174K015H0,,10.9549,10.9549,10.9549,2017-08-09
139579,Kotak FMP Series 196 - Regular - Dividend Payout,INF174K014H3,,10.9204,10.9204,10.9204,2017-08-09
139580,Kotak FMP Series 196 - Regular - Growth,INF174K013H5,,10.9204,10.9204,10.9204,2017-08-09
140632,Kotak FMP Series 199 - Direct Plan - Growth Option,INF174K018K8,,10.4155,10.4155,10.4155,2017-08-09
140631,Kotak FMP Series 199 - Regular Plan - Dividend Payout Option,INF174K017K0,,10.4001,10.4001,10.4001,2017-08-09
140634,Kotak FMP Series 199 - Regular Plan - Growth Option,INF174K016K2,,10.4001,10.4001,10.4001,2017-08-09
140911,Kotak FMP Series 200-Direct Plan-Dividend Payout Option,INF174K014M3,,10.4102,10.4102,10.4102,2017-08-09
140912,Kotak FMP Series 200-Direct Plan-Growth Option,INF174K013M5,,10.4102,10.4102,10.4102,2017-08-09
140909,Kotak FMP Series 200-Regular Plan-Dividend Payout,INF174K012M7,,10.3927,10.3927,10.3927,2017-08-09
140910,Kotak FMP Series 200-Regular Plan-Growth Option,INF174K011M9,,10.3927,10.3927,10.3927,2017-08-09
141047,Kotak FMP Series 202-Direct Plan-Growth Option,INF174K011N7,,10.3618,10.3618,10.3618,2017-08-09
141046,Kotak FMP Series 202-DirectPLan-Dividend Payout Option,INF174K012N5,,10.3618,10.3618,10.3618,2017-08-09
141048,Kotak FMP Series 202-Regular Plan-Dividend Payout Option,INF174K010N9,,10.3482,10.3482,10.3482,2017-08-09
141049,Kotak FMP Series 202-Regular Plan-Growth Option,INF174K019M2,,10.3483,10.3483,10.3483,2017-08-09
141283,Kotak FMP Series 203 - Direct Plan - Growth Option,INF174K019N0,,10.2944,10.2944,10.2944,2017-08-09
141282,Kotak FMP Series 203 - Regular Plan - Dividend Payout Option,INF174K018N2,,10.2845,10.2845,10.2845,2017-08-09
141281,Kotak FMP Series 203-Direct Plan-Dividend Payout Option,INF174K010O7,,10.2944,10.2944,10.2944,2017-08-09
141284,Kotak FMP Series 203-Regular Plan-Growth option,INF174K017N4,,10.2845,10.2845,10.2845,2017-08-09
141368,Kotak FMP Series 204-Direct Plan-Dividend Payout Option,INF174K017O2,,10.2527,10.2527,10.2527,2017-08-09
141367,Kotak FMP Series 204-Direct Plan-Growth Option,INF174K016O4,,10.2527,10.2527,10.2527,2017-08-09
141365,Kotak FMP Series 204-Regular Plan-Dividend Payout Option,INF174K015O6,,10.2448,10.2448,10.2448,2017-08-09
141366,Kotak FMP Series 204-Regular Plan-Growth Option,INF174K014O9,,10.2448,10.2448,10.2448,2017-08-09
140908,L&T FMP - Series XIV - Scheme C - Direct Plan - Dividend,INF917K01YL2,,10.3697,0,0,2017-08-09
140905,L&T FMP - Series XIV - Scheme C - Direct Plan - Growth,INF917K01YM0,,10.3697,0,0,2017-08-09
140906,L&T FMP - Series XIV - Scheme C - Regular Plan - Dividend,INF917K01YN8,,10.3598,0,0,2017-08-09
140907,L&T FMP - Series XIV - Scheme C - Regular Plan - Growth,INF917K01YO6,,10.3598,0,0,2017-08-09
121611,L&T FMP - VII (August1095D A) - Direct Plan - Growth,INF917K01GX4,,14.6802,0,0,2017-08-09
121610,L&T FMP - VII (August1095D A) - Regular Plan - Dividend,INF917K01GU0,,11.8636,0,0,2017-08-09
121613,L&T FMP - VII (August1095D A) - Regular Plan - Growth,INF917K01GV8,,14.507,0,0,2017-08-09
128513,L&T FMP Series X - Plan Q (1511 days) - Direct Plan - Growth,INF917K01VF0,,13.3137,0,0,2017-08-09
128511,L&T FMP Series X - Plan Q (1511 days) - Regular Plan - Growth,INF917K01VH6,,13.2259,0,0,2017-08-09
128582,L&T FMP Series X - Plan S (1500 days) - Direct Plan - Dividend,INF917K01VA1,,12.1216,0,0,2017-08-09
128584,L&T FMP Series X - Plan S (1500 days) - Direct Plan - Growth,INF917K01VB9,,13.28,0,0,2017-08-09
128585,L&T FMP Series X - Plan S (1500 days) - Regular Plan - Growth,INF917K01VD5,,13.2203,0,0,2017-08-09
128587,L&T FMP Series X - Plan T (1500 days) - Direct Plan - Growth,INF917K01UX5,,13.2974,0,0,2017-08-09
128588,L&T FMP Series X - Plan T (1500 days) - Regular Plan - Growth,INF917K01UZ0,,13.2382,0,0,2017-08-09
127859,L&T FMP Series X - Plan M (1520 days) - Direct Plan - Dividend,INF917K01US5,,12.072,0,0,2017-08-09
127862,L&T FMP Series X - Plan M (1520 days) - Direct Plan - Growth,INF917K01UT3,,13.4815,0,0,2017-08-09
127861,L&T FMP Series X - Plan M (1520 days) - Regular Plan - Growth,INF917K01UV9,,13.2548,0,0,2017-08-09
128516,L&T FMP Series X - Plan R (1506 days) - Direct Plan - Growth,INF917K01VJ2,,13.3159,0,0,2017-08-09
128515,L&T FMP Series X - Plan R (1506 days) - Regular Plan - Growth,INF917K01VL8,,13.2202,0,0,2017-08-09
129055,L&T FMP Series XI - Plan A (1484 days) - Direct Plan - Dividend,INF917K01WG6,,12.0943,0,0,2017-08-09
129056,L&T FMP Series XI - Plan A (1484 days) - Direct Plan - Growth,INF917K01WJ0,,13.2212,0,0,2017-08-09
129058,L&T FMP Series XI - Plan A (1484 days) - Regular Plan - Growth,INF917K01WI2,,13.163,0,0,2017-08-09
130789,L&T FMP Series XI - Plan C(1139 days) - Direct Plan - Dividend,INF917K01QX3,,12.9606,0,0,2017-08-09
130790,L&T FMP Series XI - Plan C(1139 days) - Direct Plan - Growth,INF917K01QY1,,12.9606,0,0,2017-08-09
130791,L&T FMP Series XI - Plan C(1139 days) - Regular Plan - Dividend,INF917K01QZ8,,12.8038,0,0,2017-08-09
130792,L&T FMP Series XI - Plan C(1139 days) - Regular Plan - Growth,INF917K01RA9,,12.8038,0,0,2017-08-09
140490,L&T FMP Series XIV - Scheme A - Direct Plan - Growth,INF917K01YA5,,10.5919,0,0,2017-08-09
140491,L&T FMP Series XIV - Scheme A - Regular Plan - Dividend,INF917K01YB3,,10.5822,0,0,2017-08-09
140492,L&T FMP Series XIV - Scheme A - Regular Plan - Growth,INF917K01YC1,,10.5822,0,0,2017-08-09
126380,LIC MF Capital Protection Oriented Fund-Series 2-Direct Plan-Growth,INF767K01PK1,,13.2225,13.2225,13.2225,2017-08-09
126382,LIC MF Capital Protection Oriented Fund-Series 2-Regular Plan-Dividend Payout,INF767K01PH7,,10.3605,10.3605,10.3605,2017-08-09
126381,LIC MF Capital Protection Oriented Fund-Series 2-Regular Plan-Growth,INF767K01PI5,,12.9896,12.9896,12.9896,2017-08-09
130359,LIC MF Capital Protection Oriented Fund-Series 4-Direct Plan-Growth,INF767K01LC7,,12.3292,12.3292,12.3292,2017-08-09
130364,LIC MF Capital Protection Oriented Fund-Series 4-Regular Plan-Dividend Payout,INF767K01KZ0,,12.2421,12.2421,12.2421,2017-08-09
130365,LIC MF Capital Protection Oriented Fund-Series 4-Regular Plan-Growth,INF767K01LA1,,12.2421,12.2421,12.2421,2017-08-09
131404,LIC MF Capital Protection Oriented Fund-Series 5-Direct Plan-Dividend Payout,INF767K01LZ8,,12.0223,12.0223,12.0223,2017-08-09
131405,LIC MF Capital Protection Oriented Fund-Series 5-Direct Plan-Growth,INF767K01MA9,,12.0221,12.0221,12.0221,2017-08-09
131406,LIC MF Capital Protection Oriented Fund-Series 5-Regular Plan-Dividend Payout,INF767K01LX3,,11.9612,11.9612,11.9612,2017-08-09
131407,LIC MF Capital Protection Oriented Fund-Series 5-Regular Plan-Growth,INF767K01LY1,,11.9612,11.9612,11.9612,2017-08-09
134727,LIC MF Dual Advantage Fixed Term Plan-Series 1-Direct Plan-Dividend Payout,INF767K01OE7,,11.8353,11.8353,11.8353,2017-08-09
134726,LIC MF Dual Advantage Fixed Term Plan-Series 1-Direct Plan-Growth,INF767K01OF4,,11.8353,11.8353,11.8353,2017-08-09
134729,LIC MF Dual Advantage Fixed Term Plan-Series 1-Regular Plan-Dividend Payout,INF767K01OC1,,11.5512,11.5512,11.5512,2017-08-09
134728,LIC MF Dual Advantage Fixed Term Plan-Series 1-Regular Plan-Growth,INF767K01OD9,,11.5512,11.5512,11.5512,2017-08-09
135345,LIC MF Dual Advantage Fixed Term Plan-Series 2-Direct Plan-Dividend Payout,INF767K01OM0,,11.7833,11.7833,11.7833,2017-08-09
135346,LIC MF Dual Advantage Fixed Term Plan-Series 2-Direct Plan-Growth,INF767K01ON8,,11.7833,11.7833,11.7833,2017-08-09
135347,LIC MF Dual Advantage Fixed Term Plan-Series 2-Regular Plan-Dividend Payout,INF767K01OK4,,11.5482,11.5482,11.5482,2017-08-09
135348,LIC MF Dual Advantage Fixed Term Plan-Series 2-Regular Plan-Growth,INF767K01OL2,,11.5482,11.5482,11.5482,2017-08-09
135588,LIC MF Dual Advantage Fixed Term Plan-Series 3-Direct Plan-Dividend Payout,INF767K01OQ1,,11.8459,11.8459,11.8459,2017-08-09
135589,LIC MF Dual Advantage Fixed Term Plan-Series 3-Direct Plan-Growth,INF767K01OR9,,11.8460,11.8460,11.8460,2017-08-09
135590,LIC MF Dual Advantage Fixed Term Plan-Series 3-Regular Plan-Dividend Payout,INF767K01OO6,,11.6300,11.6300,11.6300,2017-08-09
135591,LIC MF Dual Advantage Fixed Term Plan-Series 3-Regular Plan-Growth,INF767K01OP3,,11.6300,11.6300,11.6300,2017-08-09
131542,LIC MF Fixed Maturity Plan-Series 89-Direct Plan-Growth,INF767K01ME1,,12.7097,0.0000,0.0000,2017-08-09
131543,LIC MF Fixed Maturity Plan-Series 89-Regular Plan-Dividend Payout,INF767K01MB7,,12.5516,0.0000,0.0000,2017-08-09
131544,LIC MF Fixed Maturity Plan-Series 89-Regular Plan-Growth,INF767K01MC5,,12.5516,0.0000,0.0000,2017-08-09
132911,LIC MF Fixed Maturity Plan-Series 90-Direct Plan-Dividend Payout,INF767K01MH4,,12.5382,0.0000,0.0000,2017-08-09
132909,LIC MF Fixed Maturity Plan-Series 90-Direct Plan-Growth,INF767K01MI2,,12.5382,0.0000,0.0000,2017-08-09
132910,LIC MF Fixed Maturity Plan-Series 90-Regular Plan-Dividend Payout,INF767K01MF8,,12.4002,0.0000,0.0000,2017-08-09
132912,LIC MF Fixed Maturity Plan-Series 90-Regular Plan-Growth,INF767K01MG6,,12.4001,0.0000,0.0000,2017-08-09
133225,LIC MF Fixed Maturity Plan-Series 92-Direct Plan-Growth,INF767K01MU7,,12.5520,0.0000,0.0000,2017-08-09
133226,LIC MF Fixed Maturity Plan-Series 92-Regular Plan-Dividend Payout,INF767K01MR3,,12.3488,0.0000,0.0000,2017-08-09
133227,LIC MF Fixed Maturity Plan-Series 92-Regular Plan-Growth,INF767K01MS1,,12.3488,0.0000,0.0000,2017-08-09
139338,Nippon India Dual Advantage Fixed Tenure Fund IX- Plan D- Direct Plan-Dividend Payout Option,INF204KB1403,,11.5531,11.5531,11.5531,2017-08-09
139337,Nippon India Dual Advantage Fixed Tenure Fund IX- Plan D- Direct Plan-Growth Option,INF204KB1411,,11.5531,11.5531,11.5531,2017-08-09
139336,Nippon India Dual Advantage Fixed Tenure Fund IX- Plan D- Dividend Payout Option,INF204KB1429,,11.3349,11.3349,11.3349,2017-08-09
139335,Nippon India Dual Advantage Fixed Tenure Fund IX- Plan D- Growth Option,INF204KB1437,,11.3349,11.3349,11.3349,2017-08-09
139571,Nippon India Dual Advantage Fixed Tenure Fund IX- Plan E- Direct Plan-Dividend Payout Option,INF204KB1AJ6,,11.0401,11.0401,11.0401,2017-08-09
139570,Nippon India Dual Advantage Fixed Tenure Fund IX- Plan E- Direct Plan-Growth Option,INF204KB1AK4,,11.0401,11.0401,11.0401,2017-08-09
139572,Nippon India Dual Advantage Fixed Tenure Fund IX- Plan E- Dividend Payout Option,INF204KB1AL2,,10.9178,10.9178,10.9178,2017-08-09
139569,Nippon India Dual Advantage Fixed Tenure Fund IX- Plan E- Growth Option,INF204KB1AM0,,10.9178,10.9178,10.9178,2017-08-09
139601,Nippon India Dual Advantage Fixed Tenure Fund IX- Plan F-Direct Plan-Dividend Payout Option,INF204KB1AR9,,11.0714,11.0714,11.0714,2017-08-09
139599,Nippon India Dual Advantage Fixed Tenure Fund IX- Plan F-Direct Plan-Growth Option,INF204KB1AS7,,11.0714,11.0714,11.0714,2017-08-09
139600,Nippon India Dual Advantage Fixed Tenure Fund IX- Plan F-Dividend Payout Option,INF204KB1AT5,,10.9489,10.9489,10.9489,2017-08-09
139598,Nippon India Dual Advantage Fixed Tenure Fund IX- Plan F-Growth Option,INF204KB1AU3,,10.9489,10.9489,10.9489,2017-08-09
140054,Nippon India Dual Advantage Fixed Tenure Fund X- Plan A- Direct Plan- Growth Option,INF204KB1FA4,,10.8462,10.8462,10.8462,2017-08-09
140055,Nippon India Dual Advantage Fixed Tenure Fund X- Plan A- Direct Plan-Dividend Payout Option,INF204KB1EZ4,,10.8462,10.8462,10.8462,2017-08-09
140053,Nippon India Dual Advantage Fixed Tenure Fund X- Plan A- Dividend Payout Option,INF204KB1FB2,,10.7580,10.7580,10.7580,2017-08-09
140056,Nippon India Dual Advantage Fixed Tenure Fund X- Plan A- Growth Option,INF204KB1FC0,,10.7580,10.7580,10.7580,2017-08-09
140150,Nippon India Dual Advantage Fixed Tenure Fund X- Plan B- Direct Plan- Dividend Payout Option,INF204KB1FE6,,10.8822,10.8822,10.8822,2017-08-09
140151,Nippon India Dual Advantage Fixed Tenure Fund X- Plan B- Direct Plan-Growth Option,INF204KB1FF3,,10.8822,10.8822,10.8822,2017-08-09
140149,Nippon India Dual Advantage Fixed Tenure Fund X- Plan B- Dividend Payout Option,INF204KB1FG1,,10.7924,10.7924,10.7924,2017-08-09
140148,Nippon India Dual Advantage Fixed Tenure Fund X- Plan B- Growth Option,INF204KB1FH9,,10.7924,10.7924,10.7924,2017-08-09
140410,Nippon India Dual Advantage Fixed Tenure Fund - X - Plan C - Direct Plan - Dividend Payout Option,INF204KB1GC8,,10.8174,10.8174,10.8174,2017-08-09
140408,Nippon India Dual Advantage Fixed Tenure Fund - X - Plan C - Direct Plan - Growth Option,INF204KB1GD6,,10.8174,10.8174,10.8174,2017-08-09
140409,Nippon India Dual Advantage Fixed Tenure Fund - X - Plan C - Dividend Payout Option,INF204KB1GE4,,10.7386,10.7386,10.7386,2017-08-09
140407,Nippon India Dual Advantage Fixed Tenure Fund - X - Plan C - Growth Option,INF204KB1GF1,,10.7386,10.7386,10.7386,2017-08-09
140432,Nippon India Dual Advantage Fixed Tenure Fund X- Plan D- Direct Plan-Dividend Payout Option,INF204KB1GK1,,10.7471,10.7471,10.7471,2017-08-09
140431,Nippon India Dual Advantage Fixed Tenure Fund X- Plan D- Direct Plan-Growth Option,INF204KB1GL9,,10.7471,10.7471,10.7471,2017-08-09
140430,Nippon India Dual Advantage Fixed Tenure Fund X- Plan D- Dividend Payout Option,INF204KB1GM7,,10.6771,10.6771,10.6771,2017-08-09
140429,Nippon India Dual Advantage Fixed Tenure Fund X- Plan D- Growth Option,INF204KB1GN5,,10.6771,10.6771,10.6771,2017-08-09
140438,Nippon India Dual Advantage Fixed Tenure Fund X- Plan E- Direct Plan - Growth Option,INF204KB1GP0,,10.6986,10.6986,10.6986,2017-08-09
140439,Nippon India Dual Advantage Fixed Tenure Fund X- Plan E- Direct Plan- Dividend Payout Option,INF204KB1GO3,,10.6986,10.6986,10.6986,2017-08-09
140441,Nippon India Dual Advantage Fixed Tenure Fund X- Plan E- Dividend Payout Option,INF204KB1GQ8,,10.6254,10.6254,10.6254,2017-08-09
140440,Nippon India Dual Advantage Fixed Tenure Fund X- Plan E- Growth Option,INF204KB1GR6,,10.6254,10.6254,10.6254,2017-08-09
140515,Nippon India Dual Advantage Fixed Tenure Fund X- Plan F- Direct Plan-Dividend Payout Option,INF204KB1GW6,,10.5860,10.5860,10.5860,2017-08-09
140514,Nippon India Dual Advantage Fixed Tenure Fund X- Plan F- Direct Plan-Growth Option,INF204KB1GX4,,10.5860,10.5860,10.5860,2017-08-09
140513,Nippon India Dual Advantage Fixed Tenure Fund X- Plan F- Dividend Payout Option,INF204KB1GY2,,10.5186,10.5186,10.5186,2017-08-09
140516,Nippon India Dual Advantage Fixed Tenure Fund X- Plan F- Growth Option,INF204KB1GZ9,,10.5186,10.5186,10.5186,2017-08-09
141158,Nippon India Dual Advantage Fixed Tenure Fund XI- Plan A- Direct Plan - Dividend Payout Option,INF204KB1JU4,,10.3573,10.3573,10.3573,2017-08-09
141156,Nippon India Dual Advantage Fixed Tenure Fund XI- Plan A- Direct Plan- Growth Option,INF204KB1JV2,,10.3573,10.3573,10.3573,2017-08-09
141157,Nippon India Dual Advantage Fixed Tenure Fund XI- Plan A- Dividend Payout Option,INF204KB1JW0,,10.3233,10.3233,10.3233,2017-08-09
141155,Nippon India Dual Advantage Fixed Tenure Fund XI- Plan A- Growth Option,INF204KB1JX8,,10.3233,10.3233,10.3233,2017-08-09
141419,Nippon India Dual Advantage Fixed Tenure Fund XI- Plan B- Direct Plan - Dividend Payout Option,INF204KB1NI1,,10.1912,10.1912,10.1912,2017-08-09
141418,Nippon India Dual Advantage Fixed Tenure Fund XI- Plan B- Direct Plan- Growth Option,INF204KB1NJ9,,10.1912,10.1912,10.1912,2017-08-09
141417,Nippon India Dual Advantage Fixed Tenure Fund XI- Plan B- Dividend Payout Option,INF204KB1NK7,,10.1691,10.1691,10.1691,2017-08-09
141416,Nippon India Dual Advantage Fixed Tenure Fund XI- Plan B- Growth Option,INF204KB1NL5,,10.1691,10.1691,10.1691,2017-08-09
141583,Nippon India Dual Advantage Fixed Tenure Fund XI- Plan C- Direct Plan- Growth Option,INF204KB1PV9,,10.0451,10.0451,10.0451,2017-08-09
141585,Nippon India Dual Advantage Fixed Tenure Fund XI- Plan C- Direct Plan-Dividend Payout Option,INF204KB1PU1,,10.0451,10.0451,10.0451,2017-08-09
141582,Nippon India Dual Advantage Fixed Tenure Fund XI- Plan C- Dividend Payout Option,INF204KB1PW7,,10.0369,10.0369,10.0369,2017-08-09
141584,Nippon India Dual Advantage Fixed Tenure Fund XI- Plan C- Growth Option,INF204KB1PX5,,10.0369,10.0369,10.0369,2017-08-09
126477,Nippon India Fixed Horizon Fund - XXV - Series 15 - Direct Plan - Growth Option,INF204KB1A06,,14.2022,14.2022,14.2022,2017-08-09
126478,Nippon India Fixed Horizon Fund - XXV - Series 15 - Dividend Payout Option,INF204KB1ZZ9,,11.2766,11.2766,11.2766,2017-08-09
126480,Nippon India Fixed Horizon Fund - XXV - Series 15 - Growth Option,INF204KB1ZY2,,14.0106,14.0106,14.0106,2017-08-09
139734,Nippon India Fixed Horizon Fund XXXI Series 9 - Direct Plan - Dividend Payout Option,INF204KB1BW7,,10.8400,10.8400,10.8400,2017-08-09
139735,Nippon India Fixed Horizon Fund XXXI Series 9 - Direct Plan - Growth Option,INF204KB1BV9,,10.8400,10.8400,10.8400,2017-08-09
139736,Nippon India Fixed Horizon Fund XXXI Series 9 - Dividend Payout Option,INF204KB1BU1,,10.7545,10.7545,10.7545,2017-08-09
139733,Nippon India Fixed Horizon Fund XXXI Series 9 - Growth Option,INF204KB1BT3,,10.7545,10.7545,10.7545,2017-08-09
139850,Nippon India Fixed Horizon Fund XXXI- Series 13- Direct Plan-Dividend Payout Option,INF204KB1DG6,,10.7665,10.7665,10.7665,2017-08-09
139851,Nippon India Fixed Horizon Fund XXXI- Series 13- Direct Plan-Growth Option,INF204KB1DF8,,10.7665,10.7665,10.7665,2017-08-09
139849,Nippon India Fixed Horizon Fund XXXI- Series 13- Dividend Payout Option,INF204KB1DE1,,10.6884,10.6884,10.6884,2017-08-09
139852,Nippon India Fixed Horizon Fund XXXI- Series 13- Growth Option,INF204KB1DD3,,10.6884,10.6884,10.6884,2017-08-09
139965,Nippon India Fixed Horizon Fund XXXI- Series 15- Direct Plan-Dividend Payout Option,INF204KB1EE9,,10.9074,10.9074,10.9074,2017-08-09
139964,Nippon India Fixed Horizon Fund XXXI- Series 15- Direct Plan-Growth Option,INF204KB1ED1,,10.9074,10.9074,10.9074,2017-08-09
139966,Nippon India Fixed Horizon Fund XXXI- Series 15- Dividend Payout Option,INF204KB1EC3,,10.8284,10.8284,10.8284,2017-08-09
139963,Nippon India Fixed Horizon Fund XXXI- Series 15-Growth Option,INF204KB1EB5,,10.8284,10.8284,10.8284,2017-08-09
139652,Nippon India Fixed Horizon Fund XXXI- Series 8- Direct Plan - Growth Option,INF204KB1BB1,,10.9269,10.9269,10.9269,2017-08-09
139654,Nippon India Fixed Horizon Fund XXXI- Series 8- Direct Plan-Dividend Payout Option,INF204KB1BC9,,10.9269,10.9269,10.9269,2017-08-09
139653,Nippon India Fixed Horizon Fund XXXI- Series 8- Dividend Payout Option,INF204KB1BA3,,10.8128,10.8128,10.8128,2017-08-09
139651,Nippon India Fixed Horizon Fund XXXI- Series 8- Growth Option,INF204KB1AZ2,,10.8128,10.8128,10.8128,2017-08-09
140155,Nippon India Fixed Horizon Fund XXXII- Series 1- Direct Plan- Dividend Payout Option,INF204KB1FP2,,10.7474,10.7474,10.7474,2017-08-09
140154,Nippon India Fixed Horizon Fund XXXII- Series 1- Direct Plan-Growth Option,INF204KB1FO5,,10.7474,10.7474,10.7474,2017-08-09
140153,Nippon India Fixed Horizon Fund XXXII- Series 1- Dividend Payout Option,INF204KB1FN7,,10.6686,10.6686,10.6686,2017-08-09
140152,Nippon India Fixed Horizon Fund XXXII- Series 1- Growth Option,INF204KB1FM9,,10.6686,10.6686,10.6686,2017-08-09
140601,Nippon India Fixed Horizon Fund XXXII- Series 10- Direct Plan- Dividend Payout Option,INF204KB1HL7,,10.4500,10.4500,10.4500,2017-08-09
140600,Nippon India Fixed Horizon Fund XXXII- Series 10- Direct Plan- Growth Option,INF204KB1HK9,,10.4500,10.4500,10.4500,2017-08-09
140599,Nippon India Fixed Horizon Fund XXXII- Series 10- Dividend Payout Option,INF204KB1HJ1,,10.3975,10.3975,10.3975,2017-08-09
140602,Nippon India Fixed Horizon Fund XXXII- Series 10- Growth Option,INF204KB1HI3,,10.3975,10.3975,10.3975,2017-08-09
140156,Nippon India Fixed Horizon Fund XXXII- Series 2- Direct Plan- Dividend Payout Option,INF204KB1FT4,,10.7135,10.7135,10.7135,2017-08-09
140158,Nippon India Fixed Horizon Fund XXXII- Series 2- Direct Plan-Growth Option,INF204KB1FS6,,10.7135,10.7135,10.7135,2017-08-09
140157,Nippon India Fixed Horizon Fund XXXII- Series 2- Dividend Payout Option,INF204KB1FR8,,10.6418,10.6418,10.6418,2017-08-09
140159,Nippon India Fixed Horizon Fund XXXII- Series 2- Growth Option,INF204KB1FQ0,,10.6418,10.6418,10.6418,2017-08-09
140166,Nippon India Fixed Horizon Fund XXXII- Series 4- Direct Plan- Dividend Payout Option,INF204KB1GB0,,10.7685,10.7685,10.7685,2017-08-09
140167,Nippon India Fixed Horizon Fund XXXII- Series 4- Direct Plan-Growth Option,INF204KB1GA2,,10.7685,10.7685,10.7685,2017-08-09
140165,Nippon India Fixed Horizon Fund XXXII- Series 4- Dividend Payout Option,INF204KB1FZ1,,10.6956,10.6956,10.6956,2017-08-09
140164,Nippon India Fixed Horizon Fund XXXII- Series 4- Growth Option,INF204KB1FY4,,10.6956,10.6956,10.6956,2017-08-09
140428,Nippon India Fixed Horizon Fund XXXII- Series 5- Direct Plan-Dividend Payout Option,INF204KB1GJ3,,10.5525,10.5525,10.5525,2017-08-09
140426,Nippon India Fixed Horizon Fund XXXII- Series 5- Direct Plan-Growth Option,INF204KB1GI5,,10.5525,10.5525,10.5525,2017-08-09
140425,Nippon India Fixed Horizon Fund XXXII- Series 5- Dividend Payout Option,INF204KB1GH7,,10.5325,10.5325,10.5325,2017-08-09
140427,Nippon India Fixed Horizon Fund XXXII- Series 5- Growth Option,INF204KB1GG9,,10.5325,10.5325,10.5325,2017-08-09
140509,Nippon India Fixed Horizon Fund XXXII- Series 7- Direct Plan-Dividend Payout Option,INF204KB1HD4,,10.5673,10.5673,10.5673,2017-08-09
140512,Nippon India Fixed Horizon Fund XXXII- Series 7- Direct Plan-Growth Option,INF204KB1HC6,,10.5673,10.5673,10.5673,2017-08-09
140511,Nippon India Fixed Horizon Fund XXXII- Series 7- Dividend Payout Option,INF204KB1HB8,,10.5119,10.5119,10.5119,2017-08-09
140510,Nippon India Fixed Horizon Fund XXXII- Series 7- Growth Option,INF204KB1HA0,,10.5119,10.5119,10.5119,2017-08-09
140535,Nippon India Fixed Horizon Fund XXXII- Series 8- Direct Plan-Growth Option,INF204KB1HG7,,10.4088,10.4088,10.4088,2017-08-09
140536,Nippon India Fixed Horizon Fund XXXII- Series 8- Dividend Payout Option,INF204KB1HF9,,10.3628,10.3628,10.3628,2017-08-09
140534,Nippon India Fixed Horizon Fund XXXII- Series 8- Growth Option,INF204KB1HE2,,10.4031,10.4031,10.4031,2017-08-09
140561,Nippon India Fixed Horizon Fund - XXXII - Series 9 - Direct Plan - Dividend Payout Option,INF204KB1HP8,,10.4286,10.4286,10.4286,2017-08-09
140560,Nippon India Fixed Horizon Fund - XXXII - Series 9 - Direct Plan - Growth Option,INF204KB1HO1,,10.4286,10.4286,10.4286,2017-08-09
140562,Nippon India Fixed Horizon Fund - XXXII - Series 9 - Dividend Payout Option,INF204KB1HN3,,10.4208,10.4208,10.4208,2017-08-09
140559,Nippon India Fixed Horizon Fund - XXXII - Series 9 - Growth Option,INF204KB1HM5,,10.4208,10.4208,10.4208,2017-08-09
140739,Nippon India Fixed Horizon Fund XXXIII- Series 1- Direct Plan- Dividend Payout Option,INF204KB1IB6,,10.4391,10.4391,10.4391,2017-08-09
140738,Nippon India Fixed Horizon Fund XXXIII- Series 1- Direct Plan- Growth Option,INF204KB1IA8,,10.4391,10.4391,10.4391,2017-08-09
140737,Nippon India Fixed Horizon Fund XXXIII- Series 1- Growth Option,INF204KB1HY0,,10.4323,10.4323,10.4323,2017-08-09
141188,Nippon India Fixed Horizon Fund XXXIII- Series 10- Direct Plan - Dividend Payout Option,INF204KB1KF3,,10.3170,10.3170,10.3170,2017-08-09
141187,Nippon India Fixed Horizon Fund XXXIII- Series 10- Direct Plan - Growth Option,INF204KB1KE6,,10.3170,10.3170,10.3170,2017-08-09
141186,Nippon India Fixed Horizon Fund XXXIII- Series 10- Dividend Payout Option,INF204KB1KD8,,10.2952,10.2952,10.2952,2017-08-09
141185,Nippon India Fixed Horizon Fund XXXIII- Series 10- Growth Option,INF204KB1KC0,,10.2952,10.2952,10.2952,2017-08-09
140741,Nippon India Fixed Horizon Fund XXXIII- Series 2- Direct Plan- Dividend Payout Option,INF204KB1IF7,,10.4958,10.4958,10.4958,2017-08-09
140744,Nippon India Fixed Horizon Fund XXXIII- Series 2- Direct Plan- Growth Option,INF204KB1IE0,,10.4958,10.4958,10.4958,2017-08-09
140743,Nippon India Fixed Horizon Fund XXXIII- Series 2- Dividend Payout Option,INF204KB1ID2,,10.4484,10.4484,10.4484,2017-08-09
140742,Nippon India Fixed Horizon Fund XXXIII- Series 2- Growth Option,INF204KB1IC4,,10.4484,10.4484,10.4484,2017-08-09
140864,Nippon India Fixed Horizon Fund XXXIII- Series 3 - Dividend Payout Option,INF204KB1IH3,,10.4298,10.4298,10.4298,2017-08-09
140863,Nippon India Fixed Horizon Fund XXXIII- Series 3- Growth Option,INF204KB1IG5,,10.4298,10.4298,10.4298,2017-08-09
140865,Nippon India Fixed Horizon Fund XXXIII- Series 3-Direct Plan- Growth Option,INF204KB1II1,,10.4374,10.4374,10.4374,2017-08-09
140917,Nippon India Fixed Horizon Fund XXXIII- Series 4- Direct Plan-Growth Option,INF204KB1IU6,,10.4266,10.4266,10.4266,2017-08-09
140914,Nippon India Fixed Horizon Fund XXXIII- Series 4- Growth Option,INF204KB1IS0,,10.4192,10.4192,10.4192,2017-08-09
140924,Nippon India Fixed Horizon Fund XXXIII- Series 5- Dividend Payout Option,INF204KB1IX0,,10.4152,10.4152,10.4152,2017-08-09
140927,Nippon India Fixed Horizon Fund XXXIII- Series 5- Growth Option,INF204KB1IW2,,10.4152,10.4152,10.4152,2017-08-09
140926,Nippon India Fixed Horizon Fund XXXIII- Series 5-Direct Plan- Dividend Payout Option,INF204KB1IZ5,,10.4586,10.4586,10.4586,2017-08-09
140925,Nippon India Fixed Horizon Fund XXXIII- Series 5-Direct Plan- Growth Option,INF204KB1IY8,,10.4586,10.4586,10.4586,2017-08-09
140977,Nippon India Fixed Horizon Fund XXXIII- Series 6- Direct Plan- Dividend Payout Option,INF204KB1JD0,,10.3785,10.3785,10.3785,2017-08-09
140974,Nippon India Fixed Horizon Fund XXXIII- Series 6- Dividend Payout Option,INF204KB1JB4,,10.3715,10.3715,10.3715,2017-08-09
140975,Nippon India Fixed Horizon Fund XXXIII- Series 6- Growth Option,INF204KB1JA6,,10.3715,10.3715,10.3715,2017-08-09
140976,Nippon India Fixed Horizon Fund XXXIII- Series 6-Direct Plan- Growth Option,INF204KB1JC2,,10.3785,10.3785,10.3785,2017-08-09
141038,Nippon India Fixed Horizon Fund XXXIII- Series 7- Direct Plan-Dividend Payout Option,INF204KB1JL3,,10.3664,10.3664,10.3664,2017-08-09
141036,Nippon India Fixed Horizon Fund XXXIII- Series 7- Direct Plan-Growth Option,INF204KB1JK5,,10.3664,10.3664,10.3664,2017-08-09
141037,Nippon India Fixed Horizon Fund XXXIII- Series 7- Growth Option,INF204KB1JI9,,10.3596,10.3596,10.3596,2017-08-09
141153,Nippon India Fixed Horizon Fund XXXIII- Series 8- Direct Plan-Dividend Payout Option,INF204KB1JT6,,10.3420,10.3420,10.3420,2017-08-09
141152,Nippon India Fixed Horizon Fund XXXIII- Series 8- Dividend Payout Option,INF204KB1JR0,,10.3359,10.3359,10.3359,2017-08-09
141151,Nippon India Fixed Horizon Fund XXXIII- Series 8- Growth Option,INF204KB1JQ2,,10.3359,10.3359,10.3359,2017-08-09
141154,Nippon India Fixed Horizon Fund XXXIII- Series 8-Direct Plan- Growth Option,INF204KB1JS8,,10.3420,10.3420,10.3420,2017-08-09
141180,Nippon India Fixed Horizon Fund XXXIII- Series 9- Direct Plan - Dividend Payout Option,INF204KB1KB2,,10.3305,10.3305,10.3305,2017-08-09
141179,Nippon India Fixed Horizon Fund XXXIII- Series 9- Direct Plan - Growth Option,INF204KB1KA4,,10.3305,10.3305,10.3305,2017-08-09
141178,Nippon India Fixed Horizon Fund XXXIII- Series 9- Dividend Payout Option,INF204KB1JZ3,,10.2987,10.2987,10.2987,2017-08-09
141177,Nippon India Fixed Horizon Fund XXXIII- Series 9- Growth Option,INF204KB1JY6,,10.2987,10.2987,10.2987,2017-08-09
141389,Nippon India Fixed Horizon Fund XXXIV- Series 1 - Direct Plan- Dividend Payout Option,INF204KB1NP6,,10.2504,10.2504,10.2504,2017-08-09
141388,Nippon India Fixed Horizon Fund XXXIV- Series 1 - Direct Plan- Growth Option,INF204KB1NO9,,10.2504,10.2504,10.2504,2017-08-09
141387,Nippon India Fixed Horizon Fund XXXIV- Series 1 - Dividend Payout Option,INF204KB1NN1,,10.2279,10.2279,10.2279,2017-08-09
141386,Nippon India Fixed Horizon Fund XXXIV- Series 1 - Growth Option,INF204KB1NM3,,10.2279,10.2279,10.2279,2017-08-09
141659,Nippon India Fixed Horizon Fund XXXIV- Series 10- Direct Plan-Dividend Payout Option,INF204KB1QK0,,10.0286,10.0286,10.0286,2017-08-09
141658,Nippon India Fixed Horizon Fund XXXIV- Series 10- Direct Plan-Growth Option,INF204KB1QJ2,,10.0286,10.0286,10.0286,2017-08-09
141657,Nippon India Fixed Horizon Fund XXXIV- Series 10- Dividend Payout Option,INF204KB1QI4,,10.0263,10.0263,10.0263,2017-08-09
141660,Nippon India Fixed Horizon Fund XXXIV- Series 10- Growth Option,INF204KB1QH6,,10.0263,10.0263,10.0263,2017-08-09
141393,Nippon India Fixed Horizon Fund XXXIV- Series 2 - Direct Plan- Dividend Payout Option,INF204KB1NT8,,10.2663,10.2663,10.2663,2017-08-09
141392,Nippon India Fixed Horizon Fund XXXIV- Series 2 - Direct Plan- Growth Option,INF204KB1NS0,,10.2663,10.2663,10.2663,2017-08-09
141391,Nippon India Fixed Horizon Fund XXXIV- Series 2 - Dividend Payout Option,INF204KB1NR2,,10.2454,10.2454,10.2454,2017-08-09
141390,Nippon India Fixed Horizon Fund XXXIV- Series 2 - Growth Option,INF204KB1NQ4,,10.2454,10.2454,10.2454,2017-08-09
141433,Nippon India Fixed Horizon Fund XXXIV- Series 3- Direct Plan-Dividend Payout Option,INF204KB1NV4,,10.2466,10.2466,10.2466,2017-08-09
141434,Nippon India Fixed Horizon Fund XXXIV- Series 3- Dividend Payout Option,INF204KB1NX0,,10.2257,10.2257,10.2257,2017-08-09
141435,Nippon India Fixed Horizon Fund XXXIV- Series 3- Growth Option,INF204KB1NW2,,10.2257,10.2257,10.2257,2017-08-09
141432,Nippon India Fixed Horizon Fund XXXIV- Series 3-Direct Plan- Growth Option,INF204KB1NU6,,10.2465,10.2465,10.2465,2017-08-09
141460,Nippon India Fixed Horizon Fund XXXIV- Series 4- Direct Plan-Dividend Payout Option,INF204KB1OB4,,10.2039,10.2039,10.2039,2017-08-09
141458,Nippon India Fixed Horizon Fund XXXIV- Series 4- Dividend Payout Option,INF204KB1NZ5,,10.1905,10.1905,10.1905,2017-08-09
141459,Nippon India Fixed Horizon Fund XXXIV- Series 4- Growth Option,INF204KB1NY8,,10.1905,10.1905,10.1905,2017-08-09
141461,Nippon India Fixed Horizon Fund XXXIV- Series 4-Direct Plan- Growth Option,INF204KB1OA6,,10.2039,10.2039,10.2039,2017-08-09
141518,Nippon India Fixed Horizon Fund XXXIV- Series 6- Direct Plan- Dividend Payout Option,INF204KB1PL0,,10.1201,10.1201,10.1201,2017-08-09
141521,Nippon India Fixed Horizon Fund XXXIV- Series 6- Direct Plan-Growth Option,INF204KB1PK2,,10.1201,10.1201,10.1201,2017-08-09
141519,Nippon India Fixed Horizon Fund XXXIV- Series 6- Dividend Payout Option,INF204KB1PJ4,,10.1070,10.1070,10.1070,2017-08-09
141520,Nippon India Fixed Horizon Fund XXXIV- Series 6- Growth Option,INF204KB1PI6,,10.1070,10.1070,10.1070,2017-08-09
141552,Nippon India Fixed Horizon Fund XXXIV- Series 7- Direct Plan- Dividend Payout Option,INF204KB1PP1,,10.1401,10.1401,10.1401,2017-08-09
141553,Nippon India Fixed Horizon Fund XXXIV- Series 7- Direct Plan-Growth Option,INF204KB1PO4,,10.1401,10.1401,10.1401,2017-08-09
141550,Nippon India Fixed Horizon Fund XXXIV- Series 7- Dividend Payout Option,INF204KB1PN6,,10.1372,10.1372,10.1372,2017-08-09
141551,Nippon India Fixed Horizon Fund XXXIV- Series 7- Growth Option,INF204KB1PM8,,10.1372,10.1372,10.1372,2017-08-09
141613,Nippon India Fixed Horizon Fund XXXIV- Series 8- Direct Plan- Dividend Payout Option,INF204KB1PT3,,10.0830,10.0830,10.0830,2017-08-09
141614,Nippon India Fixed Horizon Fund XXXIV- Series 8- Direct Plan-Growth Option,INF204KB1PS5,,10.0830,10.0830,10.0830,2017-08-09
141611,Nippon India Fixed Horizon Fund XXXIV- Series 8- Dividend Payout Option,INF204KB1PR7,,10.0790,10.0790,10.0790,2017-08-09
141612,Nippon India Fixed Horizon Fund XXXIV- Series 8- Growth Option,INF204KB1PQ9,,10.0790,10.0790,10.0790,2017-08-09
141619,Nippon India Fixed Horizon Fund XXXIV - Series 9 - Direct Plan - Dividend Payout Option,INF204KB1QG8,,10.0802,10.0802,10.0802,2017-08-09
141616,Nippon India Fixed Horizon Fund XXXIV - Series 9 - Direct Plan - Growth Option,INF204KB1QF0,,10.0802,10.0802,10.0802,2017-08-09
141617,Nippon India Fixed Horizon Fund XXXIV - Series 9 - Dividend Payout Option,INF204KB1QE3,,10.0782,10.0782,10.0782,2017-08-09
141618,Nippon India Fixed Horizon Fund XXXIV - Series 9 - Growth Option,INF204KB1QD5,,10.0782,10.0782,10.0782,2017-08-09
122510,Reliance Dual Advantage Fixed Tenure Fund III - Plan C - Direct Plan - Dividend Option,INF204K01N79,,14.8486,14.8486,14.8486,2017-08-09
122512,Reliance Dual Advantage Fixed Tenure Fund III - Plan C - Dividend Option,INF204K01N53,,14.2181,14.2181,14.2181,2017-08-09
122511,Reliance Dual Advantage Fixed Tenure Fund III - Plan C - Growth Option,INF204K01N46,,14.3288,14.3288,14.3288,2017-08-09
122509,Reliance Dual Advantage Fixed Tenure Fund III -Plan C- Direct Plan - Growth Option,INF204K01N61,,14.9606,14.9606,14.9606,2017-08-09
122913,Reliance Dual Advantage Fixed Tenure Fund IV - Plan A - Direct Plan -Growth Option,INF204KA1669,,15.1360,15.1360,15.1360,2017-08-09
122910,Reliance Dual Advantage Fixed Tenure Fund IV - Plan A - Growth Option,INF204KA1644,,14.4994,14.4994,14.4994,2017-08-09
136247,Reliance Dual Advantage Fixed Tenure Fund IX- Plan A- Direct Plan-Dividend Payout Option,INF204KA17W8,,11.9226,11.9226,11.9226,2017-08-09
136249,Reliance Dual Advantage Fixed Tenure Fund IX- Plan A- Direct Plan-Growth Option,INF204KA18W6,,11.9226,11.9226,11.9226,2017-08-09
136246,Reliance Dual Advantage Fixed Tenure Fund IX- Plan A- Dividend Payout Option,INF204KA19W4,,11.6999,11.6999,11.6999,2017-08-09
136248,Reliance Dual Advantage Fixed Tenure Fund IX- Plan A- Growth Option,INF204KA10X1,,11.6999,11.6999,11.6999,2017-08-09
136522,Reliance Dual Advantage Fixed Tenure Fund IX- Plan B- Direct Plan-Dividend Payout Option,INF204KA15Z5,,11.5921,11.5921,11.5921,2017-08-09
136521,Reliance Dual Advantage Fixed Tenure Fund IX- Plan B- Direct Plan-Growth Option,INF204KA16Z3,,11.5921,11.5921,11.5921,2017-08-09
136520,Reliance Dual Advantage Fixed Tenure Fund IX- Plan B- Dividend Payout Option,INF204KA17Z1,,11.4197,11.4197,11.4197,2017-08-09
136519,Reliance Dual Advantage Fixed Tenure Fund IX- Plan B- Growth Option,INF204KA18Z9,,11.4197,11.4197,11.4197,2017-08-09
139251,Reliance Dual Advantage Fixed Tenure Fund IX- Plan C- Direct Plan-Dividend Payout Option,INF204KB1304,,11.6168,11.6168,11.6168,2017-08-09
139249,Reliance Dual Advantage Fixed Tenure Fund IX- Plan C- Direct Plan-Growth Option,INF204KB1296,,11.6168,11.6168,11.6168,2017-08-09
139252,Reliance Dual Advantage Fixed Tenure Fund IX- Plan C- Dividend Payout Option,INF204KB1304,,11.4562,11.4562,11.4562,2017-08-09
139250,Reliance Dual Advantage Fixed Tenure Fund IX- Plan C- Growth Option,INF204KB1312,,11.4562,11.4562,11.4562,2017-08-09
130885,Reliance Dual Advantage Fixed Tenure Fund VI- Plan B- Direct Plan- DIvidend Payout Option,INF204KA1TA6,,11.8243,11.8243,11.8243,2017-08-09
130884,Reliance Dual Advantage Fixed Tenure Fund VI- Plan B- Direct Plan- Growth Option,INF204KA1SZ5,,11.8243,11.8243,11.8243,2017-08-09
130883,Reliance Dual Advantage Fixed Tenure Fund VI- Plan B- Dividend Payout Option,INF204KA1SY8,,11.5313,11.5313,11.5313,2017-08-09
130882,Reliance Dual Advantage Fixed Tenure Fund VI- Plan B- Growth Option,INF204KA1SX0,,11.5313,11.5313,11.5313,2017-08-09
131307,Reliance Dual Advantage Fixed Tenure Fund VI- Plan C- Direct Plan Dividend Payout Option,INF204KA1UI7,,11.8401,11.8401,11.8401,2017-08-09
131308,Reliance Dual Advantage Fixed Tenure Fund VI- Plan C- Direct Plan- Growth Option,INF204KA1UH9,,11.8401,11.8401,11.8401,2017-08-09
131306,Reliance Dual Advantage Fixed Tenure Fund VI- Plan C- Dividend Payout Option,INF204KA1UG1,,11.4693,11.4693,11.4693,2017-08-09
131305,Reliance Dual Advantage Fixed Tenure Fund VI- Plan C- Growth Option,INF204KA1UF3,,11.4693,11.4693,11.4693,2017-08-09
131342,Reliance Dual Advantage Fixed Tenure Fund VI Plan D- Growth Option,INF204KA1UO5,,11.9308,11.9308,11.9308,2017-08-09
131345,Reliance Dual Advantage Fixed Tenure Fund VI- Plan D- Direct Plan- Dividend Payout Option,INF204KA1UR8,,12.2816,12.2816,12.2816,2017-08-09
131343,Reliance Dual Advantage Fixed Tenure Fund VI- Plan D- Direct Plan- Growth Option,INF204KA1UQ0,,12.2816,12.2816,12.2816,2017-08-09
131344,Reliance Dual Advantage Fixed Tenure Fund VI- Plan D- Dividend Payout Option,INF204KA1UP2,,11.9308,11.9308,11.9308,2017-08-09
131462,Reliance Dual Advantage Fixed Tenure Fund VI- Plan E - Growth Option,INF204KA1VS4,,11.2799,11.2799,11.2799,2017-08-09
131464,Reliance Dual Advantage Fixed Tenure Fund VI- Plan E- Direct Plan- Growth Option,INF204KA1VU0,,11.6360,11.6360,11.6360,2017-08-09
131463,Reliance Dual Advantage Fixed Tenure Fund VI- Plan E- Dividend Payout Option,INF204KA1VT2,,11.2799,11.2799,11.2799,2017-08-09
132764,Reliance Dual Advantage Fixed Tenure Fund VI- Plan F- Direct Plan - Dividend Payout Option,INF204KA1WN3,,11.9892,11.9892,11.9892,2017-08-09
132763,Reliance Dual Advantage Fixed Tenure Fund VI- Plan F- Direct Plan - Growth Option,INF204KA1WM5,,11.9892,11.9892,11.9892,2017-08-09
132765,Reliance Dual Advantage Fixed Tenure Fund VI- Plan F- Dividend Payout Option,INF204KA1WL7,,11.6265,11.6265,11.6265,2017-08-09
132762,Reliance Dual Advantage Fixed Tenure Fund VI- Plan F- Growth Option,INF204KA1WK9,,11.6265,11.6265,11.6265,2017-08-09
133304,Reliance Dual Advantage Fixed Tenure Fund VII - Plan B - Direct Plan - Dividend Payout Option,INF204KA1ZC9,,11.6567,11.6567,11.6567,2017-08-09
133305,Reliance Dual Advantage Fixed Tenure Fund VII - Plan B - Direct Plan - Growth Option,INF204KA1ZD7,,11.6567,11.6567,11.6567,2017-08-09
133306,Reliance Dual Advantage Fixed Tenure Fund VII - Plan B - Dividend Payout Option,INF204KA1ZE5,,11.3215,11.3215,11.3215,2017-08-09
133303,Reliance Dual Advantage Fixed Tenure Fund VII - Plan B - Growth Option,INF204KA1ZF2,,11.3215,11.3215,11.3215,2017-08-09
133047,Reliance Dual Advantage Fixed Tenure Fund VII- Plan A- Direct Plan-Dividend Payout Option,INF204KA1XU6,,11.5944,11.5944,11.5944,2017-08-09
133046,Reliance Dual Advantage Fixed Tenure Fund VII- Plan A- Direct Plan-Growth Option,INF204KA1XV4,,11.5944,11.5944,11.5944,2017-08-09
133048,Reliance Dual Advantage Fixed Tenure Fund VII- Plan A- Dividend Payout Option,INF204KA1XW2,,11.2515,11.2515,11.2515,2017-08-09
133045,Reliance Dual Advantage Fixed Tenure Fund VII- Plan A- Growth Option,INF204KA1XX0,,11.2515,11.2515,11.2515,2017-08-09
133533,Reliance Dual Advantage Fixed Tenure Fund VII- Plan C- Direct Plan-Dividend Payout Option,INF204KA1B23,,11.1955,11.1955,11.1955,2017-08-09
133532,Reliance Dual Advantage Fixed Tenure Fund VII- Plan C- Direct Plan-Growth Option,INF204KA1B31,,11.1955,11.1955,11.1955,2017-08-09
133530,Reliance Dual Advantage Fixed Tenure Fund VII- Plan C- Dividend Payout Option,INF204KA1B49,,10.8816,10.8816,10.8816,2017-08-09
133531,Reliance Dual Advantage Fixed Tenure Fund VII- Plan C- Growth Option,INF204KA1B56,,10.8816,10.8816,10.8816,2017-08-09
133986,Reliance Dual Advantage Fixed Tenure Fund VII- Plan D- Direct Plan- Growth Option,INF204KA1G44,,11.3460,11.3460,11.3460,2017-08-09
133987,Reliance Dual Advantage Fixed Tenure Fund VII- Plan D- Direct Plan-Dividend Payout Option,INF204KA1G36,,11.3460,11.3460,11.3460,2017-08-09
133985,Reliance Dual Advantage Fixed Tenure Fund VII- Plan D- Dividend Payout Option,INF204KA1G51,,11.0797,11.0797,11.0797,2017-08-09
133984,Reliance Dual Advantage Fixed Tenure Fund VII- Plan D- Growth Option,INF204KA1G69,,11.0797,11.0797,11.0797,2017-08-09
134412,Reliance Dual Advantage Fixed Tenure Fund VII- Plan E- Direct Plan-Dividend Payout Option,INF204KA1L70,,11.1614,11.1614,11.1614,2017-08-09
134410,Reliance Dual Advantage Fixed Tenure Fund VII- Plan E- Direct Plan-Growth Option,INF204KA1L88,,11.1614,11.1614,11.1614,2017-08-09
134411,Reliance Dual Advantage Fixed Tenure Fund VII- Plan E- Dividend Payout Option,INF204KA1L96,,11.0201,11.0201,11.0201,2017-08-09
134409,Reliance Dual Advantage Fixed Tenure Fund VII- Plan E- Growth Option,INF204KA1M04,,11.0201,11.0201,11.0201,2017-08-09
135086,Reliance Dual Advantage Fixed Tenure Fund VIII- Plan A- Direct Plan- Growth Option,INF204KA11J8,,11.6645,11.6645,11.6645,2017-08-09
135084,Reliance Dual Advantage Fixed Tenure Fund VIII- Plan A- Direct Plan-Dividend Payout Option,INF204KA10J0,,11.6645,11.6645,11.6645,2017-08-09
135085,Reliance Dual Advantage Fixed Tenure Fund VIII- Plan A- Dividend Payout Option,INF204KA12J6,,11.3768,11.3768,11.3768,2017-08-09
135087,Reliance Dual Advantage Fixed Tenure Fund VIII- Plan A- Growth Option,INF204KA13J4,,11.3768,11.3768,11.3768,2017-08-09
135231,Reliance Dual Advantage Fixed Tenure Fund VIII- Plan B-Direct Plan-Dividend Payout Option,INF204KA18K1,,11.7109,11.7109,11.7109,2017-08-09
135230,Reliance Dual Advantage Fixed Tenure Fund VIII- Plan B-Direct Plan-Growth Option,INF204KA19K9,,11.7109,11.7109,11.7109,2017-08-09
135229,Reliance Dual Advantage Fixed Tenure Fund VIII- Plan B-Dividend Payout Option,INF204KA10L6,,11.4309,11.4309,11.4309,2017-08-09
135228,Reliance Dual Advantage Fixed Tenure Fund VIII- Plan B-Growth Option,INF204KA11L4,,11.4309,11.4309,11.4309,2017-08-09
135435,Reliance Dual Advantage Fixed Tenure Fund VIII- Plan C- Direct Plan-Dividend Payout Option,INF204KA11O8,,11.5070,11.5070,11.5070,2017-08-09
135434,Reliance Dual Advantage Fixed Tenure Fund VIII- Plan C- Direct Plan-Growth Option,INF204KA12O6,,11.5070,11.5070,11.5070,2017-08-09
135433,Reliance Dual Advantage Fixed Tenure Fund VIII- Plan C- Dividend Payout Option,INF204KA13O4,,11.2795,11.2795,11.2795,2017-08-09
135432,Reliance Dual Advantage Fixed Tenure Fund VIII- Plan C- Growth Option,INF204KA14O2,,11.2795,11.2795,11.2795,2017-08-09
117813,Reliance Fixed Horizon Fund - XXII - Series 24 - Dividend Payout Option,INF204K01VO5,-,12.8206,12.8206,12.8206,2017-08-09
117814,Reliance Fixed Horizon Fund - XXII - Series 24 - Growth Option,INF204K01VN7,-,14.9995,14.9995,14.9995,2017-08-09
117976,Reliance Fixed Horizon Fund XXII - Sereis 30 - Dividend Payout Option,INF204K01WA2,-,14.6603,14.6603,14.6603,2017-08-09
117975,Reliance Fixed Horizon Fund XXII - Series 30 - Growth Option,INF204K01VZ1,-,14.6603,14.6603,14.6603,2017-08-09
123459,Reliance Fixed Horizon Fund - XXIV - Series 11 - Direct Plan - Growth Option,INF204KA1TP4,,14.1300,14.1300,14.1300,2017-08-09
123458,Reliance Fixed Horizon Fund - XXIV - Series 11 - Growth Option,INF204KA1TN9,,14.0564,14.0564,14.0564,2017-08-09
123742,Reliance Fixed Horizon Fund - XXIV - Series 15-Direct Plan -Growth Option,INF204KA1UL1,,14.1618,14.1618,14.1618,2017-08-09
123740,Reliance Fixed Horizon Fund - XXIV - Series 15-Growth Option,INF204KA1UJ5,,14.0475,14.0475,14.0475,2017-08-09
122903,Reliance Fixed Horizon Fund - XXIV - Series 2 - Direct Plan - Dividend Payout Option,INF204K010X2,,10.9058,10.9058,10.9058,2017-08-09
122902,Reliance Fixed Horizon Fund - XXIV - Series 2 - Direct Plan - Growth Option,INF204K019W5,,14.4160,14.4160,14.4160,2017-08-09
122900,Reliance Fixed Horizon Fund - XXIV - Series 2 - Growth Option,INF204K017W9,,14.2247,14.2247,14.2247,2017-08-09
125153,Reliance Fixed Horizon Fund - XXIV - Series 24 - Direct Plan - Dividend Payout Option,INF204KA1594,,14.3048,14.3048,14.3048,2017-08-09
125152,Reliance Fixed Horizon Fund - XXIV - Series 24 - Direct Plan - Growth Option,INF204KA1586,,14.3048,14.3048,14.3048,2017-08-09
125151,Reliance Fixed Horizon Fund - XXIV - Series 24 - Dividend Payout Option,INF204KA1578,,14.0588,14.0588,14.0588,2017-08-09
125150,Reliance Fixed Horizon Fund - XXIV - Series 24 - Growth Option,INF204KA1560,,14.0588,14.0588,14.0588,2017-08-09
125195,Reliance Fixed Horizon Fund - XXIV - Series 25 - Direct Plan - Dividend Payout Option,INF204KA1636,,10.5250,10.5250,10.5250,2017-08-09
125194,Reliance Fixed Horizon Fund - XXIV - Series 25 - Dividend Payout Option,INF204KA1610,,10.5058,10.5058,10.5058,2017-08-09
125193,Reliance Fixed Horizon Fund - XXIV - Series 25 - Growth Option,INF204KA1602,,13.4400,13.4400,13.4400,2017-08-09
125192,Reliance Fixed Horizon Fund - XXIV - Series 25- Direct Plan - Growth Option,INF204KA1628,,13.5246,13.5246,13.5246,2017-08-09
123051,Reliance Fixed Horizon Fund - XXIV - Series 3-Direct Plan - Growth Option,INF204KA1SF7,,13.9180,13.9180,13.9180,2017-08-09
123052,Reliance Fixed Horizon Fund - XXIV - Series 3-Growth Option,INF204KA1SD2,,13.8668,13.8668,13.8668,2017-08-09
123072,Reliance Fixed Horizon Fund - XXIV - Series 4-Direct Plan - Growth Option,INF204KA1TD0,,14.1726,14.1726,14.1726,2017-08-09
123070,Reliance Fixed Horizon Fund - XXIV - Series 4-Growth Option,INF204KA1TB4,,14.0812,14.0812,14.0812,2017-08-09
126975,Reliance Fixed Horizon Fund - XXV - Series 20 - Direct Plan - Dividend Payout Option,INF204KA1HQ7,,11.2979,11.2979,11.2979,2017-08-09
126977,Reliance Fixed Horizon Fund - XXV - Series 20 - Direct Plan - Growth Option,INF204KA1HP9,,14.1724,14.1724,14.1724,2017-08-09
126978,Reliance Fixed Horizon Fund - XXV - Series 20 - Dividend Payout Option,INF204KA1HS3,,11.2571,11.2571,11.2571,2017-08-09
126976,Reliance Fixed Horizon Fund - XXV - Series 20 - Growth Option,INF204KA1HR5,,13.9653,13.9653,13.9653,2017-08-09
127538,Reliance Fixed Horizon Fund - XXV - Series 26 - Direct Plan - Growth Option,INF204KA1JB5,,13.3144,13.3144,13.3144,2017-08-09
127537,Reliance Fixed Horizon Fund - XXV - Series 26 - Growth Option,INF204KA1IZ6,,13.2603,13.2603,13.2603,2017-08-09
127541,Reliance Fixed Horizon Fund - XXV - Series 27 - Direct Plan - Growth Option,INF204KA1JF6,,13.5377,13.5377,13.5377,2017-08-09
127540,Reliance Fixed Horizon Fund - XXV - Series 27 - Growth Option,INF204KA1JD1,,13.4047,13.4047,13.4047,2017-08-09
127547,Reliance Fixed Horizon Fund - XXV - Series 28 - Direct Plan - Growth Option,INF204KA1JJ8,,13.5266,13.5266,13.5266,2017-08-09
127544,Reliance Fixed Horizon Fund - XXV - Series 28 - Dividend Payout Option,INF204KA1JI0,,12.1645,12.1645,12.1645,2017-08-09
127546,Reliance Fixed Horizon Fund - XXV - Series 28 - Growth Option,INF204KA1JH2,,13.4579,13.4579,13.4579,2017-08-09
127734,Reliance Fixed Horizon Fund - XXV - Series 30 - Direct Plan - Dividend Payout Option,INF204KA1JS9,,12.1936,12.1936,12.1936,2017-08-09
127735,Reliance Fixed Horizon Fund - XXV - Series 30 - Direct Plan - Growth Option,INF204KA1JR1,,13.4675,13.4675,13.4675,2017-08-09
127733,Reliance Fixed Horizon Fund - XXV - Series 30 - Dividend Payout Option,INF204KA1JQ3,,12.1389,12.1389,12.1389,2017-08-09
127732,Reliance Fixed Horizon Fund - XXV - Series 30 - Growth Option,INF204KA1JP5,,13.3190,13.3190,13.3190,2017-08-09
128320,Reliance Fixed Horizon Fund - XXV - Series 35- Direct Plan - Dividend Payout Option,INF204KA1LC9,,13.9457,13.9457,13.9457,2017-08-09
128318,Reliance Fixed Horizon Fund - XXV - Series 35- Direct Plan - Growth Option,INF204KA1LB1,,13.9457,13.9457,13.9457,2017-08-09
128317,Reliance Fixed Horizon Fund - XXV - Series 35- Dividend Payout Option,INF204KA1LA3,,13.7336,13.7336,13.7336,2017-08-09
128319,Reliance Fixed Horizon Fund - XXV - Series 35- Growth Option,INF204KA1KZ2,,13.7336,13.7336,13.7336,2017-08-09
127913,Reliance Fixed Horizon Fund - XXVI - Series 1 - Direct Plan - Dividend Payout Option,INF204KA1KA5,,11.1399,11.1399,11.1399,2017-08-09
127911,Reliance Fixed Horizon Fund - XXVI - Series 1 - Direct Plan - Growth Option,INF204KA1JZ4,,13.8704,13.8704,13.8704,2017-08-09
127912,Reliance Fixed Horizon Fund - XXVI - Series 1 - Dividend Payout Option,INF204KA1JY7,,11.1037,11.1037,11.1037,2017-08-09
127910,Reliance Fixed Horizon Fund - XXVI - Series 1 - Growth Option,INF204KA1JX9,,13.7013,13.7013,13.7013,2017-08-09
129114,Reliance Fixed Horizon Fund - XXVI - Series 14- Direct Plan - Growth Option,INF204KA1NL6,,13.7183,13.7183,13.7183,2017-08-09
129116,Reliance Fixed Horizon Fund - XXVI - Series 14- Dividend payout Option,INF204KA1NK8,,11.0770,11.0770,11.0770,2017-08-09
129113,Reliance Fixed Horizon Fund - XXVI - Series 14- Growth Option,INF204KA1NJ0,,13.5117,13.5117,13.5117,2017-08-09
128082,Reliance Fixed Horizon Fund - XXVI - Series 2 - Direct Plan - Growth Option,INF204KA1KX7,,13.2407,13.2407,13.2407,2017-08-09
128081,Reliance Fixed Horizon Fund - XXVI - Series 2 - Growth Option,INF204KA1KV1,,13.1951,13.1951,13.1951,2017-08-09
130196,Reliance Fixed Horizon Fund - XXVI - Series 30 - Direct Plan - Dividend Payout Option,INF204KA1QS4,,10.9952,10.9952,10.9952,2017-08-09
130194,Reliance Fixed Horizon Fund - XXVI - Series 30 - Direct Plan - Growth Option,INF204KA1QR6,,13.2709,13.2709,13.2709,2017-08-09
130195,Reliance Fixed Horizon Fund - XXVI - Series 30 - Dividend Payout Option,INF204KA1QQ8,,10.9952,10.9952,10.9952,2017-08-09
130193,Reliance Fixed Horizon Fund - XXVI - Series 30 - Growth Option,INF204KA1QP0,,13.1600,13.1600,13.1600,2017-08-09
131168,Reliance Fixed Horizon Fund - XXVII - Series 5 - Direct Plan - Growth Option,INF204KA1TV2,,12.9374,12.9374,12.9374,2017-08-09
131169,Reliance Fixed Horizon Fund - XXVII - Series 5 - Dividend Payout Option,INF204KA1TU4,,12.7636,12.7636,12.7636,2017-08-09
131167,Reliance Fixed Horizon Fund - XXVII - Series 5 - Growth Option,INF204KA1TT6,,12.7636,12.7636,12.7636,2017-08-09
118025,Reliance Fixed Horizon Fund XXII - Series 32 - Dividend Payout Option,INF204K01WE4,-,12.5874,12.5874,12.5874,2017-08-09
118024,Reliance Fixed Horizon Fund XXII - Series 32 - Growth Option,INF204K01WD6,-,14.5282,14.5282,14.5282,2017-08-09
135160,Reliance Fixed Horizon Fund XXIX - Series 2 - Direct Plan - Dividend Payout Option,INF204KA11K6,,11.8519,11.8519,11.8519,2017-08-09
135158,Reliance Fixed Horizon Fund XXIX - Series 2 - Direct Plan - Growth Option,INF204KA10K8,,11.8519,11.8519,11.8519,2017-08-09
135159,Reliance Fixed Horizon Fund XXIX - Series 2 - Regular Plan - Dividend Payout Option,INF204KA19J1,,11.7466,11.7466,11.7466,2017-08-09
135157,Reliance Fixed Horizon Fund XXIX - Series 2 - Regular Plan - Growth Option,INF204KA18J3,,11.7466,11.7466,11.7466,2017-08-09
135095,Reliance Fixed Horizon Fund XXIX - Series 1- Direct Plan-Dividend Payout Option,INF204KA17J5,,11.8994,11.8994,11.8994,2017-08-09
135094,Reliance Fixed Horizon Fund XXIX - Series 1- Direct Plan-Growth Option,INF204KA16J7,,11.8994,11.8994,11.8994,2017-08-09
135093,Reliance Fixed Horizon Fund XXIX - Series 1- Dividend Payout Option,INF204KA15J9,,11.7832,11.7832,11.7832,2017-08-09
135092,Reliance Fixed Horizon Fund XXIX - Series 1- Growth Option,INF204KA14J2,,11.7832,11.7832,11.7832,2017-08-09
135482,Reliance Fixed Horizon Fund XXIX- Series 10- Direct Plan-Growth Option,INF204KA13P1,,11.6319,11.6319,11.6319,2017-08-09
135483,Reliance Fixed Horizon Fund XXIX- Series 10- Dividend Payout Option,INF204KA14P9,,11.6133,11.6133,11.6133,2017-08-09
135481,Reliance Fixed Horizon Fund XXIX- Series 10- Growth Option,INF204KA11P5,,11.6133,11.6133,11.6133,2017-08-09
135561,Reliance Fixed Horizon Fund XXIX- Series 13- Direct Plan-Dividend Payout Option,INF204KA16Q2,,11.8758,11.8758,11.8758,2017-08-09
135559,Reliance Fixed Horizon Fund XXIX- Series 13- Direct Plan-Growth Option,INF204KA15Q4,,11.8758,11.8758,11.8758,2017-08-09
135562,Reliance Fixed Horizon Fund XXIX- Series 13- Dividend Payout Option,INF204KA14Q7,,11.7168,11.7168,11.7168,2017-08-09
135560,Reliance Fixed Horizon Fund XXIX- Series 13- Growth Option,INF204KA13Q9,,11.7168,11.7168,11.7168,2017-08-09
135636,Reliance Fixed Horizon Fund XXIX- Series 14- Direct Plan-Dividend Payout Option,INF204KA10R3,,11.6324,11.6324,11.6324,2017-08-09
135635,Reliance Fixed Horizon Fund XXIX- Series 14- Growth Option,INF204KA17Q0,,11.5958,11.5958,11.5958,2017-08-09
135637,Reliance Fixed Horizon Fund XXIX- Series 14-Direct Plan-Growth Option,INF204KA19Q6,,11.6324,11.6324,11.6324,2017-08-09
135634,Reliance Fixed Horizon Fund XXIX- Series 14-Dividend Payout Option,INF204KA18Q8,,11.5958,11.5958,11.5958,2017-08-09
135768,Reliance Fixed Horizon Fund XXIX- Series 16- Direct Plan-Dividend Payout Option,INF204KA12S7,,11.6160,11.6160,11.6160,2017-08-09
135767,Reliance Fixed Horizon Fund XXIX- Series 16- Direct Plan-Growth Option,INF204KA11S9,,11.6160,11.6160,11.6160,2017-08-09
135770,Reliance Fixed Horizon Fund XXIX- Series 16- Growth Option,INF204KA19R4,,11.4842,11.4842,11.4842,2017-08-09
135867,Reliance Fixed Horizon Fund XXIX- Series 18- Direct Plan-Dividend Payout Option,INF204KA10T9,,11.7887,11.7887,11.7887,2017-08-09
135866,Reliance Fixed Horizon Fund XXIX- Series 18- Direct Plan-Growth Option,INF204KA19S2,,11.7887,11.7887,11.7887,2017-08-09
135865,Reliance Fixed Horizon Fund XXIX- Series 18- Dividend Payout Option,INF204KA18S4,,11.7418,11.7418,11.7418,2017-08-09
135864,Reliance Fixed Horizon Fund XXIX- Series 18- Growth Option,INF204KA17S6,,11.7418,11.7418,11.7418,2017-08-09
135886,Reliance Fixed Horizon Fund XXIX- Series 19- Direct Plan-Dividend Payout Option,INF204KA14T1,,11.5758,11.5758,11.5758,2017-08-09
135885,Reliance Fixed Horizon Fund XXIX- Series 19- Direct Plan-Growth Option,INF204KA13T3,,11.5758,11.5758,11.5758,2017-08-09
135887,Reliance Fixed Horizon Fund XXIX- Series 19- Dividend Payout Option,INF204KA12T5,,11.5569,11.5569,11.5569,2017-08-09
135884,Reliance Fixed Horizon Fund XXIX- Series 19- Growth Option,INF204KA11T7,,11.5569,11.5569,11.5569,2017-08-09
135941,Reliance Fixed Horizon Fund XXIX- Series 20- Direct Plan-Growth Option,INF204KA17T4,,11.5345,11.5345,11.5345,2017-08-09
135939,Reliance Fixed Horizon Fund XXIX- Series 20- Dividend Payout Option,INF204KA16T6,,11.4779,11.4779,11.4779,2017-08-09
135938,Reliance Fixed Horizon Fund XXIX- Series 20- Growth Option,INF204KA15T8,,11.4779,11.4779,11.4779,2017-08-09
135214,Reliance Fixed Horizon Fund XXIX- Series 3- Direct Plan-Dividend Payout Option,INF204KA15K7,,12.1506,12.1506,12.1506,2017-08-09
135215,Reliance Fixed Horizon Fund XXIX- Series 3- Direct Plan-Growth Option,INF204KA14K0,,12.1506,12.1506,12.1506,2017-08-09
135213,Reliance Fixed Horizon Fund XXIX- Series 3- Dividend Payout Option,INF204KA13K2,,11.9804,11.9804,11.9804,2017-08-09
135212,Reliance Fixed Horizon Fund XXIX- Series 3- Growth Option,INF204KA12K4,,11.9804,11.9804,11.9804,2017-08-09
135334,Reliance Fixed Horizon Fund XXIX- Series 6- Direct Plan - Growth Option,INF204KA16M1,,11.8081,11.8081,11.8081,2017-08-09
135333,Reliance Fixed Horizon Fund XXIX- Series 6- Dividend Payout Option,INF204KA15M3,,11.7856,11.7856,11.7856,2017-08-09
135332,Reliance Fixed Horizon Fund XXIX- Series 6- Growth Option,INF204KA14M6,,11.7856,11.7856,11.7856,2017-08-09
135393,Reliance Fixed Horizon Fund XXIX- Series 7- Direct Plan- Growth Option,INF204KA14N4,,12.0298,12.0298,12.0298,2017-08-09
135395,Reliance Fixed Horizon Fund XXIX- Series 7- Dividend Payout Option,INF204KA15N1,,11.8490,11.8490,11.8490,2017-08-09
135392,Reliance Fixed Horizon Fund XXIX- Series 7- Growth Option,INF204KA16N9,,11.8490,11.8490,11.8490,2017-08-09
135415,Reliance Fixed Horizon Fund XXIX- Series 8- Direct Plan-Growth Option,INF204KA18N5,,11.7730,11.7730,11.7730,2017-08-09
135414,Reliance Fixed Horizon Fund XXIX- Series 8- Dividend Payout Option,INF204KA19N3,,11.7510,11.7510,11.7510,2017-08-09
135417,Reliance Fixed Horizon Fund XXIX- Series 8- Growth Option,INF204KA10O0,,11.7510,11.7510,11.7510,2017-08-09
135441,Reliance Fixed Horizon Fund XXIX- Series 9- Direct Plan-Growth Option,INF204KA18O3,,11.6787,11.6787,11.6787,2017-08-09
135440,Reliance Fixed Horizon Fund XXIX- Series 9- Dividend Payout Option,INF204KA19O1,,11.6572,11.6572,11.6572,2017-08-09
135442,Reliance Fixed Horizon Fund XXIX- Series 9- Growth Option,INF204KA10P7,,11.6572,11.6572,11.6572,2017-08-09
132861,Reliance Fixed Horizon Fund XXVII- Series 11- Direct Plan-Dividend Payout Option,INF204KA1WZ7,,12.5685,12.5685,12.5685,2017-08-09
132860,Reliance Fixed Horizon Fund XXVII- Series 11- Direct Plan-Growth Option,INF204KA1WY0,,12.5685,12.5685,12.5685,2017-08-09
132859,Reliance Fixed Horizon Fund XXVII- Series 11- Growth Option,INF204KA1WW4,,12.5372,12.5372,12.5372,2017-08-09
133202,Reliance Fixed Horizon Fund XXVII- Series 15- Direct Plan- Dividend Payout Option,INF204KA1YT6,,12.6221,12.6221,12.6221,2017-08-09
133200,Reliance Fixed Horizon Fund XXVII- Series 15- Direct Plan- Growth Option,INF204KA1YS8,,12.6221,12.6221,12.6221,2017-08-09
133201,Reliance Fixed Horizon Fund XXVII- Series 15- Dividend Payout Option,INF204KA1YR0,,12.4679,12.4679,12.4679,2017-08-09
133199,Reliance Fixed Horizon Fund XXVII- Series 15- Growth Option,INF204KA1YQ2,,12.4679,12.4679,12.4679,2017-08-09
130877,Reliance Fixed Horizon Fund XXVII- Series 3- Direct Plan- Dividend Payout Option,INF204KA1SS0,,13.2061,13.2061,13.2061,2017-08-09
130875,Reliance Fixed Horizon Fund XXVII- Series 3- Direct Plan- Growth Option,INF204KA1SR2,,13.2061,13.2061,13.2061,2017-08-09
130876,Reliance Fixed Horizon Fund XXVII- Series 3- Dividend Payout option,INF204KA1SQ4,,13.0273,13.0273,13.0273,2017-08-09
130874,Reliance Fixed Horizon Fund XXVII- Series 3- Growth Option,INF204KA1SP6,,13.0273,13.0273,13.0273,2017-08-09
131078,Reliance Fixed Horizon Fund XXVII- Series 4- Direct Plan- Growth Option,INF204KA1TH1,,12.9341,12.9341,12.9341,2017-08-09
131077,Reliance Fixed Horizon Fund XXVII- Series 4- Dividend Payout Option,INF204KA1TG3,,12.8953,12.8953,12.8953,2017-08-09
131076,Reliance Fixed Horizon Fund XXVII- Series 4- Growth Option,INF204KA1TF5,,12.8953,12.8953,12.8953,2017-08-09
131216,Reliance Fixed Horizon Fund XXVII- Series 6- Direct Plan- Growth Option,INF204KA1TZ3,,12.8897,12.8897,12.8897,2017-08-09
131218,Reliance Fixed Horizon Fund XXVII- Series 6- Growth Option,INF204KA1TX8,,12.8577,12.8577,12.8577,2017-08-09
131348,Reliance Fixed Horizon Fund XXVII- Series 7- Direct Plan- Growth Option,INF204KA1UU2,,12.8581,12.8581,12.8581,2017-08-09
131347,Reliance Fixed Horizon Fund XXVII- Series 7- Dividend Payout Option,INF204KA1UT4,,12.8212,12.8212,12.8212,2017-08-09
131346,Reliance Fixed Horizon Fund XXVII- Series 7- Growth Option,INF204KA1US6,,12.8212,12.8212,12.8212,2017-08-09
131538,Reliance Fixed Horizon Fund XXVII- Series 8- Direct Plan- Dividend Payout Option,INF204KA1UV0,,12.7529,12.7529,12.7529,2017-08-09
131537,Reliance Fixed Horizon Fund XXVII- Series 8- Direct Plan- Growth Option,INF204KA1UU2,,12.7529,12.7529,12.7529,2017-08-09
131539,Reliance Fixed Horizon Fund XXVII- Series 8- Growth Option,INF204KA1US6,,12.7202,12.7202,12.7202,2017-08-09
131592,Reliance Fixed Horizon Fund XXVII- Series 9- Direct Plan-Dividend Payout Option,INF204KA1WJ1,,12.6828,12.6828,12.6828,2017-08-09
131593,Reliance Fixed Horizon Fund XXVII- Series 9- Direct Plan-Growth option,INF204KA1WI3,,12.6828,12.6828,12.6828,2017-08-09
131591,Reliance Fixed Horizon Fund XXVII- Series 9- Dividend Payout Option,INF204KA1WH5,,12.4884,12.4884,12.4884,2017-08-09
131590,Reliance Fixed Horizon Fund XXVII- Series 9- Growth option,INF204KA1WG7,,12.4884,12.4884,12.4884,2017-08-09
134022,Reliance Fixed Horizon Fund XXVIII- Series 10- Direct Plan- Growth Option,INF204KA1H35,,12.3123,12.3123,12.3123,2017-08-09
134025,Reliance Fixed Horizon Fund XXVIII- Series 10- Dividend Payout Option,INF204KA1H27,,12.2857,12.2857,12.2857,2017-08-09
134024,Reliance Fixed Horizon Fund XXVIII- Series 10- Growth Option,INF204KA1H19,,12.2857,12.2857,12.2857,2017-08-09
134180,Reliance Fixed Horizon Fund XXVIII- Series 14- Direct Plan-Dividend Payout Option,INF204KA1J66,,12.5713,12.5713,12.5713,2017-08-09
134181,Reliance Fixed Horizon Fund XXVIII- Series 14- Direct Plan-Growth Option,INF204KA1J58,,12.5713,12.5713,12.5713,2017-08-09
134182,Reliance Fixed Horizon Fund XXVIII- Series 14- Dividend Payout Option,INF204KA1J41,,12.4383,12.4383,12.4383,2017-08-09
134183,Reliance Fixed Horizon Fund XXVIII- Series 14- Growth Option,INF204KA1J33,,12.4383,12.4383,12.4383,2017-08-09
134590,Reliance Fixed Horizon Fund XXVIII- Series 18- Direct Plan-Dividend Payout Option,INF204KA1V86,,12.4221,12.4221,12.4221,2017-08-09
134589,Reliance Fixed Horizon Fund XXVIII- Series 18- Direct Plan-Growth Option,INF204KA1V78,,12.4221,12.4221,12.4221,2017-08-09
134591,Reliance Fixed Horizon Fund XXVIII- Series 18- Dividend Payout Option,INF204KA1V60,,12.2568,12.2568,12.2568,2017-08-09
134592,Reliance Fixed Horizon Fund XXVIII- Series 18- Growth Option,INF204KA1V52,,12.2568,12.2568,12.2568,2017-08-09
134637,Reliance Fixed Horizon Fund XXVIII- Series 19- Direct Plan-Growth Option,INF204KA13A3,,12.0976,12.0976,12.0976,2017-08-09
134636,Reliance Fixed Horizon Fund XXVIII- Series 19- Dividend Payout Option,INF204KA12A5,,12.0853,12.0853,12.0853,2017-08-09
134635,Reliance Fixed Horizon Fund XXVIII- Series 19- Growth Option,INF204KA11A7,,12.0853,12.0853,12.0853,2017-08-09
133328,Reliance Fixed Horizon Fund XXVIII- Series 2- Direct Plan-Dividend Payout Option,INF204KA1ZR7,,12.4879,12.4879,12.4879,2017-08-09
133327,Reliance Fixed Horizon Fund XXVIII- Series 2- Direct Plan-Growth Option,INF204KA1ZQ9,,12.4879,12.4879,12.4879,2017-08-09
133329,Reliance Fixed Horizon Fund XXVIII- Series 2- Dividend Payout Option,INF204KA1ZP1,,12.3854,12.3854,12.3854,2017-08-09
133326,Reliance Fixed Horizon Fund XXVIII- Series 2- Growth Option,INF204KA1ZO4,,12.3854,12.3854,12.3854,2017-08-09
133471,Reliance Fixed Horizon Fund XXVIII- Series 4- Direct Plan-Dividend Payout Option,INF204KA1B15,,12.3538,12.3538,12.3538,2017-08-09
133473,Reliance Fixed Horizon Fund XXVIII- Series 4- Dividend Payout Option,INF204KA1A99,,12.2536,12.2536,12.2536,2017-08-09
133470,Reliance Fixed Horizon Fund XXVIII- Series 4- Growth Option,INF204KA1A81,,12.2536,12.2536,12.2536,2017-08-09
133472,Reliance Fixed Horizon Fund XXVIII- Series 4-Direct Plan- Growth Option,INF204KA1B07,,12.3538,12.3538,12.3538,2017-08-09
133842,Reliance Fixed Horizon Fund XXVIII- Series 7- Direct Plan-Growth Option,INF204KA1E95,,12.3290,12.3290,12.3290,2017-08-09
133841,Reliance Fixed Horizon Fund XXVIII- Series 7- Dividend Payout Option,INF204KA1E87,,12.2837,12.2837,12.2837,2017-08-09
133840,Reliance Fixed Horizon Fund XXVIII- Series 7- Growth Option,INF204KA1E79,,12.2837,12.2837,12.2837,2017-08-09
136003,Reliance Fixed Horizon Fund XXX- Series 1 - Dividend Payout Option,INF204KA10U7,,11.4838,11.4838,11.4838,2017-08-09
136002,Reliance Fixed Horizon Fund XXX- Series 1 -Direct Plan- Dividend Payout Option,INF204KA12U3,,11.5238,11.5238,11.5238,2017-08-09
136000,Reliance Fixed Horizon Fund XXX- Series 1 -Direct Plan- Growth Option,INF204KA11U5,,11.5238,11.5238,11.5238,2017-08-09
136001,Reliance Fixed Horizon Fund XXX- Series 1 -Growth Option,INF204KA19T0,,11.4838,11.4838,11.4838,2017-08-09
136512,Reliance Fixed Horizon Fund XXX- Series 13 -Direct Plan- Dividend Payout Option,INF204KB1114,,11.3765,11.3765,11.3765,2017-08-09
136510,Reliance Fixed Horizon Fund XXX- Series 13 -Direct Plan- Growth Option,INF204KB1106,,11.3765,11.3765,11.3765,2017-08-09
136509,Reliance Fixed Horizon Fund XXX- Series 13 -Dividend Payout Option,INF204KB1098,,11.3122,11.3122,11.3122,2017-08-09
136511,Reliance Fixed Horizon Fund XXX- Series 13 -Growth Option,INF204KB1080,,11.3122,11.3122,11.3122,2017-08-09
138227,Reliance Fixed Horizon Fund XXX- Series 14 - Growth Option,INF204KA19Z7,,11.4716,11.4716,11.4716,2017-08-09
138226,Reliance Fixed Horizon Fund XXX- Series 14 -Direct Plan- Dividend Payout Option,INF204KB1031,,11.6176,11.6176,11.6176,2017-08-09
138224,Reliance Fixed Horizon Fund XXX- Series 14 -Direct Plan- Growth Option,INF204KB1023,,11.6176,11.6176,11.6176,2017-08-09
138225,Reliance Fixed Horizon Fund XXX- Series 14 -Dividend Payout Option,INF204KB1015,,11.4716,11.4716,11.4716,2017-08-09
136030,Reliance Fixed Horizon Fund XXX- Series 2 - Dividend Payout Option,INF204KA14U9,,11.4686,11.4686,11.4686,2017-08-09
136029,Reliance Fixed Horizon Fund XXX- Series 2 - Growth Option,INF204KA13U1,,11.4686,11.4686,11.4686,2017-08-09
136028,Reliance Fixed Horizon Fund XXX- Series 2 -Direct Plan- Dividend Payout Option,INF204KA16U4,,11.5079,11.5079,11.5079,2017-08-09
136031,Reliance Fixed Horizon Fund XXX- Series 2 -Direct Plan- Growth Option,INF204KA15U6,,11.5079,11.5079,11.5079,2017-08-09
136125,Reliance Fixed Horizon Fund XXX- Series 4 -Direct Plan- Dividend Payout Option,INF204KA18V8,,11.4894,11.4894,11.4894,2017-08-09
136127,Reliance Fixed Horizon Fund XXX- Series 4 -Direct Plan- Growth Option,INF204KA17V0,,11.4894,11.4894,11.4894,2017-08-09
136126,Reliance Fixed Horizon Fund XXX- Series 4 -Dividend Payout Option,INF204KA16V2,,11.4534,11.4534,11.4534,2017-08-09
136128,Reliance Fixed Horizon Fund XXX- Series 4 -Growth Option,INF204KA15V4,,11.4534,11.4534,11.4534,2017-08-09
136435,Reliance Fixed Horizon Fund XXX- Series 10- Direct Plan-Dividend Payout Option,INF204KA16Y6,,11.4239,11.4239,11.4239,2017-08-09
136438,Reliance Fixed Horizon Fund XXX- Series 10- Direct Plan-Growth Option,INF204KA15Y8,,11.4239,11.4239,11.4239,2017-08-09
136436,Reliance Fixed Horizon Fund XXX- Series 10- Growth Option,INF204KA13Y3,,11.3882,11.3882,11.3882,2017-08-09
136450,Reliance Fixed Horizon Fund XXX- Series 11- Direct Plan-Dividend Payout Option,INF204KA10Z6,,11.7377,11.7377,11.7377,2017-08-09
136452,Reliance Fixed Horizon Fund XXX- Series 11- Direct Plan-Growth Option,INF204KA19Y0,,11.7377,11.7377,11.7377,2017-08-09
136451,Reliance Fixed Horizon Fund XXX- Series 11- Dividend Payout Option,INF204KA18Y2,,11.5285,11.5285,11.5285,2017-08-09
136449,Reliance Fixed Horizon Fund XXX- Series 11- Growth Option,INF204KA17Y4,,11.5285,11.5285,11.5285,2017-08-09
136454,Reliance Fixed Horizon Fund XXX- Series 12- Direct Plan-Dividend Payout Option,INF204KA14Z8,,11.3738,11.3738,11.3738,2017-08-09
136453,Reliance Fixed Horizon Fund XXX- Series 12- Direct Plan-Growth Option,INF204KA13Z0,,11.4033,11.4033,11.4033,2017-08-09
136456,Reliance Fixed Horizon Fund XXX- Series 12- Dividend Payout Option,INF204KA12Z2,,11.3339,11.3339,11.3339,2017-08-09
136455,Reliance Fixed Horizon Fund XXX- Series 12- Growth Option,INF204KA11Z4,,11.3618,11.3618,11.3618,2017-08-09
139146,Reliance Fixed Horizon Fund XXX- Series 17- Direct Plan-Dividend Payout Option,INF204KB1197,,11.3241,11.3241,11.3241,2017-08-09
139145,Reliance Fixed Horizon Fund XXX- Series 17- Direct Plan-Growth Option,INF204KB1189,,11.3241,11.3241,11.3241,2017-08-09
139144,Reliance Fixed Horizon Fund XXX- Series 17- Dividend Payout Option,INF204KB1171,,11.1983,11.1983,11.1983,2017-08-09
139143,Reliance Fixed Horizon Fund XXX- Series 17- Growth Option,INF204KB1163,,11.1983,11.1983,11.1983,2017-08-09
139245,Reliance Fixed Horizon Fund XXX- Series 18- Direct Plan-Dividend Payout Option,INF204KB1270,,11.4951,11.4951,11.4951,2017-08-09
139247,Reliance Fixed Horizon Fund XXX- Series 18- Direct Plan-Growth Option,INF204KB1262,,11.4951,11.4951,11.4951,2017-08-09
139246,Reliance Fixed Horizon Fund XXX- Series 18- Dividend Payout Option,INF204KB1254,,11.3273,11.3273,11.3273,2017-08-09
139248,Reliance Fixed Horizon Fund XXX- Series 18- Growth Option,INF204KB1247,,11.3273,11.3273,11.3273,2017-08-09
139268,Reliance Fixed Horizon Fund XXX- Series 19- Direct Plan-Dividend Payout Option,INF204KB1353,,11.2173,11.2173,11.2173,2017-08-09
139267,Reliance Fixed Horizon Fund XXX- Series 19- Direct Plan-Growth Option,INF204KB1346,,11.2173,11.2173,11.2173,2017-08-09
139266,Reliance Fixed Horizon Fund XXX- Series 19- Dividend Payout Option,INF204KB1338,,11.1848,11.1848,11.1848,2017-08-09
139265,Reliance Fixed Horizon Fund XXX- Series 19- Growth Option,INF204KB1320,,11.1848,11.1848,11.1848,2017-08-09
139348,Reliance Fixed Horizon Fund XXX- Series 20- Direct Plan-Dividend Payout Option,INF204KB1478,,11.3859,11.3859,11.3859,2017-08-09
139347,Reliance Fixed Horizon Fund XXX- Series 20- Direct Plan-Growth Option,INF204KB1460,,11.3859,11.3859,11.3859,2017-08-09
139346,Reliance Fixed Horizon Fund XXX- Series 20- Dividend Payout Option,INF204KB1452,,11.2406,11.2406,11.2406,2017-08-09
139345,Reliance Fixed Horizon Fund XXX- Series 20- Growth Option,INF204KB1445,,11.2406,11.2406,11.2406,2017-08-09
136057,Reliance Fixed Horizon Fund XXX-Series 3- Direct Plan-Dividend Payout Option,INF204KA14V7,,11.8674,11.8674,11.8674,2017-08-09
136058,Reliance Fixed Horizon Fund XXX-Series 3- Direct Plan-Growth Option,INF204KA13V9,,11.8674,11.8674,11.8674,2017-08-09
136059,Reliance Fixed Horizon Fund XXX-Series 3- Dividend Payout Option,INF204KA12V1,,11.7130,11.7130,11.7130,2017-08-09
136056,Reliance Fixed Horizon Fund XXX-Series 3- Growth Option,INF204KA11V3,,11.7130,11.7130,11.7130,2017-08-09
136172,Reliance Fixed Horizon Fund XXX- Series 5- Direct Plan- Growth Option,INF204KA12W9,,11.4757,11.4757,11.4757,2017-08-09
136173,Reliance Fixed Horizon Fund XXX- Series 5- Direct Plan-Dividend Payout Option,INF204KA11W1,,11.3713,11.3713,11.3713,2017-08-09
136171,Reliance Fixed Horizon Fund XXX- Series 5- Dividend Payout Option,INF204KA10W3,,11.3387,11.3387,11.3387,2017-08-09
136170,Reliance Fixed Horizon Fund XXX- Series 5- Growth Option,INF204KA19V6,,11.4394,11.4394,11.4394,2017-08-09
136234,Reliance Fixed Horizon Fund XXX- Series 6- Direct Plan-Dividend Payout Option,INF204KA16W0,,11.4177,11.4177,11.4177,2017-08-09
136233,Reliance Fixed Horizon Fund XXX- Series 6- Direct Plan-Growth Option,INF204KA15W2,,11.4954,11.4954,11.4954,2017-08-09
136235,Reliance Fixed Horizon Fund XXX- Series 6- Growth Option,INF204KA13W7,,11.4586,11.4586,11.4586,2017-08-09
136311,Reliance Fixed Horizon Fund XXX- Series 7- Direct Plan-Growth Option,INF204KA13X5,,11.4534,11.4534,11.4534,2017-08-09
136309,Reliance Fixed Horizon Fund XXX- Series 7- Growth Option,INF204KA11X9,,11.4172,11.4172,11.4172,2017-08-09
136313,Reliance Fixed Horizon Fund XXX- Series 8- Direct Plan- Dividen Payout Option,INF204KA18X4,,11.8220,11.8220,11.8220,2017-08-09
136315,Reliance Fixed Horizon Fund XXX- Series 8- Direct Plan- Growth Option,INF204KA17X6,,11.8220,11.8220,11.8220,2017-08-09
136316,Reliance Fixed Horizon Fund XXX- Series 8- Dividend Payout Option,INF204KA16X8,,11.6525,11.6525,11.6525,2017-08-09
136314,Reliance Fixed Horizon Fund XXX- Series 8- Growth Option,INF204KA15X0,,11.6525,11.6525,11.6525,2017-08-09
139411,Reliance Fixed Horizon Fund XXXI Series 2 - Direct Plan - Dividend Payout Option,INF204KB1635,,11.3157,11.3157,11.3157,2017-08-09
139413,Reliance Fixed Horizon Fund XXXI Series 2 - Direct Plan - Growth Option,INF204KB1627,,11.3157,11.3157,11.3157,2017-08-09
139410,Reliance Fixed Horizon Fund XXXI Series 2 - Dividend Payout Option,INF204KB1619,,11.1857,11.1857,11.1857,2017-08-09
139412,Reliance Fixed Horizon Fund XXXI Series 2 - Growth Option,INF204KB1601,,11.1857,11.1857,11.1857,2017-08-09
139378,Reliance Fixed Horizon Fund XXXI- Series 1- Direct Plan-Dividend Payout Option,INF204KB1593,,11.1424,11.1424,11.1424,2017-08-09
139379,Reliance Fixed Horizon Fund XXXI- Series 1- Direct Plan-Growth Option,INF204KB1585,,11.1424,11.1424,11.1424,2017-08-09
139376,Reliance Fixed Horizon Fund XXXI- Series 1- Growth Option,INF204KB1569,,11.0817,11.0817,11.0817,2017-08-09
139797,Reliance Fixed Horizon Fund XXXI- Series 11- Direct Plan-Dividend Payout Option,INF204KB1CU9,,10.9907,10.9907,10.9907,2017-08-09
139796,Reliance Fixed Horizon Fund XXXI- Series 11- Direct Plan-Growth Option,INF204KB1CT1,,10.9907,10.9907,10.9907,2017-08-09
139799,Reliance Fixed Horizon Fund XXXI- Series 11- Dividend Payout Option,INF204KB1CS3,,10.9112,10.9112,10.9112,2017-08-09
139798,Reliance Fixed Horizon Fund XXXI- Series 11- Growth Option,INF204KB1CR5,,10.9112,10.9112,10.9112,2017-08-09
139465,Reliance Fixed Horizon Fund XXXI- Series 4- Direct Plan-Dividend Payout Option,INF204KB1791,,11.2607,11.2607,11.2607,2017-08-09
139464,Reliance Fixed Horizon Fund XXXI- Series 4- Direct Plan-Growth Option,INF204KB1783,,11.2607,11.2607,11.2607,2017-08-09
139463,Reliance Fixed Horizon Fund XXXI- Series 4- Dividend Payout Option,INF204KB1775,,11.1209,11.1209,11.1209,2017-08-09
139462,Reliance Fixed Horizon Fund XXXI- Series 4- Growth Option,INF204KB1767,,11.1209,11.1209,11.1209,2017-08-09
139542,Reliance Fixed Horizon Fund XXXI- Series 5- Direct Plan-Growth Option,INF204KB1AD9,,10.9901,10.9901,10.9901,2017-08-09
139545,Reliance Fixed Horizon Fund XXXI- Series 5- Dividend Payout Option,INF204KB1AC1,,10.8735,10.8735,10.8735,2017-08-09
139544,Reliance Fixed Horizon Fund XXXI- Series 5- Growth Option,INF204KB1AB3,,10.8735,10.8735,10.8735,2017-08-09
139576,Reliance Fixed Horizon Fund XXXI- Series 6- Direct Plan-Dividend Payout Option,INF204KB1AI8,,11.1536,11.1536,11.1536,2017-08-09
139575,Reliance Fixed Horizon Fund XXXI- Series 6- Direct Plan-Growth Option,INF204KB1AH0,,11.1536,11.1536,11.1536,2017-08-09
139574,Reliance Fixed Horizon Fund XXXI- Series 6- Dividend Payout Option,INF204KB1AG2,,11.0190,11.0190,11.0190,2017-08-09
139573,Reliance Fixed Horizon Fund XXXI- Series 6- Growth Option,INF204KB1AF4,,11.0190,11.0190,11.0190,2017-08-09
139597,Reliance Fixed Horizon Fund XXXI- Series 7- Direct Plan - Dividend Payout Option,INF204KB1AQ1,,10.9354,10.9354,10.9354,2017-08-09
139596,Reliance Fixed Horizon Fund XXXI- Series 7- Direct Plan-Growth Option,INF204KB1AP3,,10.9354,10.9354,10.9354,2017-08-09
139595,Reliance Fixed Horizon Fund XXXI- Series 7- Dividend Payout Option,INF204KB1AO6,,10.8404,10.8404,10.8404,2017-08-09
139594,Reliance Fixed Horizon Fund XXXI- Series 7- Growth Option,INF204KB1AN8,,10.8404,10.8404,10.8404,2017-08-09
129682,Reliance Fixed Horizon Fund XXVI- Series 23- Direct Plan- Growth Option,INF204KA1OZ4,,13.5467,13.5467,13.5467,2017-08-09
129681,Reliance Fixed Horizon Fund- XXVI- Series 23- Direct Plan- Dividend Payout Option,INF204KA1PA4,,11.1415,11.1415,11.1415,2017-08-09
129679,Reliance Fixed Horizon Fund- XXVI- Series 23- Dividend Payout Opiton,INF204KA1OY7,,11.0502,11.0502,11.0502,2017-08-09
129680,Reliance Fixed Horizon Fund- XXVI- Series 23- Growth Option,INF204KA1OX9,,13.3088,13.3088,13.3088,2017-08-09
128635,Reliance Fixed Horizon Fund- XXVI- Series 6-  Growth Option,INF204KA1LQ9,,13.1813,13.1813,13.1813,2017-08-09
128637,Reliance Fixed Horizon Fund- XXVI- Series 6- Direct Plan - Growth Option,INF204KA1LS5,,13.2001,13.2001,13.2001,2017-08-09
128841,Reliance Fixed Horizon Fund- XXVI- Series 9- Direct Plan - Growth Option,INF204KA1MI4,,13.1468,13.1468,13.1468,2017-08-09
128843,Reliance Fixed Horizon Fund- XXVI- Series 9- Growth Option,INF204KA1MG8,,13.0992,13.0992,13.0992,2017-08-09
131379,Reliance Interval Fund III- Series 1- Direct Plan- Growth Option,INF204KA1VD6,,12.4348,12.4348,12.4348,2017-08-09
131381,Reliance Interval Fund III- Series 1- Growth Option,INF204KA1VB0,,12.4021,12.4021,12.4021,2017-08-09
138820,DHFL Pramerica FIXED MATURITY PLAN - SERIES 70 - DIRECT PLAN -GROWTH,INF223J016D1,,12.8821,12.8821,12.8821,2017-08-09
138822,DHFL Pramerica FIXED MATURITY PLAN - SERIES 70 - REGULAR PLAN -GROWTH,INF223J012D0,,12.6407,12.6407,12.6407,2017-08-09
138841,DHFL Pramerica Fixed Maturity Plan - Series 72 - Direct Plan -Growth,INF223J014E4,,13.204,13.204,13.204,2017-08-09
138837,DHFL Pramerica Fixed Maturity Plan - Series 72 - Regular Plan -Growth,INF223J010E2,,12.969,12.969,12.969,2017-08-09
138853,DHFL Pramerica Fixed Maturity Plan - Series 75 - Direct Plan - Growth,INF663L01WF6,,13.2613,13.2613,13.2613,2017-08-09
138855,DHFL Pramerica Fixed Maturity Plan - Series 75 - Regular Plan - Growth,INF663L01WG4,,12.997,12.997,12.997,2017-08-09
138856,DHFL Pramerica Fixed Maturity Plan - Series 75 - Regular Plan - Quarterly Dividend,INF663L01WI0,,10.4783,10.4783,10.4783,2017-08-09
138857,DHFL Pramerica Fixed Maturity Plan - Series 75 - Regular Plan - Regular Dividend,INF663L01WH2,,10.4756,10.4756,10.4756,2017-08-09
138911,DHFL Pramerica Fixed Maturity Plan - Series 77 - Direct Plan - Growth,INF223J018V9,,13.1279,13.1279,13.1279,2017-08-09
138913,DHFL Pramerica Fixed Maturity Plan - Series 77 - Regular Plan - Growth,INF223J014V8,,12.9302,12.9302,12.9302,2017-08-09
138915,DHFL Pramerica Fixed Maturity Plan - Series 77 - Regular Plan - Quarterly Dividend,INF223J012V2,,12.6204,12.6204,12.6204,2017-08-09
138917,DHFL Pramerica Fixed Maturity Plan - Series 78 - Direct Plan - Annual Dividend,INF223J016W1,,12.5764,12.5764,12.5764,2017-08-09
138921,DHFL Pramerica Fixed Maturity Plan - Series 78 - Direct Plan - Growth,INF223J017W9,,13.0119,13.0119,13.0119,2017-08-09
138919,DHFL Pramerica Fixed Maturity Plan - Series 78 - Regular Plan - Growth,INF223J013W8,,12.797,12.797,12.797,2017-08-09
138942,DHFL Pramerica Fixed Maturity Plan - Series 82 - Direct Plan - Growth,INF223JA1172,,12.5449,12.5449,12.5449,2017-08-09
138947,DHFL Pramerica Fixed Maturity Plan - Series 82 - Regular Plan - Growth,INF223JA1131,,12.5106,12.5106,12.5106,2017-08-09
138948,DHFL Pramerica Fixed Maturity Plan - Series 82 - Regular Plan - Quarterly Dividend,INF223JA1115,,12.5147,12.5147,12.5147,2017-08-09
138984,DHFL Pramerica Fixed Matuirty Plan - Series 85 - Regular Plan - Annual Dividend,INF223JA1AB4,,12.2591,12.2591,12.2591,2017-08-09
138980,DHFL Pramerica Fixed Maturity Plan - Series 85 - Direct Plan - Growth,INF223JA1AG3,,12.2738,12.2738,12.2738,2017-08-09
138982,DHFL Pramerica Fixed Maturity Plan - Series 85 - Regular Plan - Growth,INF223JA1AC2,,12.259,12.259,12.259,2017-08-09
138979,DHFL Pramerica Fixed Maturity Plan - Series 85 - Regular Plan - Quarterly Dividend,INF223JA1AA6,,12.2676,12.2676,12.2676,2017-08-09
138983,DHFL Pramerica Fixed Maturity Plan - Series 85 - Regular Plan - Regular Dividend,INF223JA1990,,12.2603,12.2603,12.2603,2017-08-09
139002,DHFL Pramerica Fixed Maturity Plan - Series 86 - Direct Plan - Growth,INF223JA1CH7,,12.5174,12.5174,12.5174,2017-08-09
139008,DHFL Pramerica Fixed Maturity Plan - Series 86 - Regular Plan - Growth,INF223JA1CD6,,12.4203,12.4203,12.4203,2017-08-09
139005,DHFL Pramerica Fixed Maturity Plan - Series 86 - Regular Plan - Regular Dividend,INF223JA1CA2,,12.4203,12.4203,12.4203,2017-08-09
139016,DHFL Pramerica Fixed Maturity Plan - Series 87 - Direct Plan - Growth,INF223JA1CP0,,12.2381,12.2381,12.2381,2017-08-09
139012,DHFL Pramerica Fixed Maturity Plan - Series 87 - Regular Plan - Growth,INF223JA1CL9,,12.2235,12.2235,12.2235,2017-08-09
139029,DHFL Pramerica Fixed Maturity Plan - Series 91 - Direct Option - Growth,INF223JA1HT1,,12.0502,12.0502,12.0502,2017-08-09
139030,DHFL Pramerica Fixed Maturity Plan - Series 91 - Regular Option - Growth,INF223JA1HX3,,12.037,12.037,12.037,2017-08-09
139074,DHFL Pramerica Fixed Maturity Plan - Series 95 - Direct Option - Growth,INF223JA1LO4,,11.5557,11.5557,11.5557,2017-08-09
139075,DHFL Pramerica Fixed Maturity Plan - Series 95 - Regular Option - Growth,INF223JA1LK2,,11.5266,11.5266,11.5266,2017-08-09
139072,DHFL Pramerica Fixed Maturity Plan - Series 95 - Regular Option - Regular Dividend,INF223JA1LH8,,11.532,11.532,11.532,2017-08-09
138642,DHFL Pramerica FIXED MATURITY PLAN - SERIES 38 - DIRECT PLAN - GROWTH,INF663L01SR9,,13.9463,13.9463,13.9463,2017-08-09
138643,DHFL Pramerica FIXED MATURITY PLAN - SERIES 38 - REGULAR PLAN - GROWTH,INF663L01SP3,,13.7805,13.7805,13.7805,2017-08-09
138667,DHFL Pramerica FIXED MATURITY PLAN - SERIES 45 - DIRECT PLAN -GROWTH,INF223J01F87,,13.5084,13.5084,13.5084,2017-08-09
138671,DHFL Pramerica FIXED MATURITY PLAN - SERIES 45 - REGULAR PLAN -GROWTH,INF223J01F46,,13.3957,13.3957,13.3957,2017-08-09
138709,DHFL Pramerica FIXED MATURITY PLAN - SERIES 54 - DIRECT PLAN -GROWTH,INF223JA1ET8,,13.3614,13.3614,13.3614,2017-08-09
138711,DHFL Pramerica FIXED MATURITY PLAN - SERIES 54 - REGULAR PLAN -GROWTH,INF223JA1EO9,,13.3173,13.3173,13.3173,2017-08-09
138735,DHFL Pramerica FIXED MATURITY PLAN - SERIES 57 - DIRECT PLAN -GROWTH,INF663L01SY5,,13.0736,13.0736,13.0736,2017-08-09
138736,DHFL Pramerica FIXED MATURITY PLAN - SERIES 57 - REGULAR PLAN -GROWTH,INF663L01SX7,,13.006,13.006,13.006,2017-08-09
138727,DHFL Pramerica FIXED MATURITY PLAN - SERIES 58 - DIRECT PLAN -GROWTH,INF663L01KK1,,13.1816,13.1816,13.1816,2017-08-09
138729,DHFL Pramerica FIXED MATURITY PLAN - SERIES 58 - REGULAR PLAN -GROWTH,INF663L01KG9,,12.9171,12.9171,12.9171,2017-08-09
138753,DHFL Pramerica FIXED MATURITY PLAN - SERIES 61 - DIRECT PLAN -GROWTH,INF223JA1FJ6,,13.2281,13.2281,13.2281,2017-08-09
138751,DHFL Pramerica FIXED MATURITY PLAN - SERIES 61 - REGULAR PLAN -GROWTH,INF223JA1FF4,,13.1606,13.1606,13.1606,2017-08-09
138757,DHFL Pramerica FIXED MATURITY PLAN - SERIES 62 - DIRECT PLAN -GROWTH,INF663L01TB1,,13.0565,13.0565,13.0565,2017-08-09
138759,DHFL Pramerica FIXED MATURITY PLAN - SERIES 62 - REGULAR PLAN -GROWTH,INF663L01SZ2,,13.0076,13.0076,13.0076,2017-08-09
138763,DHFL Pramerica FIXED MATURITY PLAN - SERIES 63 - DIRECT PLAN -ANNUAL DIVIDEND,INF223JA1FQ1,,12.7487,12.7487,12.7487,2017-08-09
138765,DHFL Pramerica FIXED MATURITY PLAN - SERIES 63 - DIRECT PLAN -GROWTH,INF223JA1FR9,,13.2592,13.2592,13.2592,2017-08-09
138766,DHFL Pramerica FIXED MATURITY PLAN - SERIES 63 - REGULAR PLAN -GROWTH,INF223JA1FN8,,13.2248,13.2248,13.2248,2017-08-09
138773,DHFL Pramerica FIXED MATURITY PLAN - SERIES 66 - DIRECT PLAN -GROWTH,INF663L01TN6,,13.092,13.092,13.092,2017-08-09
138777,DHFL Pramerica FIXED MATURITY PLAN - SERIES 66 - REGULAR PLAN -GROWTH,INF663L01TL0,,12.8153,12.8153,12.8153,2017-08-09
138797,DHFL Pramerica FIXED MATURITY PLAN - SERIES 68 - DIRECT PLAN -GROWTH,INF663L01LE2,,13.009,13.009,13.009,2017-08-09
138801,DHFL Pramerica FIXED MATURITY PLAN - SERIES 68 - REGULAR PLAN -REGULAR DIVIDEND,INF663L01LB8,,11.909,11.909,11.909,2017-08-09
138799,DHFL Pramerica FIXED MATURITY PLAN - SERIES 68 - REGULAR PLAN-GROWTH,INF663L01LA0,,12.7534,12.7534,12.7534,2017-08-09
138810,DHFL Pramerica FIXED MATURITY PLAN - SERIES 69 - DIRECT PLAN -GROWTH,INF663L01TW7,,13.0171,13.0171,13.0171,2017-08-09
138804,DHFL Pramerica FIXED MATURITY PLAN - SERIES 69 - REGULAR PLAN -GROWTH,INF663L01TS5,,12.7593,12.7593,12.7593,2017-08-09
138814,DHFL Pramerica Hybird Fixed Term Fund - Series 22 - DIRECT PLAN -QUARTERLY DIVIDEND,INF223J016C3,,12.4248,12.4248,12.4248,2017-08-09
138815,DHFL Pramerica Hybird Fixed Term fund - Series 22 - REGULAR PLAN -QUARTERLY DIVIDEND,INF223J012C2,,11.8297,11.8297,11.8297,2017-08-09
138813,DHFL Pramerica Hybrid Fixed Term Fund - Series 22 - DIRECT PLAN -GROWTH,INF223J018C9,,13.0274,13.0274,13.0274,2017-08-09
138816,DHFL Pramerica Hybrid Fixed Term Fund - Series 22 - REGULAR PLAN -ANNUAL DIVIDEND,INF223J013C0,,11.8406,11.8406,11.8406,2017-08-09
138817,DHFL Pramerica Hybrid Fixed Term Fund - Series 22 - REGULAR PLAN -GROWTH,INF223J014C8,,12.4089,12.4089,12.4089,2017-08-09
138818,DHFL Pramerica Hybrid Fixed Term Fund - Series 22 - REGULAR PLAN -REGULAR DIVIDEND,INF223J011C4,,11.833,11.833,11.833,2017-08-09
138555,DHFL Pramerica Hybrid Fixed Term Fund - Series 10 - Annual Dividend (Payout),INF223J01MG2,,10.906,10.906,10.906,2017-08-09
138556,DHFL Pramerica Hybrid Fixed Term Fund - Series 10 - Growth,INF223J01MI8,,13.7632,13.7632,13.7632,2017-08-09
138557,DHFL Pramerica Hybrid Fixed Term Fund - Series 10 - Quarterly Dividend (Payout),INF223J01MH0,,11.0211,11.0211,11.0211,2017-08-09
138558,DHFL Pramerica Hybrid Fixed Term Fund - Series 10 - Regular Dividend (Payout),INF223J01MF4,,11.1976,11.1976,11.1976,2017-08-09
138588,DHFL Pramerica Hybrid Fixed Term Fund - Series 13 - Direct Plan - Growth,INF223J01TK9,,14.5285,14.5285,14.5285,2017-08-09
138586,DHFL Pramerica Hybrid Fixed Term Fund - Series 13 - Regular Plan - Dividend (Payout),INF223J01TH5,,11.0646,11.0646,11.0646,2017-08-09
138587,DHFL Pramerica Hybrid Fixed Term Fund - Series 13 - Regular Plan - Growth,INF223J01TI3,,13.7505,13.7505,13.7505,2017-08-09
138650,DHFL Pramerica Hybrid Fixed Term Fund - Series 17 - Regular Plan - Growth,INF663L01SL2,,12.5208,12.5208,12.5208,2017-08-09
138869,DHFL Pramerica Hybrid Fixed Term Dund - Series 26 - Direct Plan - Growth,INF223J018O4,,12.012,12.012,12.012,2017-08-09
138867,DHFL Pramerica Hybrid Fixed Term Fund - Series 26 - Direct Plan - Annunal Dividend,INF223J017O6,,11.6235,11.6235,11.6235,2017-08-09
138874,DHFL Pramerica Hybrid Fixed Term Fund - Series 26 - Regular Plan - Annual Dividend,INF223J013O5,,11.1981,11.1981,11.1981,2017-08-09
138871,DHFL Pramerica Hybrid Fixed Term Fund - Series 26 - Regular Plan - Growth,INF223J014O3,,11.4654,11.4654,11.4654,2017-08-09
138872,DHFL Pramerica Hybrid Fixed Term Fund - Series 26 - Regular Plan - Quarterly Dividend,INF223J012O7,,11.1962,11.1962,11.1962,2017-08-09
138873,DHFL Pramerica Hybrid Fixed Term Fund - Series 26 - Regular Plan - Regular Dividend,INF223J011O9,,11.1981,11.1981,11.1981,2017-08-09
138861,DHFL Pramerica Hybrid Fixed Term Fund - Series 27 - Direct Plan - Dividend,INF223J015K8,,11.6085,11.6085,11.6085,2017-08-09
138860,DHFL Pramerica Hybrid Fixed Term Fund - Series 27 - Direct Plan - Growth,INF223J018K2,,11.928,11.928,11.928,2017-08-09
138866,DHFL Pramerica Hybrid Fixed Term Fund - Series 27 - Regular Plan - Growth,INF223J014K1,,11.6063,11.6063,11.6063,2017-08-09
138865,DHFL Pramerica Hybrid Fixed Term Fund - Series 27 - Regular Plan - Regular Dividend,INF223J011K7,,11.3432,11.3432,11.3432,2017-08-09
138891,DHFL Pramerica Hybrid Fixed Term Fund - Series 29 - Direct Plan - Growth,INF223J012R0,,12.9423,12.9423,12.9423,2017-08-09
138896,DHFL Pramerica Hybrid Fixed Term Fund - Series 29 - Regular Plan - Annual Dividend,INF223J017Q1,,12.232,12.232,12.232,2017-08-09
138893,DHFL Pramerica Hybrid Fixed Term Fund - Series 29 - Regular Plan - Growth,INF223J018Q9,,12.7105,12.7105,12.7105,2017-08-09
138894,DHFL Pramerica Hybrid Fixed Term Fund - Series 29 - Regular Plan - Quarterly Dividend,INF223J016Q3,,12.4087,12.4087,12.4087,2017-08-09
138895,DHFL Pramerica Hybrid Fixed Term Fund - Series 29 - Regular Plan - Regular Dividend,INF223J015Q5,,12.2321,12.2321,12.2321,2017-08-09
138927,DHFL Pramerica Hybrid Fixed Term Fund - Series 31 - Direct Plan - Growth,INF223J015X1,,12.1201,12.1201,12.1201,2017-08-09
138932,DHFL Pramerica Hybrid Fixed Term Fund - Series 31 - Regular Plan - Annual Dividend,INF223J010X2,,11.564,11.564,11.564,2017-08-09
138929,DHFL Pramerica Hybrid Fixed Term Fund - Series 31 - Regular Plan - Growth,INF223J011X0,,11.564,11.564,11.564,2017-08-09
138930,DHFL Pramerica Hybrid Fixed Term Fund - Series 31 - Regular Plan - Quarterly Dividend,INF223J019W5,,11.564,11.564,11.564,2017-08-09
138931,DHFL Pramerica Hybrid Fixed Term Fund - Series 31 - Regular Plan - Regular Dividend,INF223J018W7,,11.5641,11.5641,11.5641,2017-08-09
138934,DHFL Pramerica Hybrid Fixed Term Fund - Series 32 - Direct Plan - Growth,INF223JA1032,,11.3981,11.3981,11.3981,2017-08-09
138938,DHFL Pramerica Hybrid Fixed Term Fund - Series 32 - Regular Plan - Annual Dividend,INF223JA1065,,10.8951,10.8951,10.8951,2017-08-09
138937,DHFL Pramerica Hybrid Fixed Term Fund - Series 32 - Regular Plan - Growth,INF223JA1073,,10.8951,10.8951,10.8951,2017-08-09
138939,DHFL Pramerica Hybrid Fixed Term Fund - Series 32 - Regular Plan - Quarterly Dividend,INF223JA1081,,10.8951,10.8951,10.8951,2017-08-09
138940,DHFL Pramerica Hybrid Fixed Term Fund - Series 32 - Regular Plan - Regular Dividend,INF223JA1099,,10.8951,10.8951,10.8951,2017-08-09
138960,DHFL Pramerica Hybird Fixed Term Fund - Series 33 - Regular Plan - Growth,INF223JA1339,,10.8392,10.8392,10.8392,2017-08-09
138956,DHFL Pramerica Hybrid Fixed Term Fund - Sereis 33 - Direct Plan - Dividend,INF223JA1347,,11.3215,11.3215,11.3215,2017-08-09
138953,DHFL Pramerica Hybrid Fixed Term Fund - Series 33 - Direct Plan - Growth,INF223JA1370,,11.3214,11.3214,11.3214,2017-08-09
138959,DHFL Pramerica Hybrid Fixed term Fund - Series 33 - Regular Plan - Annual Dividend,INF223JA1321,,10.8392,10.8392,10.8392,2017-08-09
138957,DHFL Pramerica Hybrid Fixed Term Fund - Series 33 - Regular Plan - Quarterly Dividend,INF223JA1313,,10.8392,10.8392,10.8392,2017-08-09
138958,DHFL Pramerica Hybrid Fixed Term Fund - Series 33 - Regular Plan - Regular Dividend,INF223JA1305,,10.8392,10.8392,10.8392,2017-08-09
138962,DHFL Pramerica Hybrid Fixed Term Fund - Series 34 - Direct Plan - Growth,INF223JA1537,,11.6562,11.6562,11.6562,2017-08-09
138967,DHFL Pramerica Hybrid Fixed Term Fund - Series 34 - Regular Plan - Annual Dividend,INF223JA1487,,11.2088,11.2088,11.2088,2017-08-09
138965,DHFL Pramerica Hybrid Fixed Term Fund - Series 34 - Regular Plan - Growth,INF223JA1495,,11.2088,11.2088,11.2088,2017-08-09
138968,DHFL Pramerica Hybrid Fixed Term Fund - Series 34 - Regular Plan - Quarterly Dividend,INF223JA1479,,11.2088,11.2088,11.2088,2017-08-09
138966,DHFL Pramerica Hybrid Fixed Term Fund - Series 34 - Regular Plan - Regular Dividend,INF223JA1461,,11.2088,11.2088,11.2088,2017-08-09
138970,DHFL Pramerica Hybrid Fixed Term Fund - Series 35 - Direct Plan - Dividend,INF223JA1719,,11.2171,11.2171,11.2171,2017-08-09
138971,DHFL Pramerica Hybrid fixed Term Fund - Series 35 - Direct Plan - Growth,INF223JA1743,,11.2241,11.2241,11.2241,2017-08-09
138976,DHFL Pramerica Hybrid Fixed Term Fund - Series 35 - Regular Plan - Annual Dividend,INF223JA1693,,10.7556,10.7556,10.7556,2017-08-09
138973,DHFL Pramerica Hybrid Fixed Term Fund - Series 35 - Regular Plan - Growth,INF223JA1701,,10.7554,10.7554,10.7554,2017-08-09
138974,DHFL Pramerica Hybrid Fixed Term Fund - Series 35 - Regular Plan - Quarterly Dividend,INF223JA1685,,10.7556,10.7556,10.7556,2017-08-09
138975,DHFL Pramerica Hybrid Fixed Term Fund - Series 35 - Regular Plan - Regular Dividend,INF223JA1677,,10.7556,10.7556,10.7556,2017-08-09
138999,DHFL Pramerica Hybrid Fixed Term Fund - Series 37 - Direct Plan - Growth,INF223JA1BR8,,11.3313,11.3313,11.3313,2017-08-09
138998,DHFL Pramerica hybrid Fixed Term Fund - Series 37 - Regular Plan - Annual Dividend,INF223JA1BM9,,10.8244,10.8244,10.8244,2017-08-09
138995,DHFL Pramerica Hybrid Fixed Term Fund - Series 37 - Regular Plan - Growth,INF223JA1BN7,,10.8244,10.8244,10.8244,2017-08-09
138996,DHFL Pramerica Hybrid Fixed Term Fund - Series 37 - Regular Plan - Quarterly Dividend,INF223JA1BL1,,10.8245,10.8245,10.8245,2017-08-09
138997,DHFL Pramerica Hybrid Fixed Term Fund - Series 37 - Regular Plan - Regular Dividend,INF223JA1BK3,,10.8245,10.8245,10.8245,2017-08-09
139023,DHFL Pramerica Hybrid Fixed Term Fund - Series 39 - Direct Plan - Growth,INF223JA1HL8,,11.8613,11.8613,11.8613,2017-08-09
139021,DHFL Pramerica Hybrid Fixed Term Fund - Series 39 - Direct Plan - Regular Dividend,INF223JA1HN4,,11.8606,11.8606,11.8606,2017-08-09
139028,DHFL Pramerica Hybrid Fixed Term Fund - Series 39 - Regular Plan - Annual Dividend,INF223JA1HO2,,11.3862,11.3862,11.3862,2017-08-09
139025,DHFL Pramerica Hybrid Fixed Term Fund - Series 39 - Regular Plan - Growth,INF223JA1HP9,,11.3863,11.3863,11.3863,2017-08-09
139026,DHFL Pramerica Hybrid Fixed Term Fund - Series 39 - Regular Plan - Quarterly Dividend,INF223JA1HQ7,,11.3863,11.3863,11.3863,2017-08-09
139027,DHFL Pramerica Hybrid Fixed Term Fund - Series 39 - Regular Plan - Regular Dividend,INF223JA1HR5,,11.3863,11.3863,11.3863,2017-08-09
138534,DHFL Pramerica Hybrid Fixed Term Fund - Series 4 - Dividend (Payout),INF223JA1669,,11.1197,11.1197,11.1197,2017-08-09
138533,DHFL Pramerica Hybrid Fixed Term Fund - Series 4- Growth,INF223JA1651,,16.9568,16.9568,16.9568,2017-08-09
139049,DHFL Pramerica Hybrid Fixed Term Fund - Series 40 - Direct Plan - Growth,INF223JA1IW3,,11.483,11.483,11.483,2017-08-09
139048,DHFL Pramerica Hybrid Fixed Term fund - Series 40 - Direct Plan - Regular Dividend,INF223JA1IT9,,11.4829,11.4829,11.4829,2017-08-09
139052,DHFL Pramerica Hybrid Fixed Term Fund - Series 40 - Regular Plan - Annual Dividend,INF223JA1IR3,,11.1103,11.1103,11.1103,2017-08-09
139045,DHFL Pramerica Hybrid Fixed Term Fund - Series 40 - Regular Plan - Growth,INF223JA1IS1,,11.1103,11.1103,11.1103,2017-08-09
139050,DHFL Pramerica Hybrid Fixed Term Fund - Series 40 - Regular Plan - Quarterly Dividend,INF223JA1IQ5,,11.1103,11.1103,11.1103,2017-08-09
139051,DHFL Pramerica Hybrid Fixed Term Fund - Series 40 - Regular Plan - Regular Dividend,INF223JA1IX1,,11.1103,11.1103,11.1103,2017-08-09
139054,DHFL Pramerica Hybrid Fixed Term Fund - Series 41 - Direct Plan - Growth,INF223JA1KG2,,11.361,11.361,11.361,2017-08-09
139055,DHFL Pramerica Hybrid Fixed Term Fund - Series 41 - Direct Plan - Quarterly Dividend,INF223JA1KE7,,11.1542,11.1542,11.1542,2017-08-09
139053,DHFL Pramerica Hybrid Fixed Term Fund - Series 41 - Direct Plan - Regular Dividend,INF223JA1KD9,,11.3609,11.3609,11.3609,2017-08-09
139060,DHFL Pramerica Hybrid Fixed Term Fund - Series 41 - Regular Plan - Annual Dividend,INF223JA1KB3,,11.0097,11.0097,11.0097,2017-08-09
139056,DHFL Pramerica Hybrid Fixed Term Fund - Series 41 - Regular Plan - Growth,INF223JA1KC1,,11.0098,11.0098,11.0098,2017-08-09
139057,DHFL Pramerica Hybrid Fixed Term Fund - Series 41 - Regular Plan - Quarterly Dividend,INF223JA1KA5,,10.8033,10.8033,10.8033,2017-08-09
139058,DHFL Pramerica Hybrid Fixed Term Fund - Series 41 - Regular Plan - Regular Dividend,INF223JA1JZ4,,11.0097,11.0097,11.0097,2017-08-09
138536,DHFL Pramerica Hybrid Fixed Term Fund - Series 5 - Dividend (Payout),INF223JA1AW0,,14.1444,14.1444,14.1444,2017-08-09
138535,DHFL Pramerica Hybrid Fixed Term Fund - Series 5 - Growth,INF223JA1AV2,,15.5097,15.5097,15.5097,2017-08-09
138537,DHFL Pramerica Hybrid Fixed Term Fund - Series 6 - Dividend (Payout),INF223J01LB5,,15.962,15.962,15.962,2017-08-09
138538,DHFL Pramerica Hybrid Fixed Term Fund - Series 6 - Growth,INF223J01LC3,,17.0919,17.0919,17.0919,2017-08-09
138540,DHFL Pramerica Hybrid Fixed Term Fund - Series 7 - Annual Dividend (Payout),INF223JA1KX7,,15.1751,15.1751,15.1751,2017-08-09
138539,DHFL Pramerica Hybrid Fixed Term Fund - Series 7 - Dividend (Payout),INF223JA1KW9,,15.4315,15.4315,15.4315,2017-08-09
138542,DHFL Pramerica Hybrid Fixed Term Fund - Series 7 - Growth,INF223JA1KV1,,16.5163,16.5163,16.5163,2017-08-09
138541,DHFL Pramerica Hybrid Fixed Term Fund - Series 7 - Quarterly Dividend (Payout),INF223JA1KY5,,14.879,14.879,14.879,2017-08-09
140828,PGIM India Dual Advantage Fund -Series 1 -Regular Plan -Annual Dividend Option,INF663L01QW3,INF663L01QX1,10.3304,10.3304,10.3304,2017-08-09
140821,PGIM India Dual Advantage Fund -Series 1 -Regular Plan -Growth Option,INF663L01QR3,,10.3303,10.3303,10.3303,2017-08-09
140823,PGIM India Dual Advantage Fund -Series 1 -Regular Plan -Quarterly Dividend Option,INF663L01QU7,INF663L01QV5,10.3302,10.3302,10.3302,2017-08-09
140822,PGIM India Dual Advantage Fund -Series 1 -Regular Plan -Regular Dividend Option,INF663L01QS1,INF663L01QT9,10.3303,10.3303,10.3303,2017-08-09
140824,PGIM India Dual Advantage Fund -Series 1-Direct Plan -Growth Option,INF663L01QK8,,10.3697,10.3697,10.3697,2017-08-09
140826,PGIM India Dual Advantage Fund -Series 1-Direct Plan -Quarterly Dividend Option,INF663L01QN2,INF663L01QO0,10.3696,10.3696,10.3696,2017-08-09
140825,PGIM India Dual Advantage Fund -Series 1-Direct Plan -Regular Dividend Option,INF663L01QL6,INF663L01QM4,10.3695,10.3695,10.3695,2017-08-09
140949,PGIM India Fixed Duartion Fund - Series AE - DIrect Plan - Annual Dividend Option,INF663L01RR1,INF663L01RS9,1039.9806,1039.9806,1039.9806,2017-08-09
140947,PGIM India Fixed Duartion Fund - Series AE -Annual Dividend Option,INF663L01RY7,INF663L01RZ4,1039.756,1039.756,1039.756,2017-08-09
140951,PGIM India Fixed Duartion Fund - Series AE-Regular Plan - Growth Option,INF663L01RT7,,1039.5741,1039.5741,1039.5741,2017-08-09
140950,PGIM India Fixed Duration Fund - Series AE - Direct Plan - Growth Option,INF663L01RM2,,1039.979,1039.979,1039.979,2017-08-09
140952,PGIM India Fixed Duration Fund - Series AE - Regular Plan - Regular Dividend Option,INF663L01RU5,INF663L01RV3,1039.756,1039.756,1039.756,2017-08-09
139655,PGIM India Fixed Duration Fund - Series 29 - Direct Plan - Growth Option,INF663L01MO9,,1090.3636,1090.3636,1090.3636,2017-08-09
139658,PGIM India Fixed Duration Fund - Series 29 - Regular Plan - Dividend Option,INF663L01MS0,,1088.7016,1088.7016,1088.7016,2017-08-09
139657,PGIM India Fixed Duration Fund - Series 29 - Regular Plan - Growth Option,INF663L01MR2,,1088.7008,1088.7008,1088.7008,2017-08-09
139663,PGIM India Fixed Duration Fund - Series 31 - Direct Plan - Growth Option,INF663L01NA6,,1084.8594,1084.8594,1084.8594,2017-08-09
139666,PGIM India Fixed Duration Fund - Series 31 - Regular Plan - Dividend Option,INF663L01NE8,,1081.3169,1081.3169,1081.3169,2017-08-09
139665,PGIM India Fixed Duration Fund - Series 31 - Regular Plan - Growth Option,INF663L01ND0,,1081.3181,1081.3181,1081.3181,2017-08-09
140136,PGIM India Fixed Duration Fund - Series AA - Direct Plan - Growth Option,INF663L01OG1,,1062.7146,1062.7146,1062.7146,2017-08-09
140378,PGIM India Fixed Duration Fund - Series AA - Direct Plan - Quarterly Dividend Option,INF663L01OJ5,,1062.7023,1062.7023,1062.7023,2017-08-09
140377,PGIM India Fixed Duration Fund - Series AA - Regular Plan - Annual Dividend Option,INF663L01OS6,,1062.2803,1062.2803,1062.2803,2017-08-09
140139,PGIM India Fixed Duration Fund - Series AA - Regular Plan - Growth Option,INF663L01ON7,,1062.2676,1062.2676,1062.2676,2017-08-09
140379,PGIM India Fixed Duration Fund - Series AA - Regular Plan - Quarterly Dividend Option,INF663L01OQ0,,1062.325,1062.325,1062.325,2017-08-09
140564,PGIM India Fixed Duration Fund - Series AB - Direct Plan - Growth Option,INF663L01OU2,,1050.5205,1050.5205,1050.5205,2017-08-09
140569,PGIM India Fixed Duration Fund - Series AB - Regular Plan - Annual Dividend Option,INF663L01PG8,INF663L01PH6,1049.369,1049.369,1049.369,2017-08-09
140565,PGIM India Fixed Duration Fund - Series AB - Regular Plan - Dividend Option,INF663L01PC7,INF663L01PD5,1049.2707,1049.2707,1049.2707,2017-08-09
140563,PGIM India Fixed Duration Fund - Series AB - Regular Plan - Growth Option,INF663L01PB9,,1049.2693,1049.2693,1049.2693,2017-08-09
140567,PGIM India Fixed Duration Fund - Series AB - Regular Plan - Quarterly Dividend Option,INF663L01PE3,INF663L01PF0,1049.271,1049.271,1049.271,2017-08-09
140675,PGIM India Fixed Duration Fund - Series AC - Direct Plan - Dividend - Annual,INF663L01PN4,INF663L01PO2,1048.9922,1048.9922,1048.9922,2017-08-09
140672,PGIM India Fixed Duration Fund - Series AC - Direct Plan - Growth Option,INF663L01PI4,,1049.0527,1049.0527,1049.0527,2017-08-09
140676,PGIM India Fixed Duration Fund - Series AC - Direct Plan - Regular Dividend,INF663L01PJ2,INF663L01PK0,1049.094,1049.094,1049.094,2017-08-09
140674,PGIM India Fixed Duration Fund - Series AC - Regular Plan - Dividend - Annual,INF663L01PU9,INF663L01PV7,1047.388,1047.388,1047.388,2017-08-09
140673,PGIM India Fixed Duration Fund - Series AC - Regular Plan - Dividend - Quarterly,INF663L01PS3,INF663L01PT1,1047.2175,1047.2175,1047.2175,2017-08-09
140678,PGIM India Fixed Duration Fund - Series AC - Regular Plan - Dividend - Regular,INF663L01PQ7,INF663L01PR5,1047.2106,1047.2106,1047.2106,2017-08-09
140671,PGIM India Fixed Duration Fund - Series AC - Regular Plan - Growth Option,INF663L01PP9,,1047.2112,1047.2112,1047.2112,2017-08-09
140941,PGIM India Fixed Duartion Fund - Series AF - Regular Plan - Growth Option,INF663L01RF6,,1039.0438,1039.0438,1039.0438,2017-08-09
140938,PGIM India Fixed Duration Fund - Series AF - Direct Plan - Annual Dividend Option,INF663L01RD1,INF663L01RE9,1040.2524,1040.2524,1040.2524,2017-08-09
140936,PGIM India Fixed Duration Fund - Series AF - Direct Plan - Growth Option,INF663L01QY9,,1040.2561,1040.2561,1040.2561,2017-08-09
140940,PGIM India Fixed Duration Fund - Series AF - Regular Plan - Annual Dividend Option,INF663L01RK6,INF663L01RL4,1039.0449,1039.0449,1039.0449,2017-08-09
140939,PGIM India Fixed Duration Fund - Series AF - Regular Plan - Quarterly Dividend Option,INF663L01RI0,INF663L01RJ8,1039.0437,1039.0437,1039.0437,2017-08-09
140992,PGIM India Fixed Duration Fund - Series AG Regular Plan - Growth Option,INF663L01SF4,,1035.3067,1035.3067,1035.3067,2017-08-09
140994,PGIM India Fixed Duration Fund - Series AG- Direct Plan - Growth Option,INF663L01SA5,,1035.7033,1035.7033,1035.7033,2017-08-09
141640,PGIM India Fixed Duration Fund- Series AH - Regular Plan Annual Dividend Option,INF663L01VA9,INF663L01UZ8,1007.4588,1007.4588,1007.4588,2017-08-09
141639,PGIM India Fixed Duration Fund- Series AH- Direct Plan Quarterly Dividend Option,INF663L01US3,INF663L01UT1,1007.5254,1007.5254,1007.5254,2017-08-09
141637,PGIM India Fixed Duration Fund- Series AH- Direct Plan- Annual Dividend Option,INF663L01UU9,INF663L01UV7,1007.5194,1007.5194,1007.5194,2017-08-09
141635,PGIM India Fixed Duration Fund- Series AH- Regular Plan- Growth Option,INF663L01UW5,,1007.4583,1007.4583,1007.4583,2017-08-09
141636,PGIM India Fixed Duration Fund- Series AH- Regular Plan- Quarterly Dividend Option,INF663L01UX3,INF663L01UY1,1007.4589,1007.4589,1007.4589,2017-08-09
141638,PGIM India Fixed Duration Fund- Series AH-Direct Plan Growth Option,INF663L01UR5,,1007.5203,1007.5203,1007.5203,2017-08-09
138559,PGIM India Hybrid Fixed Term Fund - Series 11 - Direct Plan - Dividend (Payout),INF663L01KX4,,13.3533,13.3533,13.3533,2017-08-09
138560,PGIM India Hybrid Fixed Term Fund - Series 11 - Regular Plan - Dividend (Payout),INF663L01KZ9,,13.1284,13.1284,13.1284,2017-08-09
138561,PGIM India Hybrid Fixed Term Fund - Series 11 - Regular Plan - Growth,INF663L01KY2,,14.2836,14.2836,14.2836,2017-08-09
138583,PGIM India Hybrid Fixed Term Fund - Series 12 - Direct Plan - Growth,INF663L01LI3,,14.8817,14.8817,14.8817,2017-08-09
138581,PGIM India Hybrid Fixed Term Fund - Series 12 - Regular Plan - Dividend (Payout),INF663L01LL7,,13.4986,13.4986,13.4986,2017-08-09
138584,PGIM India Hybrid Fixed Term Fund - Series 12 - Regular Plan - Growth,INF663L01LK9,,14.4559,14.4559,14.4559,2017-08-09
126209,SBI DEBT FUND SERIES - 16 MONTHS - 2 - DIRECT PLAN - GROWTH,INF200KA1DM9,,13.3360,N.A.,N.A.,2017-08-09
126210,SBI DEBT FUND SERIES - 16 MONTHS - 2 - REGULAR PLAN - DIVIDEND,INF200KA1DL1,,13.2453,N.A.,N.A.,2017-08-09
126211,SBI DEBT FUND SERIES - 16 MONTHS - 2 - REGULAR PLAN - GROWTH,INF200KA1DK3,,13.2429,N.A.,N.A.,2017-08-09
126212,SBI DEBT FUND SERIES - 16 MONTHS - 2- DIRECT PLAN - DIVIDEND,INF200KA1DN7,,N.A.,N.A.,N.A.,2017-08-09
127810,SBI DEBT FUND SERIES - 366 DAYS - 53 - DIRECT PLAN - DIVIDEND,INF200KA1606,,13.2807,N.A.,N.A.,2017-08-09
127811,SBI DEBT FUND SERIES - 366 DAYS - 53 - DIRECT PLAN - GROWTH,INF200KA1614,,13.2810,N.A.,N.A.,2017-08-09
127812,SBI DEBT FUND SERIES - 366 DAYS - 53 - REGULAR PLAN - DIVIDEND,INF200KA1622,,N.A.,N.A.,N.A.,2017-08-09
127813,SBI DEBT FUND SERIES - 366 DAYS - 53 - REGULAR PLAN - GROWTH,INF200KA1630,,13.2136,N.A.,N.A.,2017-08-09
128165,SBI DEBT FUND SERIES - 366 DAYS - 54 - DIRECT PLAN - DIVIDEND,INF200KA1788,,13.3095,N.A.,N.A.,2017-08-09
128167,SBI DEBT FUND SERIES - 366 DAYS - 54 - REGULAR PLAN - DIVIDEND,INF200KA1804,,13.1957,N.A.,N.A.,2017-08-09
128168,SBI DEBT FUND SERIES - 366 DAYS - 54 - REGULAR PLAN - GROWTH,INF200KA1812,,13.1958,N.A.,N.A.,2017-08-09
128166,SBI DEBT FUND SERIES - 366 DAYS - 54- DIRECT PLAN - GROWTH,INF200KA1796,,13.3090,N.A.,N.A.,2017-08-09
118220,SBI DEBT FUND SERIES - 60 MONTHS - 2 - DIVIDEND,INF200K01QD6,,14.3867,N.A.,N.A.,2017-08-09
118221,SBI DEBT FUND SERIES - 60 MONTHS - 2 - GROWTH,INF200K01QC8,,14.3867,N.A.,N.A.,2017-08-09
120901,SBI DEBT FUND SERIES - 60 MONTHS - 3 - DIRECT PLAN - DIVIDEND,INF200K01QQ8,,14.6082,N.A.,N.A.,2017-08-09
120900,SBI DEBT FUND SERIES - 60 MONTHS - 3 - DIRECT PLAN - GROWTH,INF200K01QP0,,14.6082,N.A.,N.A.,2017-08-09
120899,SBI DEBT FUND SERIES - 60 MONTHS - 3 - REGULAR PLAN - DIVIDEND,INF200K01QF1,,14.2672,N.A.,N.A.,2017-08-09
120898,SBI DEBT FUND SERIES - 60 MONTHS - 3 - REGULAR PLAN - GROWTH,INF200K01QE4,,14.2672,N.A.,N.A.,2017-08-09
128389,SBI DEBT FUND SERIES A - 11 DIRECT PLAN - DIVIDEND,INF200KA1AF9,,N.A.,N.A.,N.A.,2017-08-09
128388,SBI DEBT FUND SERIES A - 11 DIRECT PLAN - GROWTH,INF200KA1AE2,,13.1800,N.A.,N.A.,2017-08-09
128391,SBI DEBT FUND SERIES A - 11 REGULAR PLAN - DIVIDEND,INF200KA1AD4,,N.A.,N.A.,N.A.,2017-08-09
128390,SBI DEBT FUND SERIES A - 11 REGULAR PLAN - GROWTH,INF200KA1AC6,,12.9687,N.A.,N.A.,2017-08-09
128672,SBI DEBT FUND SERIES A - 13 DIRECT PLAN - DIVIDEND,INF200KA1978,,N.A.,N.A.,N.A.,2017-08-09
128674,SBI DEBT FUND SERIES A - 13 DIRECT PLAN - GROWTH,INF200KA1960,,13.1057,N.A.,N.A.,2017-08-09
128673,SBI DEBT FUND SERIES A - 13 REGULAR PLAN - DIVIDEND,INF200KA1952,,N.A.,N.A.,N.A.,2017-08-09
128671,SBI DEBT FUND SERIES A - 13 REGULAR PLAN - GROWTH,INF200KA1945,,12.9744,N.A.,N.A.,2017-08-09
128696,SBI DEBT FUND SERIES A - 14 DIRECT PLAN - DIVIDEND,INF200KA1AJ1,,N.A.,N.A.,N.A.,2017-08-09
128693,SBI DEBT FUND SERIES A - 14 DIRECT PLAN - GROWTH,INF200KA1AI3,,13.1178,N.A.,N.A.,2017-08-09
128694,SBI DEBT FUND SERIES A - 14 REGULAR PLAN - DIVIDEND,INF200KA1AH5,,N.A.,N.A.,N.A.,2017-08-09
128695,SBI DEBT FUND SERIES A - 14 REGULAR PLAN - GROWTH,INF200KA1AG7,,12.9117,N.A.,N.A.,2017-08-09
128930,SBI DEBT FUND SERIES A - 16 DIRECT PLAN - DIVIDEND,INF200KA1AB8,,N.A.,N.A.,N.A.,2017-08-09
128931,SBI DEBT FUND SERIES A - 16 DIRECT PLAN - GROWTH,INF200KA1AA0,,12.9852,N.A.,N.A.,2017-08-09
128932,SBI DEBT FUND SERIES A - 16 REGULAR PLAN - DIVIDEND,INF200KA1994,,N.A.,N.A.,N.A.,2017-08-09
128933,SBI DEBT FUND SERIES A - 16 REGULAR PLAN - GROWTH,INF200KA1986,,12.9587,N.A.,N.A.,2017-08-09
129120,SBI DEBT FUND SERIES A - 17 DIRECT PLAN - DIVIDEND,INF200KA1AV6,,12.9870,N.A.,N.A.,2017-08-09
129117,SBI DEBT FUND SERIES A - 17 DIRECT PLAN - GROWTH,INF200KA1AU8,,13.0065,N.A.,N.A.,2017-08-09
129119,SBI DEBT FUND SERIES A - 17 REGULAR PLAN - DIVIDEND,INF200KA1AT0,,12.9476,N.A.,N.A.,2017-08-09
129118,SBI DEBT FUND SERIES A - 17 REGULAR PLAN - GROWTH,INF200KA1AS2,,12.9476,N.A.,N.A.,2017-08-09
129391,SBI DEBT FUND SERIES A - 20 DIRECT PLAN - DIVIDEND,INF200KA1BT8,,13.0260,N.A.,N.A.,2017-08-09
129392,SBI DEBT FUND SERIES A - 20 DIRECT PLAN - GROWTH,INF200KA1BS0,,13.0274,N.A.,N.A.,2017-08-09
129393,SBI DEBT FUND SERIES A - 20 REGULAR PLAN - DIVIDEND,INF200KA1BR2,,N.A.,N.A.,N.A.,2017-08-09
129394,SBI DEBT FUND SERIES A - 20 REGULAR PLAN - GROWTH,INF200KA1BQ4,,12.9830,N.A.,N.A.,2017-08-09
129442,SBI DEBT FUND SERIES A - 21 DIRECT PLAN - DIVIDEND,INF200KA1BX0,,N.A.,N.A.,N.A.,2017-08-09
129443,SBI DEBT FUND SERIES A - 21 DIRECT PLAN - GROWTH,INF200KA1BW2,,12.9915,N.A.,N.A.,2017-08-09
129445,SBI DEBT FUND SERIES A - 21 REGULAR PLAN - DIVIDEND,INF200KA1BV4,,N.A.,N.A.,N.A.,2017-08-09
129444,SBI DEBT FUND SERIES A - 21 REGULAR PLAN - GROWTH,INF200KA1BU6,,12.9455,N.A.,N.A.,2017-08-09
129658,SBI DEBT FUND SERIES A - 22 DIRECT PLAN - DIVIDEND,INF200KA1CV2,,13.0162,N.A.,N.A.,2017-08-09
129661,SBI DEBT FUND SERIES A - 22 DIRECT PLAN - GROWTH,INF200KA1CU4,,13.0170,N.A.,N.A.,2017-08-09
129659,SBI DEBT FUND SERIES A - 22 REGULAR PLAN - DIVIDEND,INF200KA1CT6,,N.A.,N.A.,N.A.,2017-08-09
129660,SBI DEBT FUND SERIES A - 22 REGULAR PLAN - GROWTH,INF200KA1CS8,,12.9543,N.A.,N.A.,2017-08-09
129662,SBI DEBT FUND SERIES A - 23 DIRECT PLAN - DIVIDEND,INF200K011H7,,N.A.,N.A.,N.A.,2017-08-09
129663,SBI DEBT FUND SERIES A - 23 DIRECT PLAN - GROWTH,INF200K010H9,,13.1641,N.A.,N.A.,2017-08-09
129664,SBI DEBT FUND SERIES A - 23 REGULAR PLAN - DIVIDEND,INF200K019G2,,13.0231,N.A.,N.A.,2017-08-09
129665,SBI DEBT FUND SERIES A - 23 REGULAR PLAN - GROWTH,INF200K018G4,,13.0234,N.A.,N.A.,2017-08-09
129707,SBI DEBT FUND SERIES A - 24 DIRECT PLAN - DIVIDEND,INF200KA1DR8,,N.A.,N.A.,N.A.,2017-08-09
129708,SBI DEBT FUND SERIES A - 24 DIRECT PLAN - GROWTH,INF200KA1DQ0,,13.0056,N.A.,N.A.,2017-08-09
129709,SBI DEBT FUND SERIES A - 24 REGULAR PLAN - DIVIDEND,INF200KA1DP2,,N.A.,N.A.,N.A.,2017-08-09
129710,SBI DEBT FUND SERIES A - 24 REGULAR PLAN - GROWTH,INF200KA1DO5,,12.9428,N.A.,N.A.,2017-08-09
129845,SBI DEBT FUND SERIES A - 25 DIRECT PLAN - DIVIDEND,INF200KA1DV0,,N.A.,N.A.,N.A.,2017-08-09
129848,SBI DEBT FUND SERIES A - 25 DIRECT PLAN - GROWTH,INF200KA1DU2,,12.9614,N.A.,N.A.,2017-08-09
129846,SBI DEBT FUND SERIES A - 25 REGULAR PLAN - DIVIDEND,INF200KA1DT4,,12.9123,N.A.,N.A.,2017-08-09
129847,SBI DEBT FUND SERIES A - 25 REGULAR PLAN - GROWTH,INF200KA1DS6,,12.9099,N.A.,N.A.,2017-08-09
129872,SBI DEBT FUND SERIES A - 26 (682 DAYS) DIRECT PLAN - DIVIDEND,INF200K013I1,,N.A.,N.A.,N.A.,2017-08-09
129869,SBI DEBT FUND SERIES A - 26 (682 DAYS) DIRECT PLAN - GROWTH,INF200K012I3,,12.8782,N.A.,N.A.,2017-08-09
129870,SBI DEBT FUND SERIES A - 26 (682 DAYS) REGULAR PLAN - DIVIDEND,INF200K011I5,,N.A.,N.A.,N.A.,2017-08-09
129871,SBI DEBT FUND SERIES A - 26 (682 DAYS) REGULAR PLAN - GROWTH,INF200K010I7,,12.7669,N.A.,N.A.,2017-08-09
129971,SBI DEBT FUND SERIES A - 27 (366 DAYS) DIRECT PLAN - DIVIDEND,INF200KA1EE4,,N.A.,N.A.,N.A.,2017-08-09
129972,SBI DEBT FUND SERIES A - 27 (366 DAYS) DIRECT PLAN - GROWTH,INF200KA1EF1,,12.9126,N.A.,N.A.,2017-08-09
129973,SBI DEBT FUND SERIES A - 27 (366 DAYS) REGULAR PLAN - DIVIDEND,INF200KA1EG9,,N.A.,N.A.,N.A.,2017-08-09
129974,SBI DEBT FUND SERIES A - 27 (366 DAYS) REGULAR PLAN - GROWTH,INF200KA1EH7,,12.8651,N.A.,N.A.,2017-08-09
130027,SBI DEBT FUND SERIES A - 28 (367 DAYS) - DIRECT PLAN - DIVIDEND,INF200KA1EP0,,N.A.,N.A.,N.A.,2017-08-09
130026,SBI DEBT FUND SERIES A - 28 (367 DAYS) - DIRECT PLAN - GROWTH,INF200KA1EO3,,12.9017,N.A.,N.A.,2017-08-09
130028,SBI DEBT FUND SERIES A - 28 (367 DAYS) - REGULAR PLAN - DIVIDEND,INF200KA1EN5,,N.A.,N.A.,N.A.,2017-08-09
130025,SBI DEBT FUND SERIES A - 28 (367 DAYS) - REGULAR PLAN - GROWTH,INF200KA1EM7,,12.8569,N.A.,N.A.,2017-08-09
130236,SBI DEBT FUND SERIES A - 31 (367 DAYS) DIRECT PLAN - DIVIDEND,INF200KA1EX4,,N.A.,N.A.,N.A.,2017-08-09
130238,SBI DEBT FUND SERIES A - 31 (367 DAYS) DIRECT PLAN - GROWTH,INF200KA1EW6,,12.8310,N.A.,N.A.,2017-08-09
130235,SBI DEBT FUND SERIES A - 31 (367 DAYS) REGULAR PLAN - DIVIDEND,INF200KA1EV8,,N.A.,N.A.,N.A.,2017-08-09
130237,SBI DEBT FUND SERIES A - 31 (367 DAYS) REGULAR PLAN - GROWTH,INF200KA1EU0,,12.7904,N.A.,N.A.,2017-08-09
130282,SBI DEBT FUND SERIES A - 32 (367 DAYS) DIRECT PLAN - DIVIDEND,INF200KA1FB7,,N.A.,N.A.,N.A.,2017-08-09
130283,SBI DEBT FUND SERIES A - 32 (367 DAYS) DIRECT PLAN - GROWTH,INF200KA1FA9,,12.8126,N.A.,N.A.,2017-08-09
130284,SBI DEBT FUND SERIES A - 32 (367 DAYS) REGULAR PLAN - DIVIDEND,INF200KA1EZ9,,12.7723,N.A.,N.A.,2017-08-09
130281,SBI DEBT FUND SERIES A - 32 (367 DAYS) REGULAR PLAN - GROWTH,INF200KA1EY2,,12.7721,N.A.,N.A.,2017-08-09
130321,SBI DEBT FUND SERIES A - 34 (367 Days)  REGULAR PLAN - DIVIDEND,INF200KA1FD3,,N.A.,N.A.,N.A.,2017-08-09
130324,SBI DEBT FUND SERIES A - 34 (367 DAYS) DIRECT PLAN - DIVIDEND,INF200KA1FF8,,N.A.,N.A.,N.A.,2017-08-09
130322,SBI DEBT FUND SERIES A - 34 (367 DAYS) DIRECT PLAN - GROWTH,INF200KA1FE1,,12.8019,N.A.,N.A.,2017-08-09
130323,SBI DEBT FUND SERIES A - 34 (367 DAYS) REGULAR PLAN - GROWTH,INF200KA1FC5,,12.7614,N.A.,N.A.,2017-08-09
130444,SBI DEBT FUND SERIES A - 35 (369 DAYS) DIRECT PLAN - DIVIDEND,INF200KA1FN2,,N.A.,N.A.,N.A.,2017-08-09
130445,SBI DEBT FUND SERIES A - 35 (369 DAYS) DIRECT PLAN - GROWTH,INF200KA1FM4,,12.8287,N.A.,N.A.,2017-08-09
130443,SBI DEBT FUND SERIES A - 35 (369 Days) REGULAR PLAN - DIVIDEND,INF200KA1FL6,,N.A.,N.A.,N.A.,2017-08-09
130442,SBI DEBT FUND SERIES A - 35 (369 DAYS) REGULAR PLAN - GROWTH,INF200KA1FK8,,12.7861,N.A.,N.A.,2017-08-09
130599,SBI DEBT FUND SERIES A - 36 (36 Months) DIRECT PLAN - DIVIDEND,INF200K017M4,,12.9825,N.A.,N.A.,2017-08-09
130601,SBI DEBT FUND SERIES A - 36 (36 Months) DIRECT PLAN - GROWTH,INF200K016M6,,12.9814,N.A.,N.A.,2017-08-09
130600,SBI DEBT FUND SERIES A - 36 (36 Months) REGULAR PLAN - DIVIDEND,INF200K015M8,,12.8446,N.A.,N.A.,2017-08-09
130602,SBI DEBT FUND SERIES A - 36 (36 Months) REGULAR PLAN - GROWTH,INF200K014M1,,12.8446,N.A.,N.A.,2017-08-09
130984,SBI DEBT FUND SERIES A - 39 (1100 DAYS) - DIRECT PLAN - DIVIDEND,INF200K011P0,,12.9694,N.A.,N.A.,2017-08-09
130982,SBI DEBT FUND SERIES A - 39 (1100 DAYS) - REGULAR PLAN - DIVIDEND,INF200K019O6,,12.8343,N.A.,N.A.,2017-08-09
130981,SBI DEBT FUND SERIES A - 39 (1100 DAYS) - REGULAR PLAN - GROWTH,INF200K018O8,,12.8342,N.A.,N.A.,2017-08-09
130983,SBI DEBT FUNDS SERIES A - 39 (1100 DAYS) - DIRECT PLAN - GROWTH,INF200K010P2,,12.9693,N.A.,N.A.,2017-08-09
127337,SBI DEBT FUND SERIES A - 4 DIRECT - GROWTH,INF200K01Z04,,13.3441,N.A.,N.A.,2017-08-09
127340,SBI DEBT FUND SERIES A - 4 DIRECT PLAN - DIVIDEND,INF200K01Z12,,N.A.,N.A.,N.A.,2017-08-09
127338,SBI DEBT FUND SERIES A - 4 REGULAR PLAN - DIVIDEND,INF200K01Y96,,N.A.,N.A.,N.A.,2017-08-09
127339,SBI DEBT FUND SERIES A - 4 REGULAR PLAN - GROWTH,INF200K01Y88,,13.1807,N.A.,N.A.,2017-08-09
131129,SBI DEBT FUND SERIES A - 40 (1100 DAYS) - DIRECT PLAN - DIVIDEND,INF200K017Q5,,N.A.,N.A.,N.A.,2017-08-09
131128,SBI DEBT FUND SERIES A - 40 (1100 DAYS) - DIRECT PLAN - GROWTH,INF200K016Q7,,12.9242,N.A.,N.A.,2017-08-09
131127,SBI DEBT FUND SERIES A - 40 (1100 DAYS) - REGULAR PLAN - DIVIDEND,INF200K015Q9,,12.7935,N.A.,N.A.,2017-08-09
131130,SBI DEBT FUND SERIES A - 40 (1100 DAYS) - REGULAR PLAN - GROWTH,INF200K014Q2,,12.7914,N.A.,N.A.,2017-08-09
131275,SBI DEBT FUND SERIES A - 42 (1111 DAYS) - DIRECT PLAN - DIVIDEND,INF200K019R9,,N.A.,N.A.,N.A.,2017-08-09
131276,SBI DEBT FUND SERIES A - 42 (1111 DAYS) - DIRECT PLAN - GROWTH,INF200K018R1,,12.9584,N.A.,N.A.,2017-08-09
131274,SBI DEBT FUND SERIES A - 42 (1111 DAYS) - REGULAR PLAN - DIVIDEND,INF200K017R3,,12.8268,N.A.,N.A.,2017-08-09
131273,SBI DEBT FUND SERIES A - 42 (1111 DAYS) - REGULAR PLAN - GROWTH,INF200K016R5,,12.8268,N.A.,N.A.,2017-08-09
131403,SBI DEBT FUND SERIES A - 43 (1111 DAYS) - DIRECT PLAN - DIVIDEND,INF200K011T2,,12.8621,N.A.,N.A.,2017-08-09
131401,SBI DEBT FUND SERIES A - 43 (1111 DAYS) - DIRECT PLAN - GROWTH,INF200K010T4,,12.8622,N.A.,N.A.,2017-08-09
131400,SBI DEBT FUND SERIES A - 43 (1111 DAYS) - REGULAR PLAN - DIVIDEND,INF200K019S7,,12.7336,N.A.,N.A.,2017-08-09
131402,SBI DEBT FUND SERIES A - 43 (1111 DAYS) - REGULAR PLAN - GROWTH,INF200K018S9,,12.7336,N.A.,N.A.,2017-08-09
131468,SBI DEBT FUND SERIES A - 44 (1111 DAYS) - DIRECT PLAN - DIVIDEND,INF200K014U4,,12.7727,N.A.,N.A.,2017-08-09
131469,SBI DEBT FUND SERIES A - 44 (1111 DAYS) - DIRECT PLAN - GROWTH,INF200K013U6,,12.7728,N.A.,N.A.,2017-08-09
131467,SBI DEBT FUND SERIES A - 44 (1111 DAYS) - REGULAR PLAN - DIVIDEND,INF200K012U8,,12.6465,N.A.,N.A.,2017-08-09
131466,SBI DEBT FUND SERIES A - 44 (1111 DAYS) - REGULAR PLAN - GROWTH,INF200K011U0,,12.6465,N.A.,N.A.,2017-08-09
127516,SBI DEBT FUND SERIES A - 5 DIRECT - GROWTH,INF200KA1AM5,,13.2746,N.A.,N.A.,2017-08-09
127517,SBI DEBT FUND SERIES A - 5 DIRECT PLAN - DIVIDEND,INF200KA1AN3,,N.A.,N.A.,N.A.,2017-08-09
127514,SBI DEBT FUND SERIES A - 5 REGULAR PLAN - DIVIDEND,INF200KA1AL7,,N.A.,N.A.,N.A.,2017-08-09
127515,SBI DEBT FUND SERIES A - 5 REGULAR PLAN - GROWTH,INF200KA1AK9,,13.1737,N.A.,N.A.,2017-08-09
128321,SBI DEBT FUND SERIES A - 9 DIRECT - GROWTH,INF200KA1713,,13.3140,N.A.,N.A.,2017-08-09
128322,SBI DEBT FUND SERIES A - 9 DIRECT PLAN - DIVIDEND,INF200KA1721,,N.A.,N.A.,N.A.,2017-08-09
128324,SBI DEBT FUND SERIES A - 9 REGULAR PLAN - DIVIDEND,INF200KA1739,,N.A.,N.A.,N.A.,2017-08-09
128323,SBI DEBT FUND SERIES A - 9 REGULAR PLAN - GROWTH,INF200KA1705,,13.1964,N.A.,N.A.,2017-08-09
131594,SBI DEBT FUND SERIES B - 1 (1111 DAYS) - DIRECT PLAN - DIVIDEND,INF200K018U5,,12.7857,N.A.,N.A.,2017-08-09
131596,SBI DEBT FUND SERIES B - 1 (1111 DAYS) - DIRECT PLAN - GROWTH,INF200K017U7,,12.7857,N.A.,N.A.,2017-08-09
131597,SBI DEBT FUND SERIES B - 1 (1111 DAYS) - REGULAR PLAN - DIVIDEND,INF200K016U9,,12.6640,N.A.,N.A.,2017-08-09
131595,SBI DEBT FUND SERIES B - 1 (1111 DAYS) - REGULAR PLAN - GROWTH,INF200K015U1,,12.6640,N.A.,N.A.,2017-08-09
134626,SBI Debt Fund Series B - 16 (1100 Days) - Direct Plan - Dividend,INF200KA1CN9,,12.0529,N.A.,N.A.,2017-08-09
134623,SBI Debt Fund Series B - 16 (1100 Days) - Regular Plan - Growth,INF200KA1CK5,,11.9612,N.A.,N.A.,2017-08-09
134624,SBI Debt Fund Series B -16 (1100 Days) - Direct Plan - Growth,INF200KA1CM1,,12.0529,N.A.,N.A.,2017-08-09
134625,SBI Debt Fund Series B -16 (1100 Days) - Regular Plan - Dividend,INF200KA1CL3,,11.9612,N.A.,N.A.,2017-08-09
134671,SBI DEBT FUND SERIES B - 17 (1100 DAYS) - DIRECT PLAN - DIVIDEND,INF200KA1CZ3,,12.0359,N.A.,N.A.,2017-08-09
134670,SBI DEBT FUND SERIES B - 17 (1100 DAYS) - DIRECT PLAN - GROWTH,INF200KA1CY6,,12.0360,N.A.,N.A.,2017-08-09
134669,SBI DEBT FUND SERIES B - 17 (1100 DAYS) - REGULAR PLAN - DIVIDEND,INF200KA1CX8,,11.9451,N.A.,N.A.,2017-08-09
134672,SBI DEBT FUND SERIES B - 17 (1100 DAYS) - REGULAR PLAN - GROWTH,INF200KA1CW0,,11.9451,N.A.,N.A.,2017-08-09
134688,SBI DEBT FUND SERIES B - 18 (1100 DAYS) - DIRECT PLAN - DIVIDEND,INF200KA1ED6,,12.0041,N.A.,N.A.,2017-08-09
134689,SBI DEBT FUND SERIES B - 18 (1100 DAYS) - DIRECT PLAN - GROWTH,INF200KA1EC8,,12.0044,N.A.,N.A.,2017-08-09
134687,SBI DEBT FUND SERIES B - 18 (1100 DAYS) - REGULAR PLAN - DIVIDEND,INF200KA1EB0,,11.9145,N.A.,N.A.,2017-08-09
134690,SBI DEBT FUND SERIES B - 18 (1100 DAYS) - REGULAR PLAN - GROWTH,INF200KA1EA2,,11.9145,N.A.,N.A.,2017-08-09
134771,SBI DEBT FUND SERIES B - 19 (1100 Days) - DIRECT PLAN - DIVIDEND,INF200KA1EI5,,12.0254,N.A.,N.A.,2017-08-09
134770,SBI DEBT FUND SERIES B - 19 (1100 Days) - DIRECT PLAN - GROWTH,INF200KA1EJ3,,12.0254,N.A.,N.A.,2017-08-09
134769,SBI DEBT FUND SERIES B - 19 (1100 Days) - REGULAR PLAN - DIVIDEND,INF200KA1EK1,,11.9370,N.A.,N.A.,2017-08-09
134768,SBI DEBT FUND SERIES B - 19 (1100 Days) - REGULAR PLAN - GROWTH,INF200KA1EL9,,11.9370,N.A.,N.A.,2017-08-09
132858,SBI DEBT FUND SERIES B - 2 (1111 DAYS) - DIRECT PLAN - DIVIDEND,INF200K010W8,,12.6020,N.A.,N.A.,2017-08-09
132856,SBI DEBT FUND SERIES B - 2 (1111 DAYS) - DIRECT PLAN - GROWTH,INF200K013W2,,12.6020,N.A.,N.A.,2017-08-09
132855,SBI DEBT FUND SERIES B - 2 (1111 DAYS) - REGULAR PLAN - DIVIDEND,INF200K012W4,,12.4836,N.A.,N.A.,2017-08-09
132857,SBI DEBT FUND SERIES B - 2 (1111 DAYS) - REGULAR PLAN - GROWTH,INF200K011W6,,12.4836,N.A.,N.A.,2017-08-09
134810,SBI DEBT FUND SERIES B - 20 (1100 DAYS) - DIRECT PLAN - DIVIDEND,INF200KA1ET2,,12.0115,N.A.,N.A.,2017-08-09
134809,SBI DEBT FUND SERIES B - 20 (1100 DAYS) - DIRECT PLAN - GROWTH,INF200KA1ES4,,12.0115,N.A.,N.A.,2017-08-09
134811,SBI DEBT FUND SERIES B - 20 (1100 DAYS) - REGULAR PLAN - DIVIDEND,INF200KA1ER6,,11.9240,N.A.,N.A.,2017-08-09
134808,SBI DEBT FUND SERIES B - 20 (1100 DAYS) - REGULAR PLAN - GROWTH,INF200KA1EQ8,,11.9240,N.A.,N.A.,2017-08-09
135065,SBI DEBT FUND SERIES B - 22 (1100 DAYS) - DIRECT PLAN - DIVIDEND,INF200KA1FR3,,11.9152,N.A.,N.A.,2017-08-09
135063,SBI DEBT FUND SERIES B - 22 (1100 DAYS) - DIRECT PLAN - GROWTH,INF200KA1FQ5,,11.9152,N.A.,N.A.,2017-08-09
135062,SBI DEBT FUND SERIES B - 22 (1100 DAYS) - REGULAR PLAN - DIVIDEND,INF200KA1FP7,,11.8317,N.A.,N.A.,2017-08-09
135064,SBI DEBT FUND SERIES B - 22 (1100 DAYS) - REGULAR PLAN - GROWTH,INF200KA1FO0,,11.8317,N.A.,N.A.,2017-08-09
135104,SBI DEBT FUND SERIES B - 23 (1100 DAYS) - DIRECT PLAN - GROWTH,INF200KA1FV5,,11.8793,N.A.,N.A.,2017-08-09
135103,SBI DEBT FUND SERIES B - 23 (1100 DAYS) - DIRECT PLAN -DIVIDEND,INF200KA1FW3,,11.8806,N.A.,N.A.,2017-08-09
135102,SBI DEBT FUND SERIES B - 23 (1100 DAYS) - REGULAR PLAN - DIVIDEND,INF200KA1FU7,,11.7992,N.A.,N.A.,2017-08-09
135105,SBI DEBT FUND SERIES B - 23 (1100 DAYS) - REGULAR PLAN - GROWTH,INF200KA1FT9,,11.7992,N.A.,N.A.,2017-08-09
135326,SBI DEBT FUND SERIES B - 25 (1100 DAYS) - DIRECT PLAN - DIVIDEND,INF200KA1GI0,,11.8075,N.A.,N.A.,2017-08-09
135324,SBI DEBT FUND SERIES B - 25 (1100 DAYS) - DIRECT PLAN - GROWTH,INF200KA1GH2,,11.8075,N.A.,N.A.,2017-08-09
135327,SBI DEBT FUND SERIES B - 25 (1100 DAYS) - REGULAR PLAN - DIVIDEND,INF200KA1GG4,,11.7294,N.A.,N.A.,2017-08-09
135325,SBI DEBT FUND SERIES B - 25 (1100 DAYS) - REGULAR PLAN - GROWTH,INF200KA1GF6,,11.7294,N.A.,N.A.,2017-08-09
135565,SBI DEBT FUND SERIES B - 26 (1100 DAYS) - DIRECT PLAN - DIVIDEND,INF200KA1GU5,,11.6223,N.A.,N.A.,2017-08-09
135564,SBI DEBT FUND SERIES B - 26 (1100 DAYS) - DIRECT PLAN - GROWTH,INF200KA1GT7,,11.6223,N.A.,N.A.,2017-08-09
135563,SBI DEBT FUND SERIES B - 26 (1100 DAYS) - REGULAR PLAN - DIVIDEND,INF200KA1GS9,,11.5511,N.A.,N.A.,2017-08-09
135566,SBI DEBT FUND SERIES B - 26 (1100 DAYS) - REGULAR PLAN - GROWTH,INF200KA1GR1,,11.5511,N.A.,N.A.,2017-08-09
135708,SBI DEBT FUND SERIES B - 27 (1100 DAYS) - DIRECT PLAN - DIVIDEND,INF200KA1GY7,,11.5522,N.A.,N.A.,2017-08-09
135710,SBI DEBT FUND SERIES B - 27 (1100 DAYS) - DIRECT PLAN - GROWTH,INF200KA1GX9,,11.5522,N.A.,N.A.,2017-08-09
135707,SBI DEBT FUND SERIES B - 27 (1100 DAYS) - REGULAR PLAN - DIVIDEND,INF200KA1GW1,,11.4844,N.A.,N.A.,2017-08-09
135709,SBI DEBT FUND SERIES B - 27 (1100 DAYS) - REGULAR PLAN - GROWTH,INF200KA1GV3,,11.4844,N.A.,N.A.,2017-08-09
135788,SBI DEBT FUND SERIES B - 28 (1100 DAYS) - DIRECT PLAN - DIVIDEND,INF200KA1HG2,,11.5266,N.A.,N.A.,2017-08-09
135786,SBI DEBT FUND SERIES B - 28 (1100 DAYS) - DIRECT PLAN - GROWTH,INF200KA1HF4,,11.5270,N.A.,N.A.,2017-08-09
135785,SBI DEBT FUND SERIES B - 28 (1100 DAYS) - REGULAR PLAN - DIVIDEND,INF200KA1HE7,,11.4604,N.A.,N.A.,2017-08-09
135787,SBI DEBT FUND SERIES B - 28 (1100 DAYS) - REGULAR PLAN - GROWTH,INF200KA1HD9,,11.4605,N.A.,N.A.,2017-08-09
135904,SBI DEBT FUND SERIES B - 29 (1200 DAYS) - DIRECT PLAN - DIVIDEND,INF200KA1HK4,,11.5528,N.A.,N.A.,2017-08-09
135905,SBI DEBT FUND SERIES B - 29 (1200 DAYS) - DIRECT PLAN - GROWTH,INF200KA1HJ6,,11.5528,N.A.,N.A.,2017-08-09
135903,SBI DEBT FUND SERIES B - 29 (1200 DAYS) - REGULAR PLAN - DIVIDEND,INF200KA1HI8,,11.4888,N.A.,N.A.,2017-08-09
135902,SBI DEBT FUND SERIES B - 29 (1200 DAYS) - REGULAR PLAN - GROWTH,INF200KA1HH0,,11.4888,N.A.,N.A.,2017-08-09
132991,SBI DEBT FUND SERIES B - 3 (1111 DAYS) - DIRECT PLAN - DIVIDEND,INF200K013Y8,,12.5560,N.A.,N.A.,2017-08-09
132994,SBI DEBT FUND SERIES B - 3 (1111 DAYS) - DIRECT PLAN - GROWTH,INF200K012Y0,,12.5560,N.A.,N.A.,2017-08-09
132993,SBI DEBT FUND SERIES B - 3 (1111 DAYS) - REGULAR PLAN - DIVIDEND,INF200K011Y2,,12.4392,N.A.,N.A.,2017-08-09
132992,SBI DEBT FUND SERIES B - 3 (1111 DAYS) - REGULAR PLAN - GROWTH,INF200K010Y4,,12.4392,N.A.,N.A.,2017-08-09
136143,SBI DEBT FUND SERIES B - 31 (1200 DAYS) - DIRECT PLAN - DIVIDEND,INF200KA1HW9,,11.4452,N.A.,N.A.,2017-08-09
136142,SBI DEBT FUND SERIES B - 31 (1200 DAYS) - DIRECT PLAN - GROWTH,INF200KA1HV1,,11.4450,N.A.,N.A.,2017-08-09
136144,SBI DEBT FUND SERIES B - 31 (1200 DAYS) - REGULAR PLAN - DIVIDEND,INF200KA1HU3,,11.3866,N.A.,N.A.,2017-08-09
136141,SBI DEBT FUND SERIES B - 31 (1200 DAYS) - REGULAR PLAN - GROWTH,INF200KA1HT5,,11.3866,N.A.,N.A.,2017-08-09
136431,SBI DEBT FUND SERIES B - 33 (1131 DAYS) - DIRECT PLAN - DIVIDEND PAYOUT,INF200KA1II6,,11.3859,N.A.,N.A.,2017-08-09
136432,SBI DEBT FUND SERIES B - 33 (1131 DAYS) - DIRECT PLAN - GROWTH,INF200KA1IH8,,11.3858,N.A.,N.A.,2017-08-09
136434,SBI DEBT FUND SERIES B - 33 (1131 DAYS) - REGULAR PLAN - DIVIDEND PAYOUT,INF200KA1IG0,,11.3301,N.A.,N.A.,2017-08-09
136433,SBI DEBT FUND SERIES B - 33 (1131 DAYS) - REGULAR PLAN - GROWTH,INF200KA1IF2,,11.3301,N.A.,N.A.,2017-08-09
136477,SBI DEBT FUND SERIES B - 34 (1131 DAYS) - DIRECT PLAN - DIVIDEND PAYOUT,INF200KA1IM8,,11.3524,N.A.,N.A.,2017-08-09
136476,SBI DEBT FUND SERIES B - 34 (1131 DAYS) - DIRECT PLAN - GROWTH,INF200KA1IL0,,11.3523,N.A.,N.A.,2017-08-09
136475,SBI DEBT FUND SERIES B - 34 (1131 DAYS) - REGULAR PLAN - DIVIDEND PAYOUT,INF200KA1IK2,,11.2977,N.A.,N.A.,2017-08-09
136474,SBI DEBT FUND SERIES B - 34 (1131 DAYS) - REGULAR PLAN - GROWTH,INF200KA1IJ4,,11.2977,N.A.,N.A.,2017-08-09
136547,SBI DEBT FUND SERIES B - 35 (1131 DAYS) - DIRECT PLAN - DIVIDEND PAYOUT,INF200KA1IQ9,,11.3286,N.A.,N.A.,2017-08-09
136548,SBI DEBT FUND SERIES B - 35 (1131 DAYS) - DIRECT PLAN - GROWTH,INF200KA1IP1,,11.3288,N.A.,N.A.,2017-08-09
136546,SBI DEBT FUND SERIES B - 35 (1131 DAYS) - REGULAR PLAN - DIVIDEND PAYOUT,INF200KA1IO4,,11.2751,N.A.,N.A.,2017-08-09
136545,SBI DEBT FUND SERIES B - 35 (1131 DAYS) - REGULAR PLAN - GROWTH,INF200KA1IN6,,11.2749,N.A.,N.A.,2017-08-09
139226,SBI DEBT FUND SERIES B - 36 (1131 DAYS) - DIRECT PLAN - DIVIDEND PAYOUT,INF200KA1IY3,,11.2625,N.A.,N.A.,2017-08-09
139227,SBI DEBT FUND SERIES B - 36 (1131 DAYS) - DIRECT PLAN - GROWTH,INF200KA1IX5,,11.2626,N.A.,N.A.,2017-08-09
139225,SBI DEBT FUND SERIES B - 36 (1131 DAYS) - REGULAR PLAN - DIVIDEND PAYOUT,INF200KA1IW7,,11.2105,N.A.,N.A.,2017-08-09
139228,SBI DEBT FUND SERIES B- 36 (1131 DAYS) - REGULAR PLAN - GROWTH,INF200KA1IV9,,11.2104,N.A.,N.A.,2017-08-09
133196,SBI DEBT FUND SERIES B - 4 (1111 DAYS) - DIRECT PLAN - DIVIDEND,INF200K019Z2,,12.4839,N.A.,N.A.,2017-08-09
133198,SBI DEBT FUND SERIES B - 4 (1111 DAYS) - DIRECT PLAN - GROWTH,INF200K018Z4,,12.4839,N.A.,N.A.,2017-08-09
133197,SBI DEBT FUND SERIES B - 4 (1111 DAYS) - REGULAR PLAN - DIVIDEND,INF200K017Z6,,12.3705,N.A.,N.A.,2017-08-09
133195,SBI DEBT FUND SERIES B - 4 (1111 DAYS) - REGULAR PLAN - GROWTH,INF200K016Z8,,12.3705,N.A.,N.A.,2017-08-09
139403,SBI DEBT FUND SERIES B - 41(1100 DAYS)- DIRECT PLAN - DIVIDEND PAYOUT,INF200KA1JS3,,11.0888,N.A.,N.A.,2017-08-09
139406,SBI DEBT FUND SERIES B - 41(1100 DAYS)- DIRECT PLAN - GROWTH,INF200KA1JR5,,11.0887,N.A.,N.A.,2017-08-09
139405,SBI DEBT FUND SERIES B - 41(1100 DAYS)- REGULAR PALN - GROWTH,INF200KA1JP9,,11.0445,N.A.,N.A.,2017-08-09
139404,SBI DEBT FUND SERIES B - 41(1100 DAYS)- REGULAR PLAN - DIVIDEND PAYOUT,INF200KA1JQ7,,11.0445,N.A.,N.A.,2017-08-09
139565,SBI DEBT FUNDS SERIES B - 42 (1100 DAYS) - DIRECT PLAN - DIVIDEND PAYOUT,INF200KA1KB7,,10.9434,N.A.,N.A.,2017-08-09
139567,SBI DEBT FUNDS SERIES B - 42 (1100 DAYS) - DIRECT PLAN - GROWTH,INF200KA1KA9,,10.9434,N.A.,N.A.,2017-08-09
139564,SBI DEBT FUNDS SERIES B - 42 (1100 DAYS) - REGULAR PLAN - DIVIDEND PAYOUT,INF200KA1JZ8,,10.9036,N.A.,N.A.,2017-08-09
139566,SBI DEBT FUNDS SERIES B - 42 (1100 DAYS) - REGULAR PLAN - GROWTH,INF200KA1JY1,,10.9036,N.A.,N.A.,2017-08-09
139790,SBI DEBT FUND SERIES B - 43(1100 DAYS)- DIRECT PLAN - DIVIDEND PAYOUT,INF200KA1KR3,,10.7922,N.A.,N.A.,2017-08-09
139791,SBI DEBT FUND SERIES B - 43(1100 DAYS)- DIRECT PLAN - GROWTH,INF200KA1KQ5,,10.7922,N.A.,N.A.,2017-08-09
139789,SBI DEBT FUND SERIES B - 43(1100 DAYS)- REGULAR PLAN - GROWTH,INF200KA1KO0,,10.7576,N.A.,N.A.,2017-08-09
139788,SBI DEBT FUND SERIES B - 43(1100 DAYS)-REGULAR PLAN - DIVIDEND PAYOUT,INF200KA1KP7,,10.7576,N.A.,N.A.,2017-08-09
140012,SBI Debt Fund Series B - 44 (1100 Days) - Direct Plan - Dividend,INF200KA1LD1,,10.6086,N.A.,N.A.,2017-08-09
140011,SBI Debt Fund Series B - 44 (1100 Days) - Direct plan - Growth,INF200KA1LC3,,10.6086,N.A.,N.A.,2017-08-09
140014,SBI Debt Fund Series B - 44 (1100 Days) - Regular Plan - Dividend,INF200KA1LB5,,10.5789,N.A.,N.A.,2017-08-09
140013,SBI Debt Fund Series B - 44 (1100 Days) - Regular Plan - Growth,INF200KA1LA7,,10.5789,N.A.,N.A.,2017-08-09
140736,SBI DEBT FUND SERIES B - 46 (1155 DAYS) - DIRECT PLAN - DIVIDEND PAYOUT,INF200KA1MB3,,10.3723,N.A.,N.A.,2017-08-09
140735,SBI DEBT FUND SERIES B - 46 (1155 DAYS) - DIRECT PLAN - GROWTH,INF200KA1MA5,,10.3723,N.A.,N.A.,2017-08-09
140734,SBI DEBT FUND SERIES B - 46 (1155 DAYS) - REGULAR PLAN - DIVIDEND PAYOUT,INF200KA1LZ4,,10.3603,N.A.,N.A.,2017-08-09
140733,SBI DEBT FUND SERIES B - 46 (1155 DAYS) - REGULAR PLAN - GROWTH,INF200KA1LY7,,10.3603,N.A.,N.A.,2017-08-09
140764,SBI DEBT FUND SERIES B - 49 (1170 DAYS) - DIRECT PLAN - DIVIDEND PAYOUT,INF200KA1MV1,,10.4018,N.A.,N.A.,2017-08-09
140761,SBI DEBT FUND SERIES B - 49 (1170 DAYS) - DIRECT PLAN - GROWTH,INF200KA1MU3,,10.4018,N.A.,N.A.,2017-08-09
140762,SBI DEBT FUND SERIES B - 49 (1170 DAYS) - REGULAR PLAN - DIVIDEND PAYOUT,INF200KA1MT5,,10.3908,N.A.,N.A.,2017-08-09
140763,SBI DEBT FUND SERIES B - 49 (1170 DAYS) - REGULAR PLAN - GROWTH,INF200KA1MS7,,10.3907,N.A.,N.A.,2017-08-09
133333,SBI DEBT FUND SERIES B - 6 (1111 DAYS) - DIRECT PLAN - DIVIDEND,INF200KA1267,,12.4170,N.A.,N.A.,2017-08-09
133332,SBI DEBT FUND SERIES B - 6 (1111 DAYS) - DIRECT PLAN - GROWTH,INF200KA1259,,12.4165,N.A.,N.A.,2017-08-09
133331,SBI DEBT FUND SERIES B - 6 (1111 DAYS) - REGULAR PLAN - DIVIDEND,INF200KA1242,,12.3037,N.A.,N.A.,2017-08-09
133330,SBI DEBT FUND SERIES B - 6 (1111 DAYS) - REGULAR PLAN - GROWTH,INF200KA1234,,12.3037,N.A.,N.A.,2017-08-09
133853,SBI DEBT FUND SERIES B - 7 (38 MONTHS) - DIRECT PLAN - DIVIDEND,INF200KA1465,,N.A.,N.A.,N.A.,2017-08-09
133856,SBI DEBT FUND SERIES B - 7 (38 MONTHS) - DIRECT PLAN - GROWTH,INF200KA1457,,12.2007,N.A.,N.A.,2017-08-09
133854,SBI DEBT FUND SERIES B - 7 (38 MONTHS) - REGUALR PLAN - DIVIDEND,INF200KA1440,,12.0987,N.A.,N.A.,2017-08-09
133855,SBI DEBT FUNS SERIES B - 7 (38 MONTHS) - REGULAR PLAN - GROWTH,INF200KA1432,,12.0996,N.A.,N.A.,2017-08-09
134316,SBI DEBT FUND SERIES B - 8 (1105 DAYS) - DIRECT PLAN - DIVIDEND,INF200KA1895,,12.2186,N.A.,N.A.,2017-08-09
134313,SBI DEBT FUND SERIES B - 8 (1105 DAYS) - DIRECT PLAN - GROWTH,INF200KA1887,,12.2179,N.A.,N.A.,2017-08-09
134314,SBI DEBT FUND SERIES B - 8 (1105 DAYS) - REGULAR PLAN - DIVIDEND,INF200KA1879,,12.1197,N.A.,N.A.,2017-08-09
134315,SBI DEBT FUND SERIES B - 8 (1105 DAYS) - REGULAR PLAN - GROWTH,INF200KA1861,,12.1197,N.A.,N.A.,2017-08-09
134319,SBI DEBT FUND SERIES B - 9 (1105 DAYS) - DIRECT PLAN - DIVIDEND,INF200KA1937,,12.1581,N.A.,N.A.,2017-08-09
134320,SBI DEBT FUND SERIES B - 9 (1105 DAYS) - DIRECT PLAN - GROWTH,INF200KA1929,,12.1575,N.A.,N.A.,2017-08-09
134318,SBI DEBT FUND SERIES B - 9 (1105 DAYS) - REGULAR PLAN - DIVIDEND,INF200KA1911,,12.0603,N.A.,N.A.,2017-08-09
134317,SBI DEBT FUND SERIES B - 9 (1105 DAYS) - REGULAR PLAN - GROWTH,INF200KA1903,,12.0603,N.A.,N.A.,2017-08-09
141525,SBI DEBT FUND SERIES C - 1 (1100 DAYS) - DIRECT PLAN - DIVIDEND PAYOUT,INF200KA1PX0,,10.1405,N.A.,N.A.,2017-08-09
141524,SBI DEBT FUND SERIES C - 1 (1100 DAYS) - DIRECT PLAN - GROWTH,INF200KA1PW2,,10.1405,N.A.,N.A.,2017-08-09
141523,SBI DEBT FUND SERIES C - 1 (1100 DAYS) - REGULAR PLAN - DIVIDEND PAYOUT,INF200KA1PV4,,10.1359,N.A.,N.A.,2017-08-09
141522,SBI DEBT FUND SERIES C - 1 (1100 DAYS) - REGULAR PLAN - GROWTH,INF200KA1PU6,,10.1355,N.A.,N.A.,2017-08-09
130023,SBI Dual Advantage Fund - Series III - Direct Plan - Dividend,INF200K015J4,,12.4695,N.A.,N.A.,2017-08-09
130024,SBI Dual Advantage Fund - Series III - Direct Plan - Growth,INF200K014J7,,12.6636,N.A.,N.A.,2017-08-09
130022,SBI Dual Advantage Fund - Series III - Regular Plan - Dividend,INF200K013J9,,12.4282,N.A.,N.A.,2017-08-09
130021,SBI Dual Advantage Fund - Series III - Regular Plan - Growth,INF200K012J1,,12.4269,N.A.,N.A.,2017-08-09
131132,SBI DUAL ADVANTAGE FUND - SERIES IV - DIRECT PLAN - DIVIDEND,INF200K013Q4,,12.5483,N.A.,N.A.,2017-08-09
131131,SBI DUAL ADVANTAGE FUND - SERIES IV - DIRECT PLAN - GROWTH,INF200K012Q6,,12.5539,N.A.,N.A.,2017-08-09
131134,SBI DUAL ADVANTAGE FUND - SERIES IV - REGULAR PLAN - DIVIDEND,INF200K011Q8,,12.5300,N.A.,N.A.,2017-08-09
131133,SBI DUAL ADVANTAGE FUND - SERIES IV - REGULAR PLAN - GROWTH,INF200K010Q0,,12.5299,N.A.,N.A.,2017-08-09
134613,SBI DUAL ADVANTAGE FUND - SERIES IX - DIRECT PLAN - DIVIDEND,INF200KA1CB4,,11.9146,N.A.,N.A.,2017-08-09
134614,SBI DUAL ADVANTAGE FUND - SERIES IX - DIRECT PLAN - GROWTH,INF200KA1CA6,,11.9146,N.A.,N.A.,2017-08-09
134612,SBI DUAL ADVANTAGE FUND - SERIES IX - REGULAR PLAN - DIVIDEND,INF200KA1BZ5,,11.6089,N.A.,N.A.,2017-08-09
134611,SBI DUAL ADVANTAGE FUND - SERIES IX - REGULAR PLAN - GROWTH,INF200KA1BY8,,11.6089,N.A.,N.A.,2017-08-09
132920,SBI DUAL ADVANTAGE FUND - SERIES V - DIRECT PLAN - DIVIDEND,INF200K015X5,,12.0331,N.A.,N.A.,2017-08-09
132919,SBI DUAL ADVANTAGE FUND - SERIES V - DIRECT PLAN - GROWTH,INF200K014X8,,12.0327,N.A.,N.A.,2017-08-09
132922,SBI DUAL ADVANTAGE FUND - SERIES V - REGULAR PLAN - DIVIDEND,INF200K013X0,,11.9833,N.A.,N.A.,2017-08-09
132921,SBI DUAL ADVANTAGE FUND - SERIES V - REGULAR PLAN - GROWTH,INF200K012X2,,11.9833,N.A.,N.A.,2017-08-09
133283,SBI DUAL ADVANTAGE FUND - SERIES VI - DIRECT PLAN - DIVIDEND,INF200KA1184,,12.0074,N.A.,N.A.,2017-08-09
133282,SBI DUAL ADVANTAGE FUND - SERIES VI - DIRECT PLAN - GROWTH,INF200KA1176,,12.0074,N.A.,N.A.,2017-08-09
133284,SBI DUAL ADVANTAGE FUND - SERIES VI - REGULAR PLAN - DIVIDEND,INF200KA1168,,11.9610,N.A.,N.A.,2017-08-09
133281,SBI DUAL ADVANTAGE FUND - SERIES VI - REGULAR PLAN - GROWTH,INF200KA1150,,11.9610,N.A.,N.A.,2017-08-09
133717,SBI DUAL ADVANTAGE FUND - SERIES VII - DIRECT PLAN - DIVIDEND,INF200KA1424,,11.8091,N.A.,N.A.,2017-08-09
133716,SBI DUAL ADVANTAGE FUND - SERIES VII - DIRECT PLAN - GROWTH,INF200KA1416,,11.8091,N.A.,N.A.,2017-08-09
133715,SBI DUAL ADVANTAGE FUND - SERIES VII - REGULAR PLAN - DIVIDEND,INF200KA1408,,11.7612,N.A.,N.A.,2017-08-09
133718,SBI DUAL ADVANTAGE FUND - SERIES VII - REGULAR PLAN - GROWTH,INF200KA1390,,11.7610,N.A.,N.A.,2017-08-09
134193,SBI DUAL ADVANTAGE FUND - SERIES VIII - DIRECT PLAN - DIVIDEND,INF200KA1770,,11.5758,N.A.,N.A.,2017-08-09
134196,SBI DUAL ADVANTAGE FUND - SERIES VIII - DIRECT PLAN - GROWTH,INF200KA1762,,11.5758,N.A.,N.A.,2017-08-09
134194,SBI DUAL ADVANTAGE FUND - SERIES VIII - REGULAR PLAN - DIVIDEND,INF200KA1754,,11.5291,N.A.,N.A.,2017-08-09
134195,SBI DUAL ADVANTAGE FUND - SERIES VIII - REGULAR PLAN - GROWTH,INF200KA1747,,11.5288,N.A.,N.A.,2017-08-09
135155,SBI DUAL ADVANTAGE FUND - SERIES X - DIRECT PLAN - DIVIDEND,INF200KA1GE9,,11.9302,N.A.,N.A.,2017-08-09
135154,SBI DUAL ADVANTAGE FUND - SERIES X - DIRECT PLAN - GROWTH,INF200KA1GD1,,11.9302,N.A.,N.A.,2017-08-09
135156,SBI DUAL ADVANTAGE FUND - SERIES X - REGULAR PLAN - DIVIDEND,INF200KA1GC3,,11.6140,N.A.,N.A.,2017-08-09
135153,SBI DUAL ADVANTAGE FUND - SERIES X - REGULAR PLAN - GROWTH,INF200KA1GB5,,11.6141,N.A.,N.A.,2017-08-09
135377,SBI DUAL ADVANTAGE FUND - SERIES XI - DIRECT PLAN - DIVIDEND,INF200KA1GM2,,11.7923,N.A.,N.A.,2017-08-09
135376,SBI DUAL ADVANTAGE FUND - SERIES XI - DIRECT PLAN - GROWTH,INF200KA1GL4,,11.7923,N.A.,N.A.,2017-08-09
135379,SBI DUAL ADVANTAGE FUND - SERIES XI - REGULAR PLAN - DIVIDEND,INF200KA1GK6,,11.5244,N.A.,N.A.,2017-08-09
135378,SBI DUAL ADVANTAGE FUND - SERIES XI - REGULAR PLAN - GROWTH,INF200KA1GJ8,,11.5243,N.A.,N.A.,2017-08-09
135777,SBI DUAL ADVANATGE FUND - SERIES XII - REGULAR PLAN - DIVIDEND,INF200KA1HA5,,11.5696,N.A.,N.A.,2017-08-09
135780,SBI DUAL ADVANTAGE FUND - SERIES XII - DIRECT PLAN - DIVIDEND,INF200KA1HC1,,11.7725,N.A.,N.A.,2017-08-09
135778,SBI DUAL ADVANTAGE FUND - SERIES XII - DIRECT PLAN - GROWTH,INF200KA1HB3,,11.7725,N.A.,N.A.,2017-08-09
135779,SBI DUAL ADVANTAGE FUND - SERIES XII - REGULAR PLAN - GROWTH,INF200KA1GZ4,,11.5701,N.A.,N.A.,2017-08-09
136044,SBI DUAL ADVANTAGE FUND - SERIES XIII - DIRECT PLAN - DIVIDEND,INF200KA1HS7,,11.7609,N.A.,N.A.,2017-08-09
136043,SBI DUAL ADVANTAGE FUND - SERIES XIII - DIRECT PLAN - GROWTH,INF200KA1HR9,,11.7609,N.A.,N.A.,2017-08-09
136045,SBI DUAL ADVANTAGE FUND - SERIES XIII - REGULAR PLAN - DIVIDEND,INF200KA1HQ1,,11.5716,N.A.,N.A.,2017-08-09
136042,SBI DUAL ADVANTAGE FUND - SERIES XIII - REGULAR PLAN - GROWTH,INF200KA1HP3,,11.5715,N.A.,N.A.,2017-08-09
140596,SBI DUAL ADVANTAGE FUND - SERIES XIX - DIRECT PLAN - DIVIDEND PAYOUT,INF200KA1LX9,,10.5159,N.A.,N.A.,2017-08-09
140597,SBI DUAL ADVANTAGE FUND - SERIES XIX - DIRECT PLAN - GROWTH,INF200KA1LW1,,10.5158,N.A.,N.A.,2017-08-09
140598,SBI DUAL ADVANTAGE FUND - SERIES XIX - REGULAR PLAN - DIVIDEND PAYOUT,INF200KA1LV3,,10.4790,N.A.,N.A.,2017-08-09
140595,SBI DUAL ADVANTAGE FUND - SERIES XIX - REGULAR PLAN - GROWTH,INF200KA1LU5,,10.4786,N.A.,N.A.,2017-08-09
139123,SBI Dual Advantage Fund - Series XV- Direct Plan - Growth,INF200KA1IT3,,11.3159,N.A.,N.A.,2017-08-09
139120,SBI Dual Advantage Fund - Series XV- Direct Plan -Dividend Payout,INF200KA1IU1,,11.3159,N.A.,N.A.,2017-08-09
139122,SBI Dual Advantage Fund - Series XV- Regular Plan - Dividend Payout,INF200KA1IS5,,11.1471,N.A.,N.A.,2017-08-09
139121,SBI Dual Advantage Fund - Series XV- Regular Plan - Growth,INF200KA1IR7,,11.1464,N.A.,N.A.,2017-08-09
139531,SBI Dual Advantage Fund - Series XVI - Direct Plan - Dividend Payout,INF200KA1JX3,,10.9294,N.A.,N.A.,2017-08-09
139526,SBI Dual Advantage Fund - Series XVI - Direct Plan - Growth,INF200KA1JW5,,10.9313,N.A.,N.A.,2017-08-09
139532,SBI Dual Advantage Fund - Series XVI - Regular Plan - Dividend Payout,INF200KA1JV7,,10.8415,N.A.,N.A.,2017-08-09
139533,SBI Dual Advantage Fund - Series XVI - Regular Plan - Growth,INF200KA1JU9,,10.8404,N.A.,N.A.,2017-08-09
139793,SBI Dual Advantage Fund  XVII - Direct Plan - Dividend Payout,INF200KA1KN2,,10.8424,N.A.,N.A.,2017-08-09
139792,SBI Dual Advantage Fund  XVII - Regular Plan - Growth,INF200KA1KK8,,10.7689,N.A.,N.A.,2017-08-09
139794,SBI Dual Advantage Fund - Series XVII - Direct Plan - growth,INF200KA1KM4,,10.8421,N.A.,N.A.,2017-08-09
139795,SBI Dual Advantage Fund - Series XVII - Regular Plan - Dividend Payout,INF200KA1KL6,,10.7708,N.A.,N.A.,2017-08-09
140393,SBI Dual Advantage Fund - Series XVIII - Direct Plan - Dividend Payout,INF200KA1LL4,,10.7289,N.A.,N.A.,2017-08-09
140396,SBI Dual Advantage Fund - Series XVIII - Direct Plan - Growth,INF200KA1LK6,,10.8165,N.A.,N.A.,2017-08-09
140395,SBI Dual Advantage Fund - Series XVIII - Regular Plan - Dividend Payout,INF200KA1LJ8,,10.6789,N.A.,N.A.,2017-08-09
140394,SBI Dual Advantage Fund - Series XVIII - Regular Plan - Growth,INF200KA1LI0,,10.6816,N.A.,N.A.,2017-08-09
141350,SBI DUAL ADVANTAGE FUND - SERIES XXII - DIRECT PLAN - DIVIDEND PAYOUT,INF200KA1OR5,,10.2404,N.A.,N.A.,2017-08-09
141348,SBI DUAL ADVANTAGE FUND - SERIES XXII - DIRECT PLAN - GROWTH,INF200KA1OQ7,,10.2404,N.A.,N.A.,2017-08-09
141347,SBI DUAL ADVANTAGE FUND - SERIES XXII - REGULAR PLAN - DIVIDEND PAYOUT,INF200KA1OP9,,10.2161,N.A.,N.A.,2017-08-09
141349,SBI DUAL ADVANTAGE FUND - SERIES XXII - REGULAR PLAN - GROWTH,INF200KA1OO2,,10.2206,N.A.,N.A.,2017-08-09
141633,SBI DUAL ADVANTAGE FUND - SERIES XXIII - DIRECT PLAN - DIVIDEND PAYOUT,INF200KA1QZ3,,10.0392,N.A.,N.A.,2017-08-09
141634,SBI DUAL ADVANTAGE FUND - SERIES XXIII - DIRECT PLAN - GROWTH,INF200KA1QY6,,10.0392,N.A.,N.A.,2017-08-09
141632,SBI DUAL ADVANTAGE FUND - SERIES XXIII - REGULAR PLAN - DIVIDEND PAYOUT,INF200KA1QX8,,10.0372,N.A.,N.A.,2017-08-09
141631,SBI DUAL ADVANTAGE FUND - SERIES XXIII - REGULAR PLAN - GROWTH,INF200KA1QW0,,10.0371,N.A.,N.A.,2017-08-09
136358,SBI DUAL ADVANTAGE FUND SERIES XIV- DIRECT PLAN - DIVIDEND PAYOUT,INF200KA1IA3,,11.6184,N.A.,N.A.,2017-08-09
136359,SBI DUAL ADVANTAGE FUND SERIES XIV- DIRECT PLAN - GROWTH,INF200KA1HZ2,,11.6184,N.A.,N.A.,2017-08-09
136361,SBI DUAL ADVANTAGE FUND SERIES XIV- REGULAR PLAN - DIVIDEND PAYOUT,INF200KA1HY5,,11.4371,N.A.,N.A.,2017-08-09
136360,SBI DUAL ADVANTAGE FUND SERIES XIV- REGULAR PLAN - GROWTH,INF200KA1HX7,,11.4346,N.A.,N.A.,2017-08-09
125386,SBI FIXED INTERVAL DEBT SERIES - 90 DAYS  1 - DIRECT PLAN - DIVIDEND,INF200K01P14,,10.1050,N.A.,N.A.,2017-08-09
125389,SBI FIXED INTERVAL DEBT SERIES - 90 DAYS  1 - REGULAR PLAN - GROWTH,INF200K01O80,,13.1143,N.A.,N.A.,2017-08-09
125388,SBI FIXED INTERVAL DEBT SERIES - 90 DAYS - 1 - DIRECT PLAN - GROWTH,INF200K01P06,,13.2065,N.A.,N.A.,2017-08-09
125387,SBI FIXED INTERVAL DEBT SERIES - 90 DAYS - 1 - REGULAR PLAN - DIVIDEND,INF200K01O98,,10.0982,N.A.,N.A.,2017-08-09
136332,SUNDARAM CAPITAL PROTECTION ORIENTED FUND - 5 YEARS - SERIES 7 - DIRECT PLAN - GROWTH,INF903JA1047,,11.6268,11.6268,11.6268,2017-08-09
136331,SUNDARAM CAPITAL PROTECTION ORIENTED FUND - 5 YEARS - SERIES 7 - DIRECT PLAN DIVIDEND PAYOUT,INF903JA1054,,11.2088,11.2088,11.2088,2017-08-09
136333,SUNDARAM CAPITAL PROTECTION ORIENTED FUND - 5 YEARS - SERIES 7 - REGULAR PLAN - DIVIDEND PAYOUT,INF903JA1039,,11.1415,11.1415,11.1415,2017-08-09
136334,SUNDARAM CAPITAL PROTECTION ORIENTED FUND - 5 YEARS - SERIES 7 - REGULAR PLAN - GROWTH OPTION,INF903JA1021,,11.5588,11.5588,11.5588,2017-08-09
139098,SUNDARAM CPOF 5  YRS SR 8  REGULAR PLAN DIVIDEND,INF903JA1203,,11.0141,11.0141,11.0141,2017-08-09
139095,SUNDARAM CPOF 5 YRS SR 8  DIRECT PLAN DIVIDEND,INF903JA1237,,11.0566,11.0566,11.0566,2017-08-09
139096,SUNDARAM CPOF 5 YRS SR 8  DIRECT PLAN GROWTH,INF903JA1252,,11.4223,11.4223,11.4223,2017-08-09
139097,SUNDARAM CPOF 5 YRS SR 8  REGULAR PLAN GROWTH,INF903JA1245,,11.3792,11.3792,11.3792,2017-08-09
135836,SUNDARAM FIXED TERM PLAN - HB - DIRECT PLAN - GROWTH,INF903J016X6,,11.5638,11.5638,11.5638,2017-08-09
135833,SUNDARAM FIXED TERM PLAN - HB - REGULAR PLAN - GROWTH,INF903J013X3,,11.5521,11.5521,11.5521,2017-08-09
139705,Sundaram Fixed Term Plan - HS - Direct Plan - Dividend Payout,INF903JA1419,,10.5991,10.5991,10.5991,2017-08-09
139706,Sundaram Fixed Term Plan - HS - Direct Plan - Growth,INF903JA1401,,10.8575,10.8575,10.8575,2017-08-09
139707,Sundaram Fixed Term Plan - HS - Regular Plan - Dividend Payout,INF903JA1393,,10.5507,10.5507,10.5507,2017-08-09
139708,Sundaram Fixed Term Plan - HS - Regular Plan - Growth,INF903JA1385,,10.8089,10.8089,10.8089,2017-08-09
125417,Sundaram Fixed Term Plan ER Direct Plan Growth,INF903J014R3,,13.6570,13.6570,13.6570,2017-08-09
125420,Sundaram Fixed Term Plan ER Regular Plan Growth,INF903J017R6,,13.4849,13.4849,13.4849,2017-08-09
125421,Sundaram Fixed Term Plan ER Regular Plan Half Yearly Dividend Payout,INF903J018R4,,11.6381,11.6381,11.6381,2017-08-09
127711,Sundaram Fixed Term Plan FD Direct Plan Growth,INF903J017L9,,13.4237,13.4237,13.4237,2017-08-09
127708,Sundaram Fixed Term Plan FD Regular Plan Growth,INF903J014L6,,13.3354,13.3354,13.3354,2017-08-09
127710,Sundaram Fixed Term Plan FD Regular Plan Quarterly Dividend Payout,INF903J015L3,,11.1413,11.1413,11.1413,2017-08-09
130895,Sundaram Fixed Term Plan GJ Direct Plan Growth,INF903J01Q16,,12.9627,12.9627,12.9627,2017-08-09
130890,Sundaram Fixed Term Plan GJ Direct Plan Half Yearly Dividend Payout,INF903J01Q24,,11.1109,11.1109,11.1109,2017-08-09
130891,Sundaram Fixed Term Plan GJ Direct Plan Quarterly Dividend Payout,INF903J01Q32,,10.7613,10.7613,10.7613,2017-08-09
130892,Sundaram Fixed Term Plan GJ Regular Plan Growth,INF903J01P82,,12.7968,12.7968,12.7968,2017-08-09
130893,Sundaram Fixed Term Plan GJ Regular Plan Half Yearly Dividend Payout,INF903J01P90,,10.9521,10.9521,10.9521,2017-08-09
130894,Sundaram Fixed Term Plan GJ Regular Plan Quarterly Dividend Payout,INF903J01Q08,,10.6134,10.6134,10.6134,2017-08-09
131200,Sundaram Fixed Term Plan GK Direct Plan Growth,INF903J01U10,,12.9016,12.9016,12.9016,2017-08-09
131201,Sundaram Fixed Term Plan GK Direct Plan Half Yearlly Divinded Payout,INF903J01U28,,11.5370,11.5370,11.5370,2017-08-09
131203,Sundaram Fixed Term Plan GK Regular Plan Growth,INF903J01T88,,12.7392,12.7392,12.7392,2017-08-09
131205,Sundaram Fixed Term Plan GK Regular Plan Quaterly Dividend Payout,INF903J01U02,,10.5526,10.5526,10.5526,2017-08-09
133552,Sundaram Fixed Term Plan GU Direct Plan Growth,INF903J011C1,,12.3467,12.3467,12.3467,2017-08-09
133555,Sundaram Fixed Term Plan GU Regular Plan Growth,INF903J018B8,,12.3096,12.3096,12.3096,2017-08-09
133556,Sundaram Fixed Term Plan GU Regular Plan Half Yearly Dividend Payout,INF903J019B6,,10.9676,10.9676,10.9676,2017-08-09
134507,Sundaram Fixed Term Plan GW Direct Plan Growth,INF903J013N4,,12.0129,12.0129,12.0129,2017-08-09
134509,Sundaram Fixed Term Plan GW Direct Plan Quarterly Dividend Payout,INF903J015N9,,10.3206,10.3206,10.3206,2017-08-09
134510,Sundaram Fixed Term Plan GW Regular Plan Growth,INF903J010N0,,12.0032,12.0032,12.0032,2017-08-09
134511,Sundaram Fixed Term Plan GW Regular Plan Quarterly Dividend Payout,INF903J012N6,,10.3062,10.3062,10.3062,2017-08-09
135711,SUNDARAM FIXED TERM PLAN HA - DIRECT PLAN - GROWTH,INF903J016W8,,11.5500,11.5500,11.5500,2017-08-09
135714,SUNDARAM FIXED TERM PLAN HA - REGULAR PLAN - GROWTH,INF903J013W5,,11.5383,11.5383,11.5383,2017-08-09
135715,SUNDARAM FIXED TERM PLAN HA - REGULAR PLAN - HALF YEARLY DIVIDEND PAYOUT,INF903J014W3,,10.7086,10.7086,10.7086,2017-08-09
135716,SUNDARAM FIXED TERM PLAN HA - REGULAR PLAN - QUARTERLY DIVIDEND PAYOUT,INF903J015W0,,10.3607,10.3607,10.3607,2017-08-09
135921,SUNDARAM FIXED TERM PLAN HC - DIRECT PLAN - GROWTH,INF903J012Y3,,11.5557,11.5557,11.5557,2017-08-09
135918,SUNDARAM FIXED TERM PLAN HC - REGULAR PLAN - HALF YEARLY DIVIDEND PAYOUT,INF903J010Y7,,10.7142,10.7142,10.7142,2017-08-09
135919,SUNDARAM FIXED TERM PLAN HC - REGULAR PLAN QUARTERLY DIVIDEND PAYOUT,INF903J011Y5,,10.3660,10.3660,10.3660,2017-08-09
135920,SUNDARAM FIXED TERM PLAN HC REGULAR PLAN GROWTH,INF903J019X0,,11.5455,11.5455,11.5455,2017-08-09
136336,SUNDARAM FIXED TERM PLAN HI - DIRECT PLAN - GROWTH OPTION,INF903J018Z7,,11.4350,11.4350,11.4350,2017-08-09
136337,SUNDARAM FIXED TERM PLAN HI - REGULAR PLAN - GROWTH OPTION,INF903J015Z3,,11.4173,11.4173,11.4173,2017-08-09
139494,SUNDARAM FIXED TERM PLAN HM  REGULAR PLAN GROWTH,INF903JA1377,,11.0438,11.0438,11.0438,2017-08-09
139493,SUNDARAM FIXED TERM PLAN HM DIRECT PLAN GROWTH,INF903JA1351,,11.1003,11.1003,11.1003,2017-08-09
139495,SUNDARAM FIXED TERM PLAN HM REGULAR  PLAN DIVIDEND PAYOUT,INF903JA1344,,10.6312,10.6312,10.6312,2017-08-09
128424,Sundaram Hybrid Fund Series F Direct Plan Growth,INF903J01I32,,13.7689,13.7689,13.7689,2017-08-09
128425,Sundaram Hybrid Fund Series F Direct Plan Half Yearly Dividend Payout,INF903J01I40,,12.7025,12.7025,12.7025,2017-08-09
128426,Sundaram Hybrid Fund Series F Direct Plan Yearly Dividend Payout,INF903J01I57,,12.0557,12.0557,12.0557,2017-08-09
128427,Sundaram Hybrid Fund Series F Regular Plan Growth,INF903J01I08,,13.3977,13.3977,13.3977,2017-08-09
128428,Sundaram Hybrid Fund Series F Regular Plan Half Yearly Dividend Payout,INF903J01I16,,12.4416,12.4416,12.4416,2017-08-09
128429,Sundaram Hybrid Fund Series F Regular Plan Yearly Dividend Payout,INF903J01I24,,11.9578,11.9578,11.9578,2017-08-09
134673,Sundaram Hybrid Fund Series M Direct Plan Growth,INF903J019O9,,11.6435,11.6435,11.6435,2017-08-09
134675,Sundaram Hybrid Fund Series M Direct Plan half Yearly Dividend,INF903J010P5,,11.1176,11.1176,11.1176,2017-08-09
134674,Sundaram Hybrid Fund Series M Direct plan Yearly Dividend,INF903J011P3,,10.8495,10.8495,10.8495,2017-08-09
134677,Sundaram Hybrid Fund Series M Regular Plan  Half yearly Dividend,INF903J017O3,,11.0169,11.0169,11.0169,2017-08-09
134676,Sundaram Hybrid Fund Series M Regular Plan Growth,INF903J016O5,,11.5420,11.5420,11.5420,2017-08-09
134678,Sundaram Hybrid Fund Series M Regular Plan Yearly Dividend,INF903J018O1,,10.7511,10.7511,10.7511,2017-08-09
136344,SUNDARAM HYBRID FUND - SERIES O - DIRECT PLAN - GROWTH OPTION,INF903J012Z0,,11.4160,11.4160,11.4160,2017-08-09
136339,SUNDARAM HYBRID FUND - SERIES O - DIRECT PLAN - HALF YEARLY DIVIDEND PAYOUT,INF903J013Z8,,11.0547,11.0547,11.0547,2017-08-09
136343,SUNDARAM HYBRID FUND - SERIES O - DIRECT PLAN - YEARLY DIVIDEND PAYOUT,INF903J014Z6,,10.9424,10.9424,10.9424,2017-08-09
136341,SUNDARAM HYBRID FUND - SERIES O - REGULAR PLAN - HALF YEARLY DIVIDEND PAYOUT,INF903J010Z4,,11.0178,11.0178,11.0178,2017-08-09
136342,SUNDARAM HYBRID FUND - SERIES O - REGULAR PLAN - YEARLY DIVIDEND PAYOUT,INF903J011Z2,,10.9112,10.9112,10.9112,2017-08-09
136340,SUNDARAM HYBRID SERIES O - REGULAR PLAN - GROWTH OPTION,INF903J019Y8,,11.3843,11.3843,11.3843,2017-08-09
129787,Sundaram Hybrid Fund Series H Direct Plan Growth,INF903J01K79,,13.5790,13.5790,13.5790,2017-08-09
129788,Sundaram Hybrid Fund Series H Direct Plan Half yearly Dividend Payout,INF903J01K87,,12.6200,12.6200,12.6200,2017-08-09
129790,Sundaram Hybrid Fund Series H Regular Plan Growth,INF903J01K46,,13.2268,13.2268,13.2268,2017-08-09
129791,Sundaram Hybrid Fund Series H Regular Plan Half Yearly Dividend Payout,INF903J01K53,,12.2707,12.2707,12.2707,2017-08-09
129792,Sundaram Hybrid Fund Series H Regular Plan Yearly Dividend Payout,INF903J01K61,,11.8943,11.8943,11.8943,2017-08-09
130307,Sundaram Hybrid Fund Series K Direct Growth,INF903J01N92,,12.7889,12.7889,12.7889,2017-08-09
130305,Sundaram Hybrid Fund Series K Direct Half yearly Dividend,INF903J01O00,,11.9871,11.9871,11.9871,2017-08-09
130306,Sundaram Hybrid Fund Series K Direct Yearly Dividend,INF903J01O18,,11.6162,11.6162,11.6162,2017-08-09
130303,Sundaram Hybrid Fund Series K Regular Growth,INF903J01N68,,12.4970,12.4970,12.4970,2017-08-09
130304,Sundaram Hybrid Fund Series K Regular half yearly Dividend,INF903J01N76,,11.6990,11.6990,11.6990,2017-08-09
130308,Sundaram Hybrid Fund Series K Regular Yearly Dividend,INF903J01N84,,11.4845,11.4845,11.4845,2017-08-09
134710,SUNDARAM hYBRID SERIES N DIRECT PLAN GROWTH,INF903J010R1,,11.7067,11.7067,11.7067,2017-08-09
134711,SUNDARAM HYBRID SERIES N DIRECT PLAN HALF YEARLY DIVIDEND PAYOUT,INF903J018Q6,,11.1796,11.1796,11.1796,2017-08-09
134712,SUNDARAM HYBRID SERIES N DIRECT PLAN YEARLY DIVIDEND PAYOUT,INF903J019Q4,,10.8607,10.8607,10.8607,2017-08-09
134713,SUNDARAM HYBRID SERIES N REGULAR PLAN GROWTH,INF903J013R5,,11.6068,11.6068,11.6068,2017-08-09
134715,SUNDARAM HYBRID SERIES N REGULAR PLAN YEARLY DIVIDEND,INF903J012R7,,10.7625,10.7625,10.7625,2017-08-09
134714,"SUNDARAM, HYBRID SERIES N REGULAR PLAN HALF YEARLY DIVIDEND PAYOUT",INF903J011R9,,11.0810,11.0810,11.0810,2017-08-09
136544,SUNDARAM HYBRID SERIES P DIRECT  PLAN  HALF YEARLY DIVIDEDN,INF903JA1104,,11.0122,11.0122,11.0122,2017-08-09
136542,SUNDARAM HYBRID SERIES P DIRECT PLAN GROWTH,INF903JA1096,,11.3798,11.3798,11.3798,2017-08-09
136543,SUNDARAM HYBRID SERIES P DIRECT PLAN YEARLY DIVIDEND,INF903JA1112,,10.9060,10.9060,10.9060,2017-08-09
136539,SUNDARAM HYBRID SERIES P REGULAR PLAN GROWTH,INF903JA1062,,11.3316,11.3316,11.3316,2017-08-09
136540,SUNDARAM HYBRID SERIES P REGULAR PLAN HALF YEARLY DIVIDEND,INF903JA1070,,10.9646,10.9646,10.9646,2017-08-09
136541,SUNDARAM HYBRID SERIES P REGULAR PLAN YEARLY DIVIDEND,INF903JA1088,,10.8576,10.8576,10.8576,2017-08-09
141254,SUNDARAM HYBRID SERIES U DIRECT PLAN  HALF YEARLY DIVIDEND  PAYOUT,INF903JA1AF2,,10.2772,10.2772,10.2772,2017-08-09
141253,SUNDARAM HYBRID SERIES U DIRECT PLAN GROWTH,INF903JA1AE5,,10.2772,10.2772,10.2772,2017-08-09
141255,SUNDARAM HYBRID SERIES U REGULAR PLAN GROWTH,INF903JA1AB1,,10.2730,10.2730,10.2730,2017-08-09
141251,SUNDARAM HYBRID SERIES U REGULAR PLAN HALF YEARLY DIVIDEND PAYOUT,INF903JA1AC9,,10.2730,10.2730,10.2730,2017-08-09
141252,SUNDARAM HYBRID SERIES U REGULAR PLAN YEARLY DIVIDEND PAYOUT,INF903JA1AD7,,10.2730,10.2730,10.2730,2017-08-09
135056,Sundaram Fixed Term Plan GY Direct Plan Growth,INF903J017S4,,11.9572,11.9572,11.9572,2017-08-09
135059,Sundaram Fixed Term Plan GY Regular Plan growth,INF903J014S1,,11.8922,11.8922,11.8922,2017-08-09
135058,Sundaram Fixed Term Plan GY Regular Plan Half Yearly Dividned Payout,INF903J015S8,,11.0726,11.0726,11.0726,2017-08-09
135060,Sundaram Fixed Term Plan GY Regular Plan Quarterly  Dividned Payout,INF903J016S6,,10.7252,10.7252,10.7252,2017-08-09
131046,Tata Dual Advantage Fund Series 2 Scheme A -Direct Plan Growth Option,INF277K01F30,,13.4571,0.0000,0.0000,2017-08-09
131044,Tata Dual Advantage Fund Series 2 Scheme A-Direct Plan Dividend(Payout) Option,INF277K01F48,,13.4570,0.0000,0.0000,2017-08-09
131045,Tata Dual Advantage Fund Series 2 Scheme A-Plan A Dividend(Payout) Option,INF277K01F22,,12.8822,0.0000,0.0000,2017-08-09
131043,Tata Dual Advantage Fund Series 2 Scheme A-Plan A Growth Option,INF277K01F14,,12.8822,0.0000,0.0000,2017-08-09
133018,Tata Dual Advantage Fund Series 2 Scheme B Direct Plan Dividend Payout,INF277K01J85,,12.8060,0.0000,0.0000,2017-08-09
133017,Tata Dual Advantage Fund Series 2 Scheme B Direct Plan Growth,INF277K01J77,,12.8060,0.0000,0.0000,2017-08-09
133016,Tata Dual Advantage Fund Series 2 Scheme B Plan A Dividend Payout,INF277K01J69,,12.2998,0.0000,0.0000,2017-08-09
133007,Tata Dual Advantage Fund Series 2 Scheme B Plan A Growth,INF277K01J51,,12.2998,0.0000,0.0000,2017-08-09
133511,Tata Dual Advantage Fund Series 2 Scheme C Direct Plan Dividend Payout,INF277K01M49,,12.4984,0.0000,0.0000,2017-08-09
133512,Tata Dual Advantage Fund Series 2 Scheme C Direct Plan Growth,INF277K01M31,,12.4984,0.0000,0.0000,2017-08-09
133510,Tata Dual Advantage Fund Series 2 Scheme C Plan A Dividend Payout,INF277K01M23,,12.1193,0.0000,0.0000,2017-08-09
133509,Tata Dual Advantage Fund Series 2 Scheme C Plan A Growth,INF277K01M15,,12.1193,0.0000,0.0000,2017-08-09
134011,Tata Dual Advantage Fund Series 3 Scheme A Direct Plan Dividend Payout,INF277K01P04,,12.2860,0.0000,0.0000,2017-08-09
134009,Tata Dual Advantage Fund Series 3 Scheme A Direct Plan Growth,INF277K01O96,,12.2860,0.0000,0.0000,2017-08-09
134010,Tata Dual Advantage Fund Series 3 Scheme A Plan A Dividend Payout,INF277K01O88,,11.8540,0.0000,0.0000,2017-08-09
134012,Tata Dual Advantage Fund Series 3 Scheme A Plan A Growth,INF277K01O70,,11.8540,0.0000,0.0000,2017-08-09
124616,Tata FMP Series 44 Scheme D - Direct Plan -Growth Option,INF277K01S50,,13.8939,0.0000,0.0000,2017-08-09
124615,Tata FMP Series 44 Scheme D- Plan A -Growth Option,INF277K01S43,,13.7572,0.0000,0.0000,2017-08-09
125840,Tata FMP Series 46 Scheme D - Direct Plan -Growth Option,INF277K01S92,,13.5582,0.0000,0.0000,2017-08-09
125842,Tata FMP Series 46 Scheme D- Plan A -Growth Option,INF277K01S76,,13.4372,0.0000,0.0000,2017-08-09
126699,Tata FMP Series 46 Scheme K - Direct Plan -Growth Option,INF277K01T26,,13.6037,0.0000,0.0000,2017-08-09
126698,Tata FMP Series 46 Scheme K - Plan A -Dividend Option ( Payout),INF277K01T00,,12.0337,0.0000,0.0000,2017-08-09
126697,Tata FMP Series 46 Scheme K- Plan A -Growth Option,INF277K01T18,,13.3332,0.0000,0.0000,2017-08-09
126967,Tata FMP Series 46 Scheme M - Direct Plan - Dividend Option ( Payout),INF277K01T59,,12.1377,0.0000,0.0000,2017-08-09
126970,Tata FMP Series 46 Scheme M - Direct Plan -Growth Option,INF277K01T67,,13.4816,0.0000,0.0000,2017-08-09
126969,Tata FMP Series 46 Scheme M - Plan A -Dividend Option ( Payout),INF277K01T34,,12.0984,0.0000,0.0000,2017-08-09
126968,Tata FMP Series 46 Scheme M - Plan A -Growth Option,INF277K01T42,,13.3626,0.0000,0.0000,2017-08-09
126973,Tata FMP Series 46 Scheme N - Direct Plan -Growth Option,INF277K01U07,,13.3974,0.0000,0.0000,2017-08-09
126972,Tata FMP Series 46 Scheme N - Plan A -Dividend Option ( Payout),INF277K01T75,,12.0778,0.0000,0.0000,2017-08-09
126971,Tata FMP Series 46 Scheme N - Plan A -Growth Option,INF277K01T83,,13.2813,0.0000,0.0000,2017-08-09
127874,Tata FMP Series 46 Scheme Q - Direct Plan - Dividend Option ( Payout),INF277K01U31,,12.1192,0.0000,0.0000,2017-08-09
127872,Tata FMP Series 46 Scheme Q - Direct Plan -Growth Option,INF277K01U49,,13.3646,0.0000,0.0000,2017-08-09
127873,Tata FMP Series 46 Scheme Q - Plan A -Dividend Option ( Payout),INF277K01U15,,12.0764,0.0000,0.0000,2017-08-09
127871,Tata FMP Series 46 Scheme Q - Plan A -Growth Option,INF277K01U23,,13.2487,0.0000,0.0000,2017-08-09
128301,Tata FMP Series 46 Scheme R - Direct Plan - Dividend Option ( Payout),INF277K01U72,,12.1353,0.0000,0.0000,2017-08-09
128300,Tata FMP Series 46 Scheme R - Direct Plan -Growth Option,INF277K01U80,,13.3404,0.0000,0.0000,2017-08-09
128299,Tata FMP Series 46 Scheme R - Plan A -Dividend Option ( Payout),INF277K01U56,,12.0967,0.0000,0.0000,2017-08-09
128302,Tata FMP Series 46 Scheme R - Plan A -Growth Option,INF277K01U64,,13.2386,0.0000,0.0000,2017-08-09
127299,Tata FMP Series 46 Scheme T - Direct Plan -Growth Option,INF277K01U98,,13.4614,0.0000,0.0000,2017-08-09
127296,Tata FMP Series 46 Scheme T - Plan A -Growth Option,INF277K01V06,,13.3443,0.0000,0.0000,2017-08-09
128398,Tata Fixed Maturity Plan Series 47 Scheme C-Direct Plan-Dividend Payout,INF277K01R36,,12.1346,0.0000,0.0000,2017-08-09
128396,Tata Fixed Maturity Plan Series 47 Scheme C-Direct Plan-Growth,INF277K01R44,,13.2788,0.0000,0.0000,2017-08-09
128399,Tata Fixed Maturity Plan Series 47 Scheme C-Plan A -Dividend Payout,INF277K01R10,,12.0944,0.0000,0.0000,2017-08-09
128397,Tata Fixed Maturity Plan Series 47 Scheme C-Plan A -Growth,INF277K01R28,,13.2151,0.0000,0.0000,2017-08-09
128400,Tata Fixed Maturity Plan Series 47 Scheme D-Direct Plan-Dividend Payout,INF277K01R77,,12.1346,0.0000,0.0000,2017-08-09
128402,Tata Fixed Maturity Plan Series 47 Scheme D-Direct Plan-Growth,INF277K01R85,,13.3569,0.0000,0.0000,2017-08-09
128403,Tata Fixed Maturity Plan Series 47 Scheme D-Plan A -Dividend Payout,INF277K01R51,,12.0854,0.0000,0.0000,2017-08-09
128401,Tata Fixed Maturity Plan Series 47 Scheme D-Plan A -Growth,INF277K01R69,,13.2085,0.0000,0.0000,2017-08-09
128829,Tata Fixed Maturity Plan Series 47 Scheme E Direct Plan Growth,INF277K01V97,,13.2425,0.0000,0.0000,2017-08-09
128828,Tata Fixed Maturity Plan Series 47 Scheme E Plan A Dividend Payout,INF277K01V63,,12.0591,0.0000,0.0000,2017-08-09
128830,Tata Fixed Maturity Plan Series 47 Scheme E Plan A Growth,INF277K01V71,,13.1764,0.0000,0.0000,2017-08-09
129044,Tata FMP Series 47 Scheme F - Direct Plan -Growth Option,INF277K01W39,,13.1944,0.0000,0.0000,2017-08-09
129043,Tata FMP Series 47 Scheme F - Plan A -Dividend Option ( Payout),INF277K01W05,,12.0176,0.0000,0.0000,2017-08-09
129042,Tata FMP Series 47 Scheme F - Plan A -Growth Option,INF277K01W13,,13.1265,0.0000,0.0000,2017-08-09
129218,Tata FMP Series 47 Scheme H - Direct Plan -Growth Option,INF277K01W70,,13.2247,0.0000,0.0000,2017-08-09
129217,Tata FMP Series 47 Scheme H - Plan A -Dividend Option ( Payout),INF277K01W47,,12.0703,0.0000,0.0000,2017-08-09
129216,Tata FMP Series 47 Scheme H - Plan A -Growth Option,INF277K01W54,,13.1530,0.0000,0.0000,2017-08-09
128980,Tata FMP Series 47 Scheme J - Direct Plan - Dividend Option ( Payout),INF277K01S19,,12.1391,0.0000,0.0000,2017-08-09
128983,Tata FMP Series 47 Scheme J - Direct Plan -Growth Option,INF277K01S27,,13.2680,0.0000,0.0000,2017-08-09
128982,Tata FMP Series 47 Scheme J - Plan A -Dividend Option ( Payout),INF277K01R93,,12.0998,0.0000,0.0000,2017-08-09
128981,Tata FMP Series 47 Scheme J - Plan A -Growth Option,INF277K01S01,,13.1996,0.0000,0.0000,2017-08-09
134170,Union Capital Protection Oriented Fund - Series 6 - Direct Plan - Dividend Option,INF582M01CF8,,10.8696,N.A.,N.A.,2017-08-09
134171,Union Capital Protection Oriented Fund - Series 6 - Direct Plan - Growth Option,INF582M01CE1,,10.8696,N.A.,N.A.,2017-08-09
134169,Union Capital Protection Oriented Fund - Series 6 - Regular Plan - Growth Option,INF582M01CH4,,10.8649,N.A.,N.A.,2017-08-09
140558,Union Capital Protection Oriented Fund - Series 7 - Direct Plan - Dividend Option,INF582M01CL6,,10.4274,N.A.,N.A.,2017-08-09
140557,Union Capital Protection Oriented Fund - Series 7 - Direct Plan - Growth Option,INF582M01CK8,,10.4274,N.A.,N.A.,2017-08-09
140555,Union Capital Protection Oriented Fund - Series 7 - Regular Plan - Dividend Option,INF582M01CO0,,10.3810,N.A.,N.A.,2017-08-09
140556,Union Capital Protection Oriented Fund - Series 7 - Regular Plan - Growth Option,INF582M01CN2,,10.3810,N.A.,N.A.,2017-08-09
132973,UTI - Capital Protection Oriented Scheme - Series - IV - III (1105 Days) - Growth Option,INF789FA19H5,,12.0005,0,0,2017-08-09
132976,UTI - Capital Protection Oriented Scheme - Series IV - III (1105 Days) - Dividend Option - Direct,INF789FA10I2,,12.483,0,0,2017-08-09
132974,UTI - Capital Protection Oriented Scheme - Series IV - III (1105 Days) - Growth Option - Direct,INF789FA11I0,,12.483,0,0,2017-08-09
132975,UTI - Capital Protection Oriented Scheme - Series IV -III (1105 Days) - Dividend Option,INF789FA18H7,,12.0005,0,0,2017-08-09
141245,UTI Capital Protection Oriented Scheme Series IX-I (1467 Days) - Direct Plan - Dividend Option,INF789FC1TE6,,10.2716,0,0,2017-08-09
141244,UTI Capital Protection Oriented Scheme Series IX-I (1467 Days) - Direct Plan - Growth Option,INF789FC1TF3,,10.2716,0,0,2017-08-09
141243,UTI Capital Protection Oriented Scheme Series IX-I (1467 Days) - Regular Plan - Dividend Option,INF789FC1TC0,,10.2202,0,0,2017-08-09
141246,UTI Capital Protection Oriented Scheme Series IX-I (1467 Days) - Regular Plan - Growth Option,INF789FC1TD8,,10.2202,0,0,2017-08-09
141463,UTI Capital Protection Oriented Scheme Series IX-II ( 1462 Days) - Direct Plan - Dividend Option,INF789FC1A04,,10.1303,0,0,2017-08-09
141466,UTI Capital Protection Oriented Scheme Series IX-II ( 1462 Days) - Direct Plan - Growth Option,INF789FC1A12,,10.1303,0,0,2017-08-09
141465,UTI Capital Protection Oriented Scheme Series IX-II ( 1462 Days) - Regular Plan - Dividend Option,INF789FC1ZY1,,10.0994,0,0,2017-08-09
141464,UTI Capital Protection Oriented Scheme Series IX-II ( 1462 Days) - Regular Plan - Growth Option,INF789FC1ZZ8,,10.0995,0,0,2017-08-09
135462,UTI Capital Protection Oriented Scheme Series VI-II ( 1100 Days) - Regular Plan - Growth Option,INF789FB17C8,,11.4648,0,0,2017-08-09
135465,UTI Capital Protection Oriented Scheme Series VI-II (1100 DAys ) - Direct Plan - Growth Option,INF789FB19C4,,11.8259,0,0,2017-08-09
135464,UTI Capital Protection Oriented Scheme Series VI-II (1100 Days) - Direct Plan - Dividend Option,INF789FB18C6,,11.826,0,0,2017-08-09
135463,UTI Capital Protection Oriented Scheme Series VI-II (1100 Days) - Regular Plan - Dividend Option,INF789FB16C0,,11.4648,0,0,2017-08-09
135605,UTI Capital Protection Oriented Scheme Series VI-III (1098 Days) - Direct Plan - Dividend Option,INF789FB16F3,,11.8374,0,0,2017-08-09
135604,UTI Capital Protection Oriented Scheme Series VI-III (1098 Days) - Direct Plan - Growth Option,INF789FB17F1,,11.8374,0,0,2017-08-09
135603,UTI Capital Protection Oriented Scheme Series VI-III (1098 Days) - Regular Plan - Dividend Option,INF789FB14F8,,11.5034,0,0,2017-08-09
135602,UTI Capital Protection Oriented Scheme Series VI-III (1098 Days) - Regular Plan - Growth Option,INF789FB15F5,,11.5034,0,0,2017-08-09
136019,UTI Capital Protection Oriented Scheme Series VII-I (1098 Days) - Direct Plan - Dividend Option,INF789FB14N2,,11.9809,0,0,2017-08-09
136018,UTI Capital Protection Oriented Scheme Series VII-I (1098 Days) - Direct Plan - Growth Option,INF789FB15N9,,11.981,0,0,2017-08-09
136021,UTI Capital Protection Oriented Scheme Series VII-I (1098 Days) - Regular Plan - Dividend Option,INF789FB12N6,,11.6794,0,0,2017-08-09
136020,UTI Capital Protection Oriented Scheme Series VII-I (1098 Days) - Regular Plan - Growth Option,INF789FB13N4,,11.6794,0,0,2017-08-09
138233,UTI Capital Protection Oriented Scheme Series VII-II (1281 Days) - Direct Plan - Dividend Option,INF789FB16T4,,11.6819,0,0,2017-08-09
136356,UTI Capital Protection Oriented Scheme Series VII-II (1281 Days) - Direct Plan - Growth Option,INF789FB17T2,,11.682,0,0,2017-08-09
138232,UTI Capital Protection Oriented Scheme Series VII-II (1281 Days) - Regular Plan - Dividend Option,INF789FB14T9,,11.3933,0,0,2017-08-09
136357,UTI Capital Protection Oriented Scheme Series VII-II (1281 Days) - Regular Plan - Growth Option,INF789FB15T6,,11.3933,0,0,2017-08-09
136501,UTI Capital Protection Oriented Scheme Series VII-III (1279 Days) - Direct Plan - Dividend Option,INF789FB14W3,,11.5895,0,0,2017-08-09
136504,UTI Capital Protection Oriented Scheme Series VII-III (1279 Days) - Direct Plan - Growth Option,INF789FB15W0,,11.5895,0,0,2017-08-09
136503,UTI Capital Protection Oriented Scheme Series VII-III (1279 Days) - Regular Plan - Dividend Option,INF789FB12W7,,11.3179,0,0,2017-08-09
136502,UTI Capital Protection Oriented Scheme Series VII-III (1279 Days) - Regular Plan - Growth Option,INF789FB13W5,,11.318,0,0,2017-08-09
139301,UTI Capital Protection Oriented Scheme Series VII-IV (1278 Days) - Direct Plan - Dividend Option,INF789FC1717,,11.2893,0,0,2017-08-09
139299,UTI Capital Protection Oriented Scheme Series VII-IV (1278 Days) - Direct Plan - Growth Option,INF789FC1725,,11.2893,0,0,2017-08-09
139302,UTI Capital Protection Oriented Scheme Series VII-IV (1278 Days) - Regular Plan - Dividend Option,INF789FC1691,,11.0422,0,0,2017-08-09
139300,UTI Capital Protection Oriented Scheme Series VII-IV (1278 Days) - Regular Plan - Growth Option,INF789FC1709,,11.0422,0,0,2017-08-09
139375,UTI Capital Protection Oriented Scheme Series VII-V (1281 Days) - Direct Plan - Dividend Option,INF789FC1956,,11.0964,0,0,2017-08-09
139372,UTI Capital Protection Oriented Scheme Series VII-V (1281 Days) - Direct Plan - Growth Option,INF789FC1964,,11.0964,0,0,2017-08-09
139374,UTI Capital Protection Oriented Scheme Series VII-V (1281 Days) - Regular Plan - Dividend Option,INF789FC1931,,10.8795,0,0,2017-08-09
139373,UTI Capital Protection Oriented Scheme Series VII-V (1281 Days) - Regular Plan - Growth Option,INF789FC1949,,10.8795,0,0,2017-08-09
139693,UTI Capital Protection Oriented Scheme Series VIII-I (1278 Days) - Direct Plan - Dividend Option,INF789FC1CF9,,10.9033,0,0,2017-08-09
139696,UTI Capital Protection Oriented Scheme Series VIII-I (1278 Days) - Direct Plan - Growth Option,INF789FC1CG7,,10.9033,0,0,2017-08-09
139694,UTI Capital Protection Oriented Scheme Series VIII-I (1278 Days) - Regular Plan - Dividend Option,INF789FC1CD4,,10.7195,0,0,2017-08-09
139695,UTI Capital Protection Oriented Scheme Series VIII-I (1278 Days) - Regular Plan - Growth Option,INF789FC1CE2,,10.7195,0,0,2017-08-09
139862,UTI Capital Protection Oriented Scheme Series VIII - II (1831 Days) - Regular Plan - Dividend Option,INF789FC1DL5,,10.7671,0,0,2017-08-09
139861,UTI Capital Protection Oriented Scheme Series VIII - II (1831 Days) - Regular Plan - Growth Option,INF789FC1DM3,,10.7671,0,0,2017-08-09
139859,UTI Capital Protection Oriented Scheme Series VIII -II  (1831 Days) - Direct Plan - Growth Option,INF789FC1DO9,,10.936,0,0,2017-08-09
139860,UTI Capital Protection Oriented Scheme Series VIII-II (1831 Days) - Direct Plan - Dividend Option,INF789FC1DN1,,10.936,0,0,2017-08-09
139987,UTI Capital Protection Oriented Scheme Series VIII-III (1281 Days) - Direct Plan - Dividend Option,INF789FC1EB4,,10.701,0,0,2017-08-09
139988,UTI Capital Protection Oriented Scheme Series VIII-III (1281 Days) - Regular Plan - Dividend Option,INF789FC1DZ5,,10.545,0,0,2017-08-09
139985,UTI Capital Protection Oriented Scheme Series VIII-III (1281 Days) - Regular Plan - Growth Option,INF789FC1EA6,,10.545,0,0,2017-08-09
139986,UTI Capital Protection Oriented Scheme Series VIII-III (1281Days) - Direct Plan - Growth Option,INF789FC1EC2,,10.701,0,0,2017-08-09
140065,UTI Capital Protection Oriented Scheme Series VIII-IV (1996 Days) - Direct Plan - Dividend Option,INF789FC1EZ3,,10.6449,0,0,2017-08-09
140068,UTI Capital Protection Oriented Scheme Series VIII-IV (1996 Days) - Direct Plan - Growth Option,INF789FC1FA3,,10.6449,0,0,2017-08-09
140067,UTI Capital Protection Oriented Scheme Series VIII-IV (1996 Days) - Regular Plan - Dividend Option,INF789FC1EX8,,10.5049,0,0,2017-08-09
140066,UTI Capital Protection Oriented Scheme Series VIII-IV (1996 Days) - Regular Plan - Growth Option,INF789FC1EY6,,10.5049,0,0,2017-08-09
135304,UTI Dual Advantage Fixed Term Fund Series II-I (1998 Days) - Direct Plan - Dividend Option,INF789FB1W26,,12.5505,0,0,2017-08-09
135302,UTI Dual Advantage Fixed Term Fund Series II-I (1998 Days) - Direct Plan - Growth Option,INF789FB1W34,,12.5505,0,0,2017-08-09
135303,UTI Dual Advantage Fixed Term Fund Series II-I (1998 Days) - Regular Plan - Dividend Option,INF789FB1W00,,12.1306,0,0,2017-08-09
135301,UTI Dual Advantage Fixed Term Fund Series II-I (1998 Days) - Regular Plan - Growth Option,INF789FB1W18,,12.1306,0,0,2017-08-09
135358,UTI Dual Advantage Fixed Term Fund Series II-II (1997 Days) - Direct Plan - Dividend Option,INF789FB1Z49,,12.5026,0,0,2017-08-09
135359,UTI Dual Advantage Fixed Term Fund Series II-II (1997 Days) - Direct Plan- Growth Option,INF789FB1Z56,,12.5026,0,0,2017-08-09
135357,UTI Dual Advantage Fixed Term Fund Series II-II (1997 days) - Regular Plan - Dividend Option,INF789FB1Z23,,12.2371,0,0,2017-08-09
135360,UTI Dual Advantage Fixed Term Fund Series II-II (1997 Days) - Regular Plan - Growth Option,INF789FB1Z31,,12.2371,0,0,2017-08-09
135512,UTI Dual Advantage Fixed Term Fund Series II-III (1998 Days) - Direct Plan - Dividend Option,INF789FB12E5,,12.6211,0,0,2017-08-09
135513,UTI Dual Advantage Fixed Term Fund Series II-III (1998 Days) - Direct Plan - Growth Option,INF789FB13E3,,12.6211,0,0,2017-08-09
135510,UTI Dual Advantage Fixed Term Fund Series II-III (1998 Days) - Regular Plan - Dividend Option,INF789FB10E9,,12.3103,0,0,2017-08-09
135511,UTI Dual Advantage Fixed Term Fund Series II-III (1998 Days) - Regular Plan - Growth Option,INF789FB11E7,,12.3103,0,0,2017-08-09
135861,UTI - Dual Advantage Fixed Term Series II-IV (1997 Days) - Direct Plan - Dividend Option,INF789FB10K6,,12.5207,0,0,2017-08-09
135863,UTI - Dual Advantage Fixed Term Series II-IV (1997 Days) - Direct Plan - Growth Option,INF789FB11K4,,12.5207,0,0,2017-08-09
135862,UTI - Dual Advantage Fixed Term Series II-IV (1997 Days) - Regular Plan - Dividend Option,INF789FB18J1,,12.1564,0,0,2017-08-09
135860,UTI - Dual Advantage Fixed Term Series II-IV (1997 Days) - Regular Plan - Growth Option,INF789FB19J9,,12.1564,0,0,2017-08-09
136123,UTI - Dual Advantage Fixed Term Series II-V (1997 Days) - Direct Plan - Dividend Option,INF789FB12P1,,12.2959,0,0,2017-08-09
136124,UTI - Dual Advantage Fixed Term Series II-V (1997 Days) - Direct Plan - Growth Option,INF789FB13P9,,12.296,0,0,2017-08-09
136121,UTI - Dual Advantage Fixed Term Series II-V (1997 Days) - Regular Plan - Dividend Option,INF789FB10P5,,11.9735,0,0,2017-08-09
136122,UTI - Dual Advantage Fixed Term Series II-V (1997 Days) - Regular Plan - Growth Option,INF789FB11P3,,11.9735,0,0,2017-08-09
136418,UTI - Dual Advantage Fixed Term Series III-I (1998 Days) - Direct Plan - Dividend Option,INF789FB10W1,,12.1938,0,0,2017-08-09
136419,UTI - Dual Advantage Fixed Term Series III-I (1998 Days) - Direct Plan - Growth Option,INF789FB11W9,,12.1939,0,0,2017-08-09
136417,UTI - Dual Advantage Fixed Term Series III-I (1998 Days) - Regular Plan - Dividend Option,INF789FB18V6,,11.8916,0,0,2017-08-09
136420,UTI - Dual Advantage Fixed Term Series III-I (1998 Days) - Regular Plan - Growth Option,INF789FB19V4,,11.8916,0,0,2017-08-09
139505,UTI - Dual Advantage Fixed Term Series II-IV (1278 Days) - Direct Plan - Dividend Option,INF789FC1BD6,,11.0592,0,0,2017-08-09
139506,UTI - Dual Advantage Fixed Term Series III-II (1278 Days) - Direct Plan - Growth Option,INF789FC1BE4,,11.0592,0,0,2017-08-09
139503,UTI - Dual Advantage Fixed Term Series III-II (1278 Days) - Regular Plan - Dividend Option,INF789FC1BB0,,10.8665,0,0,2017-08-09
139504,UTI - Dual Advantage Fixed Term Series III-II (1278 Days) - Regular Plan - Growth Option,INF789FC1BC8,,10.8665,0,0,2017-08-09
139649,UTI - Dual Advantage Fixed Term Series III-III (1102 Days) - Direct Plan - Dividend Option,INF789FC1BR6,,10.9134,0,0,2017-08-09
139648,UTI - Dual Advantage Fixed Term Series III-III (1102 Days) - Direct Plan - Growth Option,INF789FC1BS4,,10.9133,0,0,2017-08-09
139647,UTI - Dual Advantage Fixed Term Series III-III (1102 Days) - Regular Plan - Dividend Option,INF789FC1BP0,,10.7475,0,0,2017-08-09
139650,UTI - Dual Advantage Fixed Term Series III-III(1102 Days) - Regular Plan - Growth Option,INF789FC1BQ8,,10.7475,0,0,2017-08-09
140169,UTI - Dual Advantage Fixed Term Series IV-I (1279 Days) - Direct Plan - Dividend Option,INF789FC1GG8,,10.5722,0,0,2017-08-09
140170,UTI - Dual Advantage Fixed Term Series IV-I (1279 Days) - Direct Plan - Growth Option,INF789FC1GH6,,10.5722,0,0,2017-08-09
140171,UTI - Dual Advantage Fixed Term Series IV-I (1279 Days) - Regular Plan - Dividend Option,INF789FC1GE3,,10.4541,0,0,2017-08-09
140168,UTI - Dual Advantage Fixed Term Series IV-I (1279 Days) - Regular Plan - Growth Option,INF789FC1GF0,,10.4541,0,0,2017-08-09
140506,UTI - Dual Advantage Fixed Term Series IV-II (1278 Days) - Direct  Plan - Dividend Option,INF789FC1HW3,,10.3973,0,0,2017-08-09
140507,UTI - Dual Advantage Fixed Term Series IV-II (1278 Days) - Direct Plan - Growth Option,INF789FC1HX1,,10.3973,0,0,2017-08-09
140508,UTI - Dual Advantage Fixed Term Series IV-II (1278 Days) - Regular Plan - Dividend Option,INF789FC1HU7,,10.3008,0,0,2017-08-09
140505,UTI - Dual Advantage Fixed Term Series IV-II (1278 Days) - Regular Plan - Growth Option,INF789FC1HV5,,10.3008,0,0,2017-08-09
140542,UTI - Dual Advantage Fixed Term Series IV-III (1279 Days) - Direct Plan - Dividend Option,INF789FC1IO8,,10.3688,0,0,2017-08-09
140543,UTI - Dual Advantage Fixed Term Series IV-III (1279 Days) - Direct Plan - Growth Option,INF789FC1IP5,,10.3688,0,0,2017-08-09
140544,UTI - Dual Advantage Fixed Term Series IV-III (1279 Days) - Regular Plan - Dividend Option,INF789FC1IM2,,10.2785,0,0,2017-08-09
140541,UTI - Dual Advantage Fixed Term Series IV-III (1279 Days) - Regular Plan - Growth Option,INF789FC1IN0,,10.2785,0,0,2017-08-09
140654,UTI - Dual Advantage Fixed Term Series IV-IV (1997 Days) - Direct Plan - Dividend Option,INF789FC1IK6,,10.3045,0,0,2017-08-09
140655,UTI - Dual Advantage Fixed Term Series IV-IV (1997 Days) - Direct Plan - Growth Option,INF789FC1IL4,,10.3045,0,0,2017-08-09
140657,UTI - Dual Advantage Fixed Term Series IV-IV (1997 Days) - Regular Plan - Dividend Option,INF789FC1II0,,10.2251,0,0,2017-08-09
140656,UTI - Dual Advantage Fixed Term Series IV-IV (1997 Days) - Regular Plan - Growth Option,INF789FC1IJ8,,10.2251,0,0,2017-08-09
124595,UTI F I I F-Annual Interval Plan Series - II - Direct Plan - Dividend Option,INF789F01VX6,INF789F01VY4,10.692,0,0,2017-08-09
124596,UTI F I I F-Annual Interval Plan Series - II - Direct Plan - Growth Option,INF789F01VZ1,,22.9497,0,0,2017-08-09
106339,UTI F I I F-Annual Interval Plan Series - II - Institutional  Growth Option,INF789F01FP5,,19.2033,0,0,2017-08-09
106338,UTI F I I F-Annual Interval Plan Series - II - Regular Plan - Growth Option,INF789F01FM2,,22.8162,0,0,2017-08-09
106337,UTI F I I F-Annual Interval Plan Series - II - Regular Plan -Dividend Option,INF789F01FK6,INF789F01FL4,10.6794,0,0,2017-08-09
125077,UTI Fixed Interval Income Fund (Annual Interval Fund)  Series III - Direct Plan - Growth Option,INF789F01WC8,,22.422,0,0,2017-08-09
106709,UTI Fixed Interval Income Fund (Annual Interval Fund)  Series III - Instn Growth Option,INF789F01FV3,,22.9344,0,0,2017-08-09
106707,UTI Fixed Interval Income Fund (Annual Interval Fund)  Series III - Regular Plan - Growth Option,INF789F01FS9,,22.3251,0,0,2017-08-09
125078,UTI Fixed Interval Income Fund (Annual Interval Fund) Series III - Direct Plan - Dividend Option,INF789F01WA2,INF789F01WB0,10.619,0,0,2017-08-09
106706,UTI Fixed Interval Income Fund (Annual Interval Fund) Series III - Regular Plan - Dividend Option,INF789F01FQ3,INF789F01FR1,10.6085,0,0,2017-08-09
126030,UTI Fixed Interval Income Fund (Annual Interval Plan) Series IV - Direct Plan - Dividend Option,INF789F01WD6,INF789F01WE4,10.4964,0,0,2017-08-09
126031,UTI Fixed Interval Income Fund (Annual Interval Plan) Series IV - Direct Plan - Growth Option,INF789F01WF1,,21.9705,0,0,2017-08-09
111467,UTI Fixed Interval Income Fund (Annual Interval Plan) Series IV - Instn Growth Option,INF789F01GB3,,17.5661,0,0,2017-08-09
107070,UTI Fixed Interval Income Fund (Annual Interval Plan) Series IV - Regular Plan - Dividend Option,INF789F01FW1,INF789F01FX9,10.4592,0,0,2017-08-09
107071,UTI Fixed Interval Income Fund (Annual Interval Plan) Series IV - Regular Plan - Growth Option,INF789F01FY7,,21.8568,0,0,2017-08-09
106185,UTI Fixed Income Interval Fund - Annual Interval Plan Series - I ( Instn Growth Option ),INF789F01FJ8,,23.5848,0,0,2017-08-09
123663,UTI Fixed Income Interval Fund - Annual Interval Plan Series - I - Direct Plan - Dividend Option,INF789F01VU2,INF789F01VV0,10.7691,0,0,2017-08-09
123646,UTI Fixed Income Interval Fund - Annual Interval Plan Series - I - Direct Plan - Growth Option,INF789F01VW8,,23.0383,0,0,2017-08-09
106183,UTI Fixed Income Interval Fund - Annual Interval Plan Series - I - Regular Plan - Growth Option,INF789F01FG4,,22.9354,0,0,2017-08-09
106186,UTI Fixed Income Interval Fund - Annual Interval Plan Series - I Regular Plan - Dividend Option,INF789F01FE9,INF789F01FF6,10.7562,0,0,2017-08-09
122642,UTI Fixed  Income Interval Fund ( Half Yearly Plan - I) - Direct Plan - Growth Option,INF789F01VT4,,21.7264,0,0,2017-08-09
107089,UTI Fixed  Income Interval Fund ( Half Yearly Plan - I) - Regular Plan - Dividend Option,INF789F01EY0,INF789F01EZ7,10.1045,0,0,2017-08-09
107088,UTI Fixed  Income Interval Fund ( Half Yearly Plan - I) - Regular Plan - Growth Option,INF789F01FA7,,21.5444,0,0,2017-08-09
125953,UTI Fixed Income Interval Fund ( Half Yearly Plan-II)- Direct Plan - Growth Option,INF789F01WX4,,21.4019,0,0,2017-08-09
107226,UTI Fixed Income Interval Fund ( Half Yearly Plan-II)- Regular Plan - Dividend Option,INF789F01HG0,INF789F01HH8,10.0667,0,0,2017-08-09
107228,UTI Fixed Income Interval Fund ( Half Yearly Plan-II)- Regular Plan - Growth Option,INF789F01HI6,,21.2458,0,0,2017-08-09
120970,UTI - Fixed Income Interval Fund - Monthly Interval Plan  - Direct Plan - Growth Option,INF789F01VQ0,,22.33,0,0,2017-08-09
120975,UTI - Fixed Income Interval Fund - Monthly Interval Plan  - Direct Plan - Monthly Dividend Sub Option,INF789F01VO5,INF789F01VP2,10.0374,0,0,2017-08-09
106145,UTI - Fixed Income Interval Fund - Monthly Interval Plan  - Regular Plan - Growth Option,INF789F01EU8,,22.1283,0,0,2017-08-09
106549,UTI - Fixed Income Interval Fund - Monthly Interval Plan - Institutional Dividend Option,INF789F01EV6,INF789F01EW4,10.0702,0,0,2017-08-09
106146,UTI - Fixed Income Interval Fund - Monthly Interval Plan - Regular Plan - Monthly Dividend Sub Option,INF789F01ES2,INF789F01ET0,10.0393,0,0,2017-08-09
120903,UTI Fixed Income Interval Fund - Monthly Interval Plan II-Direct Plan - Growth Option,INF789F01VN7,,21.4292,0,0,2017-08-09
120902,UTI Fixed Income Interval Fund - Monthly Interval Plan II-Direct Plan - Monthly Dividend Sub Option,INF789F01VL1,INF789F01VM9,10.0263,0,0,2017-08-09
107193,UTI Fixed Income Interval Fund - Monthly Interval Plan II-Regular Plan - Growth Option,INF789F01EO1,,21.2339,0,0,2017-08-09
107195,UTI Fixed Income Interval Fund - Monthly Interval Plan II-Regular Plan - Monthly Dividend Sub Option,INF789F01EM5,INF789F01EN3,10.0165,0,0,2017-08-09
122152,UTI Fixed  Income Interval Fund ( Quarterly Interval Plan - I) - Direct Plan - Dividend Option,INF789F01WG9,INF789F01WH7,10.0978,0,0,2017-08-09
106057,UTI Fixed  Income Interval Fund ( Quarterly Interval Plan - I) - Regular Plan - Dividend Option,INF789F01GC1,INF789F01GD9,10.0903,0,0,2017-08-09
106060,UTI Fixed  Income Interval Fund ( Quarterly Interval Plan - I) - Regular Plan - Growth Option,INF789F01GE7,,22.5095,0,0,2017-08-09
122165,UTI Fixed  Income Interval Fund ( Quarterly Interval Plan - I) -Direct Plan - Growth Option,INF789F01WI5,,22.7071,0,0,2017-08-09
121412,UTI Fixed  Income Interval Fund ( Quarterly Interval Plan - III) - Direct Plan - Dividend Option,INF789F01WJ3,INF789F01WK1,10.148,0,0,2017-08-09
121413,UTI Fixed  Income Interval Fund ( Quarterly Interval Plan - III) - Direct Plan - Growth Option,INF789F01WL9,,22.3912,0,0,2017-08-09
106368,UTI Fixed  Income Interval Fund ( Quarterly Interval Plan - III) - Inst Growth Plan,INF789F01GN8,,22.3941,0,0,2017-08-09
106365,UTI Fixed  Income Interval Fund ( Quarterly Interval Plan - III) - Regular Plan - Dividend Option,INF789F01GI8,INF789F01GJ6,10.14,0,0,2017-08-09
106366,UTI Fixed  Income Interval Fund ( Quarterly Interval Plan - III) -Regular Plan - Growth Option,INF789F01GK4,,22.1921,0,0,2017-08-09
106367,UTI Fixed  Income Interval Fund ( Quarterly Interval Plan -III) - Inst Dividend Plan,INF789F01GL2,INF789F01GM0,10.1395,0,0,2017-08-09
121033,UTI F I I F Series II -Quarterly Interval Plan - IV -Direct Plan - Dividend Option,INF789F01WM7,INF789F01WN5,10.0377,0,0,2017-08-09
121034,UTI F I I F Series II -Quarterly Interval Plan - IV -Direct Plan - Growth Option,INF789F01WO3,,20.6292,0,0,2017-08-09
109466,UTI F I I F Series II -Quarterly Interval Plan - IV -Instn. Growth  Option,INF789F01GT5,,17.8037,0,0,2017-08-09
109464,UTI F I I F Series II -Quarterly Interval Plan - IV -Regular Plan - Dividend Option,INF789F01Go6,INF789F01GP3,10.0366,0,0,2017-08-09
109465,UTI F I I F Series II -Quarterly Interval Plan - IV -Regular Plan - Growth Option,INF789F01GQ1,,20.4432,0,0,2017-08-09
121181,UTI F I I F Series II -Quarterly Interval Plan - V - Direct Plan - Dividend Option,INF789F01WP0,INF789F01WQ8,10.016,0,0,2017-08-09
121182,UTI F I I F Series II -Quarterly Interval Plan - V - Direct Plan - Growth Option,INF789F01WR6,,20.4482,0,0,2017-08-09
109618,UTI F I I F Series II -Quarterly Interval Plan - V - Regular Plan - Dividend Option,INF789F01GU3,INF789F01GV1,10.0128,0,0,2017-08-09
109617,UTI F I I F Series II -Quarterly Interval Plan - V - Regular Plan - Growth Option,INF789F01GW9,,20.2649,0,0,2017-08-09
121722,UTI F I I F Series II -Quarterly Interval Plan - VI-Direct Plan - Growth Option,INF789F01WU0,,20.4996,0,0,2017-08-09
110021,UTI F I I F Series II -Quarterly Interval Plan - VI-Regular Plan - Divided Option,INF789F01HA3,INF789F01HB1,10.1115,0,0,2017-08-09
110024,UTI F I I F Series II -Quarterly Interval Plan - VI-Regular Plan - Growth Option,INF789F01HC9,,20.3188,0,0,2017-08-09
121721,UTI F I I F Series II -Quarterly Interval Plan-VI-Direct Plan - Divided Option,INF789F01WS4,INF789F01WT2,10.115,0,0,2017-08-09
120876,UTI F I I F Series II -Quarterly Interval Plan - VII - Direct Plan - Dividend Option,INF789F01VI7,INF789F01VJ5,10.0733,0,0,2017-08-09
120877,UTI F I I F Series II -Quarterly Interval Plan - VII - Direct Plan - Growth Option,INF789F01VK3,,20.5402,0,0,2017-08-09
110469,UTI F I I F Series II -Quarterly Interval Plan - VII - Regular Plan - Dividend Option,INF789F01EG7,INF789F01EH5,10.0615,0,0,2017-08-09
110468,UTI F I I F Series II -Quarterly Interval Plan - VII - Regular Plan - Growth Option,INF789F01EI3,,20.3528,0,0,2017-08-09
141175,UTI FTIF Series XXVI-IX (1113 Days)- Direct Plan - Annual Div Option,INF789FC1MV5,,10.3278,0,0,2017-08-09
141176,UTI FTIF Series XXVI-IX (1113 Days)- Direct Plan - Growth Option,INF789FC1NB5,,10.3278,0,0,2017-08-09
141168,UTI FTIF Series XXVI-IX (1113 Days)- Direct Plan - Maturity Div Option,INF789FC1NA7,,10.3278,0,0,2017-08-09
141167,UTI FTIF Series XXVI-IX (1113 Days)- Direct Plan - Quarterly Div Option,INF789FC1MU7,,10.1841,0,0,2017-08-09
141169,UTI FTIF Series XXVI-IX (1113 Days)- Regular Plan - Annual Div Option,INF789FC1MZ6,,10.2936,0,0,2017-08-09
141170,UTI FTIF Series XXVI-IX (1113 Days)- Regular Plan - Flexi Div Option,INF789FC1MX1,,10.2936,0,0,2017-08-09
141173,UTI FTIF Series XXVI-IX (1113 Days)- Regular Plan - Growth Option,INF789FC1ND1,,10.2936,0,0,2017-08-09
141174,UTI FTIF Series XXVI-IX (1113 Days)- Regular Plan - Maturity Div Option,INF789FC1NC3,,10.2936,0,0,2017-08-09
141171,UTI FTIF Series XXVI-IX (1113 Days)- Regular Plan - Quarterly Div Option,INF789FC1MY9,,10.1707,0,0,2017-08-09
141201,UTI FTIF Series XXVI-X (1107 Days)- Direct Plan - Annual Div Option,INF789FC1NF6,,10.3185,0,0,2017-08-09
141200,UTI FTIF Series XXVI-X (1107 Days)- Direct Plan - Flexi Div Option,INF789FC1NG4,,10.318,0,0,2017-08-09
141193,UTI FTIF Series XXVI-X (1107 Days)- Direct Plan - Growth Option,INF789FC1NL4,,10.3185,0,0,2017-08-09
141194,UTI FTIF Series XXVI-X (1107 Days)- Direct Plan - Maturity Div Option,INF789FC1NK6,,10.3185,0,0,2017-08-09
141199,UTI FTIF Series XXVI-X (1107 Days)- Direct Plan - Quarterly Div Option,INF789FC1NE9,,10.1822,0,0,2017-08-09
141196,UTI FTIF Series XXVI-X (1107 Days)- Regular Plan - Annual Div Option,INF789FC1NJ8,,10.286,0,0,2017-08-09
141195,UTI FTIF Series XXVI-X (1107 Days)- Regular Plan - Growth Option,INF789FC1NN0,,10.286,0,0,2017-08-09
141197,UTI FTIF Series XXVI-X (1107 Days)- Regular Plan - Maturity Div Option,INF789FC1NM2,,10.2861,0,0,2017-08-09
141198,UTI FTIF Series XXVI-X (1107 Days)- Regular Plan - Quarterly Div Option,INF789FC1NI0,,10.1688,0,0,2017-08-09
141242,UTI FTIF Series XXVI-XI (1105 Days)- Direct Plan - Annual Div Option,INF789FC1ST6,,10.3104,0,0,2017-08-09
141233,UTI FTIF Series XXVI-XI (1105 Days)- Direct Plan - Flexi Div Option,INF789FC1SU4,,10.3101,0,0,2017-08-09
141236,UTI FTIF Series XXVI-XI (1105 Days)- Direct Plan - Growth Option,INF789FC1SZ3,,10.3104,0,0,2017-08-09
141238,UTI FTIF Series XXVI-XI (1105 Days)- Direct Plan - Maturity Div Option,INF789FC1SY6,,10.3104,0,0,2017-08-09
141237,UTI FTIF Series XXVI-XI (1105 Days)- Direct Plan - Quarterly Div  Option,INF789FC1SS8,,10.1829,0,0,2017-08-09
141234,UTI FTIF Series XXVI-XI (1105 Days)- Regular Plan - Annual Div Option,INF789FC1SX8,,10.2786,0,0,2017-08-09
141235,UTI FTIF Series XXVI-XI (1105 Days)- Regular Plan - Flexi Div Option,INF789FC1SV2,,10.2798,0,0,2017-08-09
141240,UTI FTIF Series XXVI-XI (1105 Days)- Regular Plan - Growth Option,INF789FC1TB2,,10.2786,0,0,2017-08-09
141239,UTI FTIF Series XXVI-XI (1105 Days)- Regular Plan - Maturity Div Option,INF789FC1TA4,,10.2798,0,0,2017-08-09
141241,UTI FTIF Series XXVI-XI (1105 Days)- Regular Plan - Quarterly Div Option,INF789FC1SW0,,10.1694,0,0,2017-08-09
141292,UTI FTIF Series XXVI-XII (1096 Days)- Direct Plan  - Maturity Div Option,INF789FC1TM9,,10.2886,0,0,2017-08-09
141287,UTI FTIF Series XXVI-XII (1096 Days)- Direct Plan - Annual Div Option,INF789FC1TH9,,10.2886,0,0,2017-08-09
141293,UTI FTIF Series XXVI-XII (1096 Days)- Direct Plan - Flexi Div Option,INF789FC1TI7,,10.2891,0,0,2017-08-09
141296,UTI FTIF Series XXVI-XII (1096 Days)- Direct Plan - Growth Option,INF789FC1TN7,,10.2886,0,0,2017-08-09
141288,UTI FTIF Series XXVI-XII (1096 Days)- Direct Plan - Quarterly Div Option,INF789FC1TG1,,10.1799,0,0,2017-08-09
141290,UTI FTIF Series XXVI-XII (1096 Days)- Regular Plan - Annual Div Option,INF789FC1TL1,,10.2593,0,0,2017-08-09
141289,UTI FTIF Series XXVI-XII (1096 Days)- Regular Plan - Growth Option,INF789FC1TP2,,10.2593,0,0,2017-08-09
141291,UTI FTIF Series XXVI-XII (1096 Days)- Regular Plan - Maturity Div Option,INF789FC1TO5,,10.2593,0,0,2017-08-09
141295,UTI FTIF Series XXVI-XII (1096 Days)- Regular Plan - Quarterly Div Option,INF789FC1TK3,,10.1665,0,0,2017-08-09
141308,UTI FTIF Series XXVI-XIII (1124 Days)- Direct Plan - Annual Div Option,INF789FC1TR8,,10.2698,0,0,2017-08-09
141307,UTI FTIF Series XXVI-XIII (1124 Days)- Direct Plan - Growth Option,INF789FC1TX6,,10.2698,0,0,2017-08-09
141309,UTI FTIF Series XXVI-XIII (1124 Days)- Direct Plan - Maturity Div Option,INF789FC1TW8,,10.2698,0,0,2017-08-09
141315,UTI FTIF Series XXVI-XIII (1124 Days)- Direct Plan - Quarterly Div Option,INF789FC1TQ0,,10.1722,0,0,2017-08-09
141313,UTI FTIF Series XXVI-XIII (1124 Days)- Regular Plan - Annual Div Option,INF789FC1TV0,,10.2425,0,0,2017-08-09
141312,UTI FTIF Series XXVI-XIII (1124 Days)- Regular Plan - Flexi Div Option,INF789FC1TT4,,10.2425,0,0,2017-08-09
141311,UTI FTIF Series XXVI-XIII (1124 Days)- Regular Plan - Growth Option,INF789FC1TZ1,,10.2425,0,0,2017-08-09
141314,UTI FTIF Series XXVI-XIII (1124 Days)- Regular Plan - Maturity Div Option,INF789FC1TY4,,10.2425,0,0,2017-08-09
141316,UTI FTIF Series XXVI-XIII (1124 Days)- Regular Plan - Quarterly Div Option,INF789FC1TU2,,10.1578,0,0,2017-08-09
141394,UTI FTIF Series XXVI-XIV (1105 Days) - Direct Plan - Annual Div Option,INF789FC1ZP9,,10.2069,0,0,2017-08-09
141395,UTI FTIF Series XXVI-XIV (1105 Days) - Direct Plan - Flexi Div Option,INF789FC1ZQ7,,10.207,0,0,2017-08-09
141402,UTI FTIF Series XXVI-XIV (1105 Days) - Direct Plan - Growth Option,INF789FC1ZV7,,10.207,0,0,2017-08-09
141396,UTI FTIF Series XXVI-XIV (1105 Days) - Direct Plan - Maturity Div Div Option,INF789FC1ZU9,,10.207,0,0,2017-08-09
141397,UTI FTIF Series XXVI-XIV (1105 Days) - Direct Plan - Quarterly Div Option,INF789FC1ZO2,,10.1511,0,0,2017-08-09
141398,UTI FTIF Series XXVI-XIV (1105 Days) - Regular Plan - Annual Div Option,INF789FC1ZT1,,10.1852,0,0,2017-08-09
141399,UTI FTIF Series XXVI-XIV (1105 Days) - Regular Plan - Flexi Div Option,INF789FC1ZR5,,10.1852,0,0,2017-08-09
141400,UTI FTIF Series XXVI-XIV (1105 Days) - Regular Plan - Growth Option,INF789FC1ZX3,,10.1852,0,0,2017-08-09
141403,UTI FTIF Series XXVI-XIV (1105 Days) - Regular Plan - Maturity Div Option,INF789FC1ZW5,,10.1852,0,0,2017-08-09
141401,UTI FTIF Series XXVI-XIV (1105 Days) - Regular Plan - Quarterly Div Option,INF789FC1ZS3,,10.1385,0,0,2017-08-09
141453,UTI FTIF Series XXVI-XV (1097 Days) - Direct Plan - Annual Div Option,INF789FC1A38,,10.1942,0,0,2017-08-09
141452,UTI FTIF Series XXVI-XV (1097 Days) - Direct Plan - Growth Option,INF789FC1A95,,10.1942,0,0,2017-08-09
141455,UTI FTIF Series XXVI-XV (1097 Days) - Direct Plan - Maturity Div Option,INF789FC1A87,,10.1944,0,0,2017-08-09
141454,UTI FTIF Series XXVI-XV (1097 Days) - Direct Plan - Quarterly Div Option,INF789FC1A20,,10.1544,0,0,2017-08-09
141456,UTI FTIF Series XXVI-XV (1097 Days) - Regular Plan - Annual Div Option,INF789FC1A79,,10.1747,0,0,2017-08-09
141451,UTI FTIF Series XXVI-XV (1097 Days) - Regular Plan - Flexi Div Option,INF789FC1A53,,10.1747,0,0,2017-08-09
141449,UTI FTIF Series XXVI-XV (1097 Days) - Regular Plan - Growth Option,INF789FC1B11,,10.1747,0,0,2017-08-09
141450,UTI FTIF Series XXVI-XV (1097 Days) - Regular Plan - Maturity Div Option,INF789FC1B03,,10.1747,0,0,2017-08-09
141457,UTI FTIF Series XXVI-XV (1097 Days) - Regular Plan - Quarterly Div Option,INF789FC1A61,,10.141,0,0,2017-08-09
141478,UTI FTIF Series XXVII-I (1113 Days) - Direct Plan - Annual Div Option,INF789FC1K93,,10.1538,0,0,2017-08-09
141480,UTI FTIF Series XXVII-I (1113 Days) - Direct Plan - Flexi Div Option,INF789FC1L01,,10.1543,0,0,2017-08-09
141485,UTI FTIF Series XXVII-I (1113 Days) - Direct Plan - Growth Option,INF789FC1L50,,10.1538,0,0,2017-08-09
141479,UTI FTIF Series XXVII-I (1113 Days) - Direct Plan - Maturity Div Option,INF789FC1L43,,10.1538,0,0,2017-08-09
141486,UTI FTIF Series XXVII-I (1113 Days) - Direct Plan - Quarterly Div Option,INF789FC1K85,,10.1538,0,0,2017-08-09
141482,UTI FTIF Series XXVII-I (1113 Days) - Regular Plan - Annual Div Option,INF789FC1L35,,10.1397,0,0,2017-08-09
141484,UTI FTIF Series XXVII-I (1113 Days) - Regular Plan - Flexi Div Option,INF789FC1L19,,10.1396,0,0,2017-08-09
141481,UTI FTIF Series XXVII-I (1113 Days) - Regular Plan - Growth Option,INF789FC1L76,,10.1397,0,0,2017-08-09
141487,UTI FTIF Series XXVII-I (1113 Days) - Regular Plan - Maturity Div Option,INF789FC1L68,,10.1396,0,0,2017-08-09
141483,UTI FTIF Series XXVII-I (1113 Days) - Regular Plan - Quarterly Div Option,INF789FC1L27,,10.1397,0,0,2017-08-09
141531,UTI FTIF Series XXVII-II (1161 Days) - Direct Plan - Annual Div Option,INF789FC1L92,,10.1463,0,0,2017-08-09
141534,UTI FTIF Series XXVII-II (1161 Days) - Direct Plan - Growth Option,INF789FC1M59,,10.1463,0,0,2017-08-09
141532,UTI FTIF Series XXVII-II (1161 Days) - Direct Plan - Quarterly Div Option,INF789FC1L84,,10.1463,0,0,2017-08-09
141537,UTI FTIF Series XXVII-II (1161 Days) - Regular Plan - Annual Div Option,INF789FC1M34,,10.1324,0,0,2017-08-09
141539,UTI FTIF Series XXVII-II (1161 Days) - Regular Plan - Flexi Div Option,INF789FC1M18,,10.1324,0,0,2017-08-09
141536,UTI FTIF Series XXVII-II (1161 Days) - Regular Plan - Growth Option,INF789FC1M75,,10.1324,0,0,2017-08-09
141540,UTI FTIF Series XXVII-II (1161 Days) - Regular Plan - Maturity Div Option,INF789FC1M67,,10.1323,0,0,2017-08-09
141538,UTI FTIF Series XXVII-II (1161 Days) - Regular Plan - Quarterly Div Option,INF789FC1M26,,10.1324,0,0,2017-08-09
141570,UTI FTIF Series XXVII-III (1096 Days) - Direct Plan - Annual Div Option,INF789FC1M91,,10.1207,0,0,2017-08-09
141572,UTI FTIF Series XXVII-III (1096 Days) - Direct Plan - Growth Option,INF789FC1N58,,10.1207,0,0,2017-08-09
141571,UTI FTIF Series XXVII-III (1096 Days) - Direct Plan - Maturity Div Option,INF789FC1N41,,10.1207,0,0,2017-08-09
141569,UTI FTIF Series XXVII-III (1096 Days) - Direct Plan - Quarterly Div Option,INF789FC1M83,,10.1207,0,0,2017-08-09
141576,UTI FTIF Series XXVII-III (1096 Days) - Regular Plan - Annual Div Option,INF789FC1N33,,10.1113,0,0,2017-08-09
141573,UTI FTIF Series XXVII-III (1096 Days) - Regular Plan - Growth Option,INF789FC1N74,,10.1113,0,0,2017-08-09
141574,UTI FTIF Series XXVII-III (1096 Days) - Regular Plan - Maturity Div Option,INF789FC1N66,,10.1113,0,0,2017-08-09
141577,UTI FTIF Series XXVII-III (1096 Days) - Regular Plan - Quarterly Div Option,INF789FC1N25,,10.1113,0,0,2017-08-09
141621,UTI FTIF Series XXVII-IV (1113 Days) - Direct Plan - Annual Div Option,INF789FC1O08,,10.0416,0,0,2017-08-09
141622,UTI FTIF Series XXVII-IV (1113 Days) - Direct Plan - Flexi Div Option,INF789FC1O16,,10.0415,0,0,2017-08-09
141620,UTI FTIF Series XXVII-IV (1113 Days) - Direct Plan - Growth Option,INF789FC1O65,,10.0416,0,0,2017-08-09
141626,UTI FTIF Series XXVII-IV (1113 Days) - Direct Plan - Maturity Div Option,INF789FC1O57,,10.0416,0,0,2017-08-09
141627,UTI FTIF Series XXVII-IV (1113 Days) - Direct Plan - Quarterly Div Option,INF789FC1N90,,10.0416,0,0,2017-08-09
141629,UTI FTIF Series XXVII-IV (1113 Days) - Regular - Growth Option,INF789FC1O81,,10.0372,0,0,2017-08-09
141623,UTI FTIF Series XXVII-IV (1113 Days) - Regular Plan - Annual Div Option,INF789FC1O40,,10.0372,0,0,2017-08-09
141625,UTI FTIF Series XXVII-IV (1113 Days) - Regular Plan - Flexi Div Option,INF789FC1O24,,10.0372,0,0,2017-08-09
141624,UTI FTIF Series XXVII-IV (1113 Days) - Regular Plan - Maturity Div Option,INF789FC1O73,,10.0372,0,0,2017-08-09
141628,UTI FTIF Series XXVII-IV (1113 Days) - Regular Plan - Quarterly Div Option,INF789FC1O32,,10.0372,0,0,2017-08-09
127642,UTI FTIF Series XVII -XV (1825 DAYS)- Annual Div Option,INF789FA1909,INF789FA1917,10.8617,0,0,2017-08-09
127648,UTI FTIF Series XVII -XV (1825 DAYS)-Flexi Div Option,INF789FA1941,INF789FA1958,13.2407,0,0,2017-08-09
127640,UTI FTIF Series XVII -XV (1825 DAYS)-Growth Option,INF789FA1933,,13.8814,0,0,2017-08-09
127641,UTI FTIF Series XVII -XV (1825 DAYS)-Growth Option - Direct,INF789FA1859,,14.2696,0,0,2017-08-09
127646,UTI FTIF Series XVII -XV (1825 DAYS)-Maturity Div Option,INF789FA1925,,13.8812,0,0,2017-08-09
127644,UTI FTIF Series XVII -XV (1825 DAYS)-Quarterly Div Option,INF789FA1883,INF789FA1891,10.6211,0,0,2017-08-09
127645,UTI FTIF Series XVII -XV (1825 DAYS)-Quarterly Div Option - Direct,INF789FA1800,INF789FA1818,10.6323,0,0,2017-08-09
128567,UTI FTIF Series XVIII -II (1825 DAYS) - Growth Option - Direct,INF789FA1DV6,,14.1171,0,0,2017-08-09
128573,UTI FTIF Series XVIII -II (1825 DAYS)- Growth Option,INF789FA1ED2,,13.7391,0,0,2017-08-09
128564,UTI FTIF Series XVIII -II (1825 DAYS)-Annual Div Option,INF789FA1EA8,INF789FA1EB6,10.8201,0,0,2017-08-09
128568,UTI FTIF Series XVIII -II (1825 DAYS)-Annual Div Option - Direct,INF789FA1DS2,INF789FA1DT0,10.8567,0,0,2017-08-09
128565,UTI FTIF Series XVIII -II (1825 DAYS)-Flexi Div Option,INF789FA1EE0,INF789FA1EF7,13.1643,0,0,2017-08-09
128571,UTI FTIF Series XVIII -II (1825 DAYS)-Maturity Div Option,INF789FA1EC4,,13.74,0,0,2017-08-09
128569,UTI FTIF Series XVIII -II (1825 DAYS)-Quarterly Div Option,INF789FA1DY0,INF789FA1DZ7,10.571,0,0,2017-08-09
128570,UTI FTIF Series XVIII -II (1825 DAYS)-Quarterly Div Option - Direct,INF789FA1DQ6,INF789FA1DR4,10.5921,0,0,2017-08-09
134897,UTI - FTIF Series XXII - V (1099 Days) - Direct Plan - Growth Option,INF789FB1D45,,12.1274,0,0,2017-08-09
134896,UTI - FTIF Series XXII-V (1099 Days) -  Regular Plan - Growth Option,INF789FB1D94,,12.0066,0,0,2017-08-09
134899,UTI - FTIF Series XXII-V (1099 Days) - Direct Plan - Annual Div Option,INF789FB1D29,,10.5076,0,0,2017-08-09
134898,UTI - FTIF Series XXII-V (1099 Days) - Direct Plan - Quarterly Div Option,INF789FB1D60,,10.2707,0,0,2017-08-09
134892,UTI - FTIF Series XXII-V (1099 Days) - Regular Plan - Annual Div Option,INF789FB1D78,,10.5073,0,0,2017-08-09
134894,UTI - FTIF Series XXII-V (1099 Days) - Regular Plan - Flexi Div Option,INF789FB1D86,,12.0065,0,0,2017-08-09
134895,UTI - FTIF Series XXII-V (1099 Days) - Regular Plan - Quarterly Div Option,INF789FB1E10,,10.2706,0,0,2017-08-09
135315,UTI FTIF Series XXII-XV (1098 Days) - Direct Plan - Growth Option,INF789FB1X17,,12.0073,0,0,2017-08-09
135313,UTI FTIF Series XXII-XV (1098 Days) - Direct Plan - Maturity Div Option,INF789FB1X09,,12.0074,0,0,2017-08-09
135310,UTI FTIF Series XXII-XV (1098 Days) - Regular Plan - Annual Div Option,INF789FB1Q81,,10.4654,0,0,2017-08-09
135308,UTi FTIF Series XXII-XV (1098 Days) - Regular Plan - Flexi Div Option,INF789FB1W75,,11.8656,0,0,2017-08-09
135307,UTI FTIF Series XXII-XV (1098 Days) - Regular Plan - Maturity Div Option,INF789FB1X25,,11.8582,0,0,2017-08-09
135309,UTI FTIF Series XXII-XV (1098 Days) - Regular Plan - Quarterly Div Otion,INF789FB1W83,,10.2172,0,0,2017-08-09
135306,UTI FTIF Series XXII-XV (1098Days) - Regular Plan - Growth Option,INF789FB1X33,,11.8584,0,0,2017-08-09
135364,UTI FTIF Series XXIII-I (1098 Days) - Direct Plan - Annual Div Option,INF789FB1Z72,,10.4823,0,0,2017-08-09
135366,UTI FTIF Series XXIII-I (1098 Days) - Direct Plan - Flexi Div Option,INF789FB1Z80,,11.8627,0,0,2017-08-09
135363,UTI FTIF Series XXIII-I (1098 Days) - Direct Plan - Growth Option,INF789FB13A1,,11.8626,0,0,2017-08-09
135365,UTI FTIF Series XXIII-I (1098 Days) - Direct Plan - Maturity Div Option,INF789FB12A3,,11.8626,0,0,2017-08-09
135367,UTI FTIF Series XXIII-I (1098 Days) - Direct Plan - Quarterly Div Option,INF789FB1Z64,,10.2474,0,0,2017-08-09
135361,UTI FTIF Series XXIII-I (1098 Days) - Regular Plan - Annual Div Option,INF789FB11A5,,10.482,0,0,2017-08-09
135368,UTI FTIF Series XXIII-I (1098 Days) - Regular Plan - Flexi Div Option,INF789FB1Z98,,11.7147,0,0,2017-08-09
135370,UTI FTIF Series XXIII-I (1098 Days) - Regular Plan - Growth Option,INF789FB15A6,,11.7154,0,0,2017-08-09
135362,UTI FTIF Series XXIII-I (1098 Days) - Regular Plan - Maturity Div Option,INF789FB14A9,,11.7153,0,0,2017-08-09
135369,UTI FTIF Series XXIII-I (1098 Days) - Regular Plan - Quarterly Div Option,INF789FB10A7,,10.2474,0,0,2017-08-09
135461,UTI FTIF Series XXIII-II (1100 Days) - Direct Plan - Annual Div Option,INF789FB17A2,,10.4331,0,0,2017-08-09
135459,UTI FTIF Series XXIII-II (1100 Days) - Direct Plan - Growth Option,INF789FB13B9,,11.7716,0,0,2017-08-09
135457,UTI FTIF Series XXIII-II (1100 Days) - Direct Plan - Maturity Div Option,INF789FB12B1,,11.7716,0,0,2017-08-09
135460,UTI FTIF Series XXIII-II (1100 Days) - Direct Plan - Quarterly Div Option,INF789FB16A4,,10.1993,0,0,2017-08-09
135453,UTI FTIF Series XXIII-II (1100 Days) - Regular Plan - Annual Div Option,INF789FB11B3,,10.4332,0,0,2017-08-09
135456,UTI FTIF Series XXIII-II (1100 Days) - Regular Plan - Flexi Div Option,INF789FB19A8,,11.627,0,0,2017-08-09
135455,UTI FTIF Series XXIII-II (1100 Days) - Regular Plan - Maturity Div Option,INF789FB14B7,,11.6249,0,0,2017-08-09
135454,UTI FTIF Series XXIII-II (1100 Days) - Regular Plan - Quarterly Div Option,INF789FB10B5,,10.1994,0,0,2017-08-09
135452,UTI FTIF Series XXIII-II (1100 Days)- Regular Plan - Growth Option,INF789FB15B4,,11.6252,0,0,2017-08-09
135385,UTI FTIF Series XXIII-III (1098 Days) - Direct Plan - Growth Option,INF789FB13C7,,11.7858,0,0,2017-08-09
135384,UTI FTIF Series XXIII-III (1098 Days) - Regular Plan - Growth Option,INF789FB15C2,,11.7811,0,0,2017-08-09
135522,UTI FTIF Series XXIII-IV (1100 Days) - Direct Plan - Annual Div Option,INF789FB11D9,,10.4108,0,0,2017-08-09
135523,UTI FTIF Series XXIII-IV (1100 Days) - Direct Plan - Growth Option,INF789FB17D6,,11.7282,0,0,2017-08-09
135520,UTI FTIF Series XXIII-IV (1100 Days) - Direct Plan - Maturity Div Option,INF789FB16D8,,11.7281,0,0,2017-08-09
135519,UTI FTIF Series XXIII-IV (1100 Days) - Direct Plan - Quarterly Div Option,INF789FB10D1,,10.1736,0,0,2017-08-09
135517,UTI FTIF Series XXIII-IV (1100 Days) - Regular Plan - Annual Div Option,INF789FB15D0,,10.4102,0,0,2017-08-09
135514,UTI FTIF Series XXIII-IV (1100 Days) - Regular Plan - Growth Option,INF789FB19D2,,11.5831,0,0,2017-08-09
135518,UTI FTIF Series XXIII-IV (1100 Days) - Regular Plan - Maturity Div Option,INF789FB18D4,,11.5836,0,0,2017-08-09
135516,UTI FTIF Series XXIII-IV (1100 Days) - Regular Plan - Quarterly Div Option,INF789FB14D3,,10.1737,0,0,2017-08-09
135823,UTI FTIF Series XXIII-IX (1100 Days)- Direct Plan - Annual Div Option,INF789FB19I1,,10.4428,0,0,2017-08-09
135827,UTI FTIF Series XXIII-IX (1100 Days)- Direct Plan - Growth Option,INF789FB15J7,,11.623,0,0,2017-08-09
135825,UTI FTIF Series XXIII-IX (1100 Days)- Direct Plan - Maturity Div Option,INF789FB14J0,,11.6228,0,0,2017-08-09
135824,UTI FTIF Series XXIII-IX (1100 Days)- Direct Plan - Quarterly Div Option,INF789FB18I3,,10.2035,0,0,2017-08-09
135829,UTI FTIF Series XXIII-IX (1100 Days)- Regular Plan - Annual Div Option,INF789FB13J2,,10.4427,0,0,2017-08-09
135831,UTI FTIF Series XXIII-IX (1100 Days)- Regular Plan - Flexi Div Option,INF789FB11J6,,11.5068,0,0,2017-08-09
135832,UTI FTIF Series XXIII-IX (1100 Days)- Regular Plan - Growth Option,INF789FB17J3,,11.5072,0,0,2017-08-09
135830,UTI FTIF Series XXIII-IX (1100 Days)- Regular Plan - Maturity Div Option,INF789FB16J5,,11.507,0,0,2017-08-09
135828,UTI FTIF Series XXIII-IX (1100 Days)- Regular Plan - Quarterly Div Option,INF789FB12J4,,10.2035,0,0,2017-08-09
135577,UTI FTIF Series XXIII-V (1100 Days) - Direct Plan - Annual Div Option,INF789FB15E8,,10.3678,0,0,2017-08-09
135580,UTI FTIF Series XXIII-V (1100 Days) - Direct Plan - Growth Option,INF789FB11F4,,11.6991,0,0,2017-08-09
135576,UTI FTIF Series XXIII-V (1100 Days) - Direct Plan - Quarterly Div Option,INF789FB14E1,,10.1173,0,0,2017-08-09
135573,UTI FTIF Series XXIII-V (1100 Days) - Regular Plan - Annual Div Option,INF789FB19E0,,10.3677,0,0,2017-08-09
135572,UTI FTIF Series XXIII-V (1100 Days) - Regular Plan - Growth Option,INF789FB13F0,,11.5535,0,0,2017-08-09
135574,UTI FTIF Series XXIII-V (1100 Days) - Regular Plan - Maturity Div Option,INF789FB12F2,,11.5535,0,0,2017-08-09
135571,UTI FTIF Series XXIII-V (1100 Days) - Regular Plan - Quarterly Div Option,INF789FB18E2,,10.1174,0,0,2017-08-09
135647,UTI FTIF Series XXIII-VI (1100 Days)- Direct Plan - Growth Option,INF789FB15G3,,11.6716,0,0,2017-08-09
135643,UTI FTIF Series XXIII-VI (1100 Days)- Direct Plan - Maturity Div Option,INF789FB14G6,,11.6687,0,0,2017-08-09
135645,UTI FTIF Series XXIII-VI (1100 Days)- Direct Plan - Quarterly Div Option,INF789FB18F9,,10.1518,0,0,2017-08-09
135642,UTI FTIF Series XXIII-VI (1100 Days)- Regular Plan - Annual Div Option,INF789FB13G8,,10.3907,0,0,2017-08-09
135641,UTI FTIF Series XXIII-VI (1100 Days)- Regular Plan - Flexi Div Option,INF789FB11G2,,11.5273,0,0,2017-08-09
135638,UTI FTIF Series XXIII-VI (1100 Days)- Regular Plan - Growth Option,INF789FB17G9,,11.5264,0,0,2017-08-09
135639,UTI FTIF Series XXIII-VI (1100 Days)- Regular Plan - Quarterly Div Option,INF789FB12G0,,10.1517,0,0,2017-08-09
135670,UTI FTIF Series XXIII-VII (1098 Days) - Direct Plan - Growth Option,INF789FB15H1,,11.6195,0,0,2017-08-09
135668,UTI FTIF Series XXIII-VII (1098 Days) - Regular Plan - Growth Option,INF789FB17H7,,11.6093,0,0,2017-08-09
135703,UTI FTIF Series XXIII-VIII (1100 Days)- Direct Plan - Annual Div Option,INF789FB19H3,,10.4095,0,0,2017-08-09
135698,UTI FTIF Series XXIII-VIII (1100 Days)- Direct Plan - Growth Option,INF789FB15I9,,11.6468,0,0,2017-08-09
135700,UTI FTIF Series XXIII-VIII (1100 Days)- Direct Plan - Maturity Div Option,INF789FB14I2,,11.6469,0,0,2017-08-09
135699,UTI FTIF Series XXIII-VIII (1100 Days)- Direct Plan - Quarterly Div Option,INF789FB18H5,,10.169,0,0,2017-08-09
135702,UTI FTIF Series XXIII-VIII (1100 Days)- Regular Plan - Annual Div Option,INF789FB13I4,,10.4093,0,0,2017-08-09
135704,UTI FTIF Series XXIII-VIII (1100 Days)- Regular Plan - Flexi Div Option,INF789FB11I8,,11.5307,0,0,2017-08-09
135697,UTI FTIF Series XXIII-VIII (1100 Days)- Regular Plan - Growth Option,INF789FB17I5,,11.5307,0,0,2017-08-09
135701,UTI FTIF Series XXIII-VIII (1100 Days)- Regular Plan - Maturity Div Option,INF789FB16I7,,11.5305,0,0,2017-08-09
135705,UTI FTIF Series XXIII-VIII (1100 Days)- Regular Plan - Quarterly Div Option,INF789FB12I6,,10.1688,0,0,2017-08-09
135881,UTI FTIF Series XXIII-X (1100 Days) - Direct Plan - Annual Div Option,INF789FB13K0,,10.5147,0,0,2017-08-09
135883,UTI FTIF Series XXIII-X (1100 Days) - Direct Plan - Flexi Div Option,INF789FB14K8,,11.6441,0,0,2017-08-09
135879,UTI FTIF Series XXIII-X (1100 Days) - Direct Plan - Growth Option,INF789FB19K7,,11.6439,0,0,2017-08-09
135882,UTI FTIF Series XXIII-X (1100 Days) - Direct Plan - Maturity Div Option,INF789FB18K9,,11.6439,0,0,2017-08-09
135880,UTI FTIF Series XXIII-X (1100 Days) - Direct Plan - Quarterly Div Option,INF789FB12K2,,10.2822,0,0,2017-08-09
135876,UTI FTIF Series XXIII-X (1100 Days) - Regular Plan - Annual Div Option,INF789FB17K1,,10.5138,0,0,2017-08-09
135874,UTI FTIF Series XXIII-X (1100 Days) - Regular Plan - Growth Option,INF789FB11L2,,11.5275,0,0,2017-08-09
135877,UTI FTIF Series XXIII-X (1100 Days) - Regular Plan - Maturity Div Option,INF789FB10L4,,11.5277,0,0,2017-08-09
135875,UTI FTIF Series XXIII-X (1100 Days) - Regular Plan - Quarterly Div Option,INF789FB16K3,,10.2822,0,0,2017-08-09
135944,UTI FTIF Series XXIII-XI (1100 Days)- Direct Plan - Annual Div Option,INF789FB13L8,,10.4613,0,0,2017-08-09
135942,UTI FTIF Series XXIII-XI (1100 Days)- Direct Plan - Growth Option,INF789FB19L5,,11.5582,0,0,2017-08-09
135948,UTI FTIF Series XXIII-XI (1100 Days)- Regular Plan - Annual Div Option,INF789FB17L9,,10.4589,0,0,2017-08-09
135947,UTI FTIF Series XXIII-XI (1100 Days)- Regular Plan - Growth Option,INF789FB11M0,,11.5488,0,0,2017-08-09
136008,UTI FTIF Series XXIII-XII (1100 Days)- Direct Plan - Annual Div Option,INF789FB13M6,,10.4718,0,0,2017-08-09
136011,UTI FTIF Series XXIII-XII (1100 Days)- Direct Plan - Growth Option,INF789FB19M3,,11.5732,0,0,2017-08-09
136012,UTI FTIF Series XXIII-XII (1100 Days)- Direct Plan - Maturity Div Option,INF789FB18M5,,11.5734,0,0,2017-08-09
136009,UTI FTIF Series XXIII-XII (1100 Days)- Direct Plan - Quarterly Div Option,INF789FB12M8,,10.2324,0,0,2017-08-09
136013,UTI FTIF Series XXIII-XII (1100 Days)- Regular Plan - Annual Div Option,INF789FB17M7,,10.4715,0,0,2017-08-09
136016,UTI FTIF Series XXIII-XII (1100 Days)- Regular Plan - Flexi Div Option,INF789FB15M1,,11.4565,0,0,2017-08-09
136017,UTI FTIF Series XXIII-XII (1100 Days)- Regular Plan - Growth Option,INF789FB11N8,,11.4575,0,0,2017-08-09
136014,UTI FTIF Series XXIII-XII (1100 Days)- Regular Plan - Quarterly Div Option,INF789FB16M9,,10.2323,0,0,2017-08-09
136101,UTI FTIF Series XXIII-XIII (1100 Days)- Direct Plan - Annual Div Option,INF789FB11O6,,10.4677,0,0,2017-08-09
136096,UTI FTIF Series XXIII-XIII (1100 Days)- Direct Plan - Growth Option,INF789FB17O3,,11.5461,0,0,2017-08-09
136097,UTI FTIF Series XXIII-XIII (1100 Days)- Direct Plan - Maturity Div Option,INF789FB16O5,,11.5461,0,0,2017-08-09
136102,UTI FTIF Series XXIII-XIII (1100 Days)- Direct Plan - Quarterly Div Option,INF789FB10O8,,10.2228,0,0,2017-08-09
136099,UTI FTIF Series XXIII-XIII (1100 Days)- Regular Plan - Annual Div Option,INF789FB15O7,,10.4678,0,0,2017-08-09
136103,UTI FTIF Series XXIII-XIII (1100 Days)- Regular Plan - Growth Option,INF789FB19O9,,11.4309,0,0,2017-08-09
136104,UTI FTIF Series XXIII-XIII (1100 Days)- Regular Plan - Maturity Div Option,INF789FB18O1,,11.4311,0,0,2017-08-09
136100,UTI FTIF Series XXIII-XIII (1100 Days)- Regular Plan - Quarterly Div Option,INF789FB14O0,,10.2228,0,0,2017-08-09
136200,UTI FTIF Series XXIII-XIV (1145 Days)- Direct Plan - Annual Div Option,INF789FB15P4,,10.4946,0,0,2017-08-09
136202,UTI FTIF Series XXIII-XIV (1145 Days)- Direct Plan - Flexi Div Option,INF789FB16P2,,11.4978,0,0,2017-08-09
136199,UTI FTIF Series XXIII-XIV (1145 Days)- Direct Plan - Growth Option,INF789FB11Q1,,11.4986,0,0,2017-08-09
136201,UTI FTIF Series XXIII-XIV (1145 Days)- Direct Plan - Maturity Div Option,INF789FB10Q3,,11.4967,0,0,2017-08-09
136205,UTI FTIF Series XXIII-XIV (1145 Days)- Direct Plan - Quarterly Div Option,INF789FB14P7,,10.254,0,0,2017-08-09
136207,UTI FTIF Series XXIII-XIV (1145 Days)- Regular Plan - Annual Div Option,INF789FB19P6,,10.4947,0,0,2017-08-09
136206,UTI FTIF Series XXIII-XIV (1145 Days)- Regular Plan - Growth Option,INF789FB13Q7,,11.3843,0,0,2017-08-09
136208,UTI FTIF Series XXIII-XIV (1145 Days)- Regular Plan - Maturity Div Option,INF789FB12Q9,,11.3843,0,0,2017-08-09
136203,UTI FTIF Series XXIII-XIV (1145 Days)- Regular Plan - Quarterly Div Option,INF789FB18P8,,10.254,0,0,2017-08-09
136213,UTI FTIF Series XXIII-XV (1176 Days)- Direct Plan - Growth Option,INF789FB11R9,,11.4828,0,0,2017-08-09
136214,UTI FTIF Series XXIII-XV (1176 Days)- Regular Plan - Growth Option,INF789FB13R5,,11.4741,0,0,2017-08-09
136355,UTI FTIF Series XXIV - II (1142 Days) - Regular Plan - Flexi Div Option,INF789FB17S4,,11.3736,0,0,2017-08-09
136351,UTI FTIF Series XXIV - II (1142 Days) - Regular Plan - Quarterly Div Option,INF789FB18S2,,10.2949,0,0,2017-08-09
136349,UTI FTIF Series XXIV-II (1142 Days)- Direct Plan - Growth Option,INF789FB11T5,,11.488,0,0,2017-08-09
136347,UTI FTIF Series XXIV-II (1142 Days)- Direct Plan - Maturity Div Option,INF789FB10T7,,11.4879,0,0,2017-08-09
136353,UTI FTIF Series XXIV-II (1142 Days)- Regular Plan - Growth Option,INF789FB13T1,,11.3737,0,0,2017-08-09
139233,UTI FTIF Series XXIV-IX (1183 Days)- Direct Plan - Growth Option,INF789FC1246,,11.3232,0,0,2017-08-09
139234,UTI FTIF Series XXIV-IX (1183 Days)- Regular Plan - Growth Option,INF789FC1261,,11.3062,0,0,2017-08-09
136488,UTI FTIF Series XXIV-V (1132 Days)- Direct Plan - Growth Option,INF789FB13X3,,11.4141,0,0,2017-08-09
136495,UTI FTIF Series XXIV-V (1132 Days)- Direct Plan - Maturity Div Option,INF789FB12X5,,11.4141,0,0,2017-08-09
136489,UTI FTIF Series XXIV-V (1132 Days)- Direct Plan - Quarterly Div Option,INF789FB16W8,,10.2487,0,0,2017-08-09
136492,UTI FTIF Series XXIV-V (1132 Days)- Regular Plan - Annual Div Option,INF789FB11X7,,10.4896,0,0,2017-08-09
136496,UTI FTIF Series XXIV-V (1132 Days)- Regular Plan - Growth Option,INF789FB15X8,,11.3005,0,0,2017-08-09
136493,UTI FTIF Series XXIV-V (1132 Days)- Regular Plan - Maturity Div Option,INF789FB14X1,,11.3012,0,0,2017-08-09
136497,UTI FTIF Series XXIV-V (1132 Days)- Regular Plan - Quarterly Div Option,INF789FB10X9,,10.2487,0,0,2017-08-09
136499,UTI FTIF Series XXIV-VI (1181 Days)- Direct Plan - Growth Option,INF789FB13Y1,,11.443,0,0,2017-08-09
136558,UTI FTIF Series XXIV-VI (1181 Days)- Regular Plan - Growth Option,INF789FB15Y6,,11.4347,0,0,2017-08-09
138244,UTI FTIF Series XXIV-VII (1182 Days)- Direct Plan - Growth Option,INF789FB13Z8,,11.4103,0,0,2017-08-09
138247,UTI FTIF Series XXIV-VII (1182 Days)- Regular Plan - Growth Option,INF789FB15Z3,,11.4022,0,0,2017-08-09
139206,UTI FTIF Series XXIV-VIII (1184 Days) - Direct Plan - Maturity Div Option,INF789FC1030,,11.3773,0,0,2017-08-09
139169,UTI FTIF Series XXIV-VIII (1184 Days)- Direct Plan - Growth Option,INF789FC1048,,11.3773,0,0,2017-08-09
139170,UTI FTIF Series XXIV-VIII (1184 Days)- Regular Paln - Growth Option,INF789FC1063,,11.3599,0,0,2017-08-09
139216,UTI FTIF Series XXIV-X (1118 Days) - Direct Plan - Annual Div Option,INF789FC1089,,10.5414,0,0,2017-08-09
139210,UTI FTIF Series XXIV-X (1118 Days)- Direct Plan - Growth Option,INF789FC1147,,11.3697,0,0,2017-08-09
139211,UTI FTIF Series XXIV-X (1118 Days)- Direct Plan - Maturity Div Option,INF789FC1139,,11.3697,0,0,2017-08-09
139207,UTI FTIF Series XXIV-X (1118 Days)- Direct Plan - Quarterly Div Option,INF789FC1071,,10.2508,0,0,2017-08-09
139209,UTI FTIF Series XXIV-X (1118 Days)- Regular Plan - Annual Div Option,INF789FC1121,,10.4859,0,0,2017-08-09
139215,UTI FTIF Series XXIV-X (1118 Days)- Regular Plan - Growth Option,INF789FC1162,,11.2566,0,0,2017-08-09
139217,UTI FTIF Series XXIV-X (1118 Days)- Regular Plan - Quarterly Div Option,INF789FC1113,,10.251,0,0,2017-08-09
139277,UTI FTIF Series XXIV-XI (1098 Days)- Direct Plan - Annual Div Option,INF789FC1600,,10.4659,0,0,2017-08-09
139273,UTI FTIF Series XXIV-XI (1098 Days)- Direct Plan - Growth Option,INF789FC1667,,11.2446,0,0,2017-08-09
139274,UTI FTIF Series XXIV-XI (1098 Days)- Direct Plan - Maturity Div Option,INF789FC1659,,11.2446,0,0,2017-08-09
139276,UTI FTIF Series XXIV-XI (1098 Days)- Direct Plan - Quarterly Div Option,INF789FC1592,,10.2375,0,0,2017-08-09
139280,UTI FTIF Series XXIV-XI (1098 Days)- Regular Plan - Annual Div Option,INF789FC1642,,10.455,0,0,2017-08-09
139275,UTI FTIF Series XXIV-XI (1098 Days)- Regular Plan - Growth Option,INF789FC1683,,11.1327,0,0,2017-08-09
139279,UTI FTIF Series XXIV-XI (1098 Days)- Regular Plan - Quarterly Div Option,INF789FC1634,,10.2375,0,0,2017-08-09
139282,UTI FTIF Series XXIV-XI (10980 Days)- Regular Plan - Maturity Div Option,INF789FC1675,,11.1326,0,0,2017-08-09
139318,UTI FTIF Series XXIV-XII (1099 Days)- Direct Plan - Annual Div Option,INF789FC1741,,10.4679,0,0,2017-08-09
139317,UTI FTIF Series XXIV-XII (1099 Days)- Direct Plan - Growth Option,INF789FC1808,,11.193,0,0,2017-08-09
139320,UTI FTIF Series XXIV-XII (1099 Days)- Direct Plan - Maturity Div Option,INF789FC1790,,11.1931,0,0,2017-08-09
139319,UTI FTIF Series XXIV-XII (1099 Days)- Direct Plan - Quarterly Dividend Option,INF789FC1733,,10.2423,0,0,2017-08-09
139325,UTI FTIF Series XXIV-XII (1099 Days)- Regular Plan - Annual Div Option,INF789FC1782,,10.6321,0,0,2017-08-09
139322,UTI FTIF Series XXIV-XII (1099 Days)- Regular Plan - Flexi Div Option,INF789FC1766,,11.0843,0,0,2017-08-09
139324,UTI FTIF Series XXIV-XII (1099 Days)- Regular Plan - Growth Option,INF789FC1824,,11.0816,0,0,2017-08-09
139323,UTI FTIF Series XXIV-XII (1099 Days)- Regular Plan - Maturity Div Option,INF789FC1816,,11.0816,0,0,2017-08-09
139326,UTI FTIF Series XXIV-XII (1099 Days)- Regular Plan - Quarterly Div Option,INF789FC1774,,10.2423,0,0,2017-08-09
139349,UTI FTIF Series XXIV-XIII (1097 Days)- Direct Plan - Annual Div Option,INF789FC1840,,10.4688,0,0,2017-08-09
139350,UTI FTIF Series XXIV-XIII (1097 Days)- Direct Plan - Growth Option,INF789FC1907,,11.1558,0,0,2017-08-09
139356,UTI FTIF Series XXIV-XIII (1097 Days)- Direct Plan - Maturity Div Option,INF789FC1899,,11.1558,0,0,2017-08-09
139351,UTI FTIF Series XXIV-XIII (1097 Days)- Direct Plan - Quarterly Div Option,INF789FC1832,,10.2452,0,0,2017-08-09
139352,UTI FTIF Series XXIV-XIII (1097 Days)- Regular Plan - Annual Div Option,INF789FC1881,,10.4482,0,0,2017-08-09
139358,UTI FTIF Series XXIV-XIII (1097 Days)- Regular Plan - Flexi Div Option,INF789FC1865,,11.0447,0,0,2017-08-09
139354,UTI FTIF Series XXIV-XIII (1097 Days)- Regular Plan - Growth Option,INF789FC1923,,11.0448,0,0,2017-08-09
139357,UTI FTIF Series XXIV-XIII (1097 Days)- Regular Plan - Maturity Div Option,INF789FC1915,,11.0448,0,0,2017-08-09
139355,UTI FTIF Series XXIV-XIII (1097 Days)- Regular Plan - Quarterly Div Option,INF789FC1873,,10.2452,0,0,2017-08-09
139399,UTI FTIF Series XXIV-XIV (1831 Days)- Direct Plan - Growth Option,INF789FC1AE6,,11.3351,0,0,2017-08-09
139393,UTI FTIF Series XXIV-XIV (1831 Days)- Direct Plan - Maturity Div Option,INF789FC1AD8,,11.3354,0,0,2017-08-09
139400,UTI FTIF Series XXIV-XIV (1831 Days)- Regular - Annual Div Option,INF789FC1AC0,,10.6501,0,0,2017-08-09
139398,UTI FTIF Series XXIV-XIV (1831 Days)- Regular Plan -  Quarterly Div Option,INF789FC1AB2,,10.4427,0,0,2017-08-09
139402,UTI FTIF Series XXIV-XIV (1831 Days)- Regular Plan - Flexi Div Option,INF789FC1AA4,,11.2788,0,0,2017-08-09
139395,UTI FTIF Series XXIV-XIV (1831 Days)- Regular Plan - Growth Option,INF789FC1AG1,,11.2786,0,0,2017-08-09
139401,UTI FTIF Series XXIV-XIV (1831 Days)- Regular Plan - Maturity Div Option,INF789FC1AF3,,11.2786,0,0,2017-08-09
139397,UTI FTIF Series XXIV-XIV (1831Days)- Direct Plan - Quarterly Div Option,INF789FC1972,,10.4427,0,0,2017-08-09
139423,UTI FTIF Series XXIV-XV (1099 Days)- Direct Plan - Annual Div Option,INF789FC1AI7,,10.4677,0,0,2017-08-09
139422,UTI FTIF Series XXIV-XV (1099 Days)- Direct Plan - Growth Option,INF789FC1AO5,,11.1181,0,0,2017-08-09
139421,UTI FTIF Series XXIV-XV (1099 Days)- Direct Plan - Maturity Div Option,INF789FC1AN7,,11.118,0,0,2017-08-09
139420,UTI FTIF Series XXIV-XV (1099 Days)- Direct Plan - Quarterly Div Option,INF789FC1AH9,,10.2439,0,0,2017-08-09
139428,UTI FTIF Series XXIV-XV (1099 Days)- Regular Plan - Annual Div Option,INF789FC1AM9,,10.4418,0,0,2017-08-09
139427,UTI FTIF Series XXIV-XV (1099 Days)- Regular Plan - Flexi Div Option,INF789FC1AK3,,11.0074,0,0,2017-08-09
139425,UTI FTIF Series XXIV-XV (1099 Days)- Regular Plan - Growth Option,INF789FC1AQ0,,11.0074,0,0,2017-08-09
139426,UTI FTIF Series XXIV-XV (1099 Days)- Regular Plan - Maturity Div Option,INF789FC1AP2,,11.0074,0,0,2017-08-09
139429,UTI FTIF Series XXIV-XV (1099 Days)- Regular Plan - Quarterly Div Option,INF789FC1AL1,,10.2439,0,0,2017-08-09
139479,UTI FTIF Series XXIV-XVII (1098 Days)- Direct Plan - Annual Div Option,INF789FC1AS6,,10.4719,0,0,2017-08-09
139478,UTI FTIF Series XXIV-XVII (1098 Days)- Direct Plan - Growth Option,INF789FC1AY4,,11.0674,0,0,2017-08-09
139483,UTI FTIF Series XXIV-XVII (1098 Days)- Direct Plan - Maturity Div Option,INF789FC1AX6,,11.0676,0,0,2017-08-09
139484,UTI FTIF Series XXIV-XVII (1098 Days)- Direct Plan - Quarterly Div Option,INF789FC1AR8,,10.2523,0,0,2017-08-09
139480,UTI FTIF Series XXIV-XVII (1098 Days)- Regular Plan - Annual Div Option,INF789FC1AW8,,10.4417,0,0,2017-08-09
139481,UTI FTIF Series XXIV-XVII (1098 Days)- Regular Plan - Flexi Div Option,INF789FC1AU2,,10.9574,0,0,2017-08-09
139487,UTI FTIF Series XXIV-XVII (1098 Days)- Regular Plan - Growth Option,INF789FC1BA2,,10.9572,0,0,2017-08-09
139486,UTI FTIF Series XXIV-XVII (1098 Days)- Regular Plan - Maturity Div Option,INF789FC1AZ1,,10.9572,0,0,2017-08-09
139482,UTI FTIF Series XXIV-XVII (1098 Days)- Regular Plan - Quarterly Div Option,INF789FC1AV0,,10.2505,0,0,2017-08-09
139554,UTI FTIF Series XXV-I (1099 Days)- Direct Plan - Annual Div Option,INF789FC1BG9,,10.4625,0,0,2017-08-09
139550,UTI FTIF Series XXV-I (1099 Days)- Direct Plan - Growth Option,INF789FC1BM7,,11.0201,0,0,2017-08-09
139553,UTI FTIF Series XXV-I (1099 Days)- Direct Plan - Maturity Div Option,INF789FC1BL9,,11.0205,0,0,2017-08-09
139552,UTI FTIF Series XXV-I (1099 Days)- Direct Plan - Quarterly Div Option,INF789FC1BF1,,10.2399,0,0,2017-08-09
139557,UTI FTIF Series XXV-I (1099 Days)- Regular Plan - Annual Div Option,INF789FC1BK1,,10.4262,0,0,2017-08-09
139558,UTI FTIF Series XXV-I (1099 Days)- Regular Plan - Flexi Div Option,INF789FC1BI5,,10.9104,0,0,2017-08-09
139559,UTI FTIF Series XXV-I (1099 Days)- Regular Plan - Growth Option,INF789FC1BO3,,10.9102,0,0,2017-08-09
139556,UTI FTIF Series XXV-I (1099 Days)- Regular Plan - Maturity Div Option,INF789FC1BN5,,10.9102,0,0,2017-08-09
139555,UTI FTIF Series XXV-I (1099 Days)- Regular Plan - Quarterly Div Option,INF789FC1BJ3,,10.2324,0,0,2017-08-09
139626,UTI FTIF Series XXV-II (1097 Days)- Direct Plan - Annual Div Option,INF789FC1BU0,,10.4175,0,0,2017-08-09
139629,UTI FTIF Series XXV-II (1097 Days)- Direct Plan - Flexi Div Option,INF789FC1BV8,,10.9309,0,0,2017-08-09
139625,UTI FTIF Series XXV-II (1097 Days)- Direct Plan - Growth Option,INF789FC1CA0,,10.931,0,0,2017-08-09
139633,UTI FTIF Series XXV-II (1097 Days)- Direct Plan - Maturity Div Option,INF789FC1BZ9,,10.9312,0,0,2017-08-09
139627,UTI FTIF Series XXV-II (1097 Days)- Direct Plan - Quarterly Div Option,INF789FC1BT2,,10.1966,0,0,2017-08-09
139630,UTI FTIF Series XXV-II (1097 Days)- Regular Plan - Annual Div Option,INF789FC1BY2,,10.3772,0,0,2017-08-09
139632,UTI FTIF Series XXV-II (1097 Days)- Regular Plan - Flexi Div Option,INF789FC1BW6,,10.8223,0,0,2017-08-09
139624,UTI FTIF Series XXV-II (1097 Days)- Regular Plan - Growth Option,INF789FC1CC6,,10.8222,0,0,2017-08-09
139628,UTI FTIF Series XXV-II (1097 Days)- Regular Plan - Maturity Div Option,INF789FC1CB8,,10.8222,0,0,2017-08-09
139631,UTI FTIF Series XXV-II (1097 Days)- Regular Plan - Quarterly Div Option,INF789FC1BX4,,10.1848,0,0,2017-08-09
139722,UTI FTIF Series XXV-III (1100 Days)- Direct Plan - Annual Div Option,INF789FC1CI3,,10.4151,0,0,2017-08-09
139723,UTI FTIF Series XXV-III (1100 Days)- Direct Plan - Flexi Div Option,INF789FC1CJ1,,10.897,0,0,2017-08-09
139726,UTI FTIF Series XXV-III (1100 Days)- Direct Plan - Maturity Div Option,INF789FC1CN3,,10.897,0,0,2017-08-09
139718,UTI FTIF Series XXV-III (1100 Days)- Direct Plan - Quarterly Div Option,INF789FC1CH5,,10.1909,0,0,2017-08-09
139720,UTI FTIF Series XXV-III (1100 Days)- Regular Plan - Annual Div Option,INF789FC1CM5,,10.3732,0,0,2017-08-09
139721,UTI FTIF Series XXV-III (1100 Days)- Regular Plan - Flexi Div Option,INF789FC1CK9,,10.7921,0,0,2017-08-09
139724,UTI FTIF Series XXV-III (1100 Days)- Regular Plan - Growth Option,INF789FC1CQ6,,10.7921,0,0,2017-08-09
139719,UTI FTIF Series XXV-III (1100 Days)- Regular Plan - Maturity Div Option,INF789FC1CP8,,10.7921,0,0,2017-08-09
139717,UTI FTIF Series XXV-III (1100 Days)- Regular Plan - Quarterly Div Option,INF789FC1CL7,,10.1776,0,0,2017-08-09
139725,UTI FTIF-Series XXV-III (1100 Days)- Direct Plan - Growth Option,INF789FC1CO1,,10.897,0,0,2017-08-09
139804,UTI FTIF Series XXV-IV (1100 Days)- Direct Plan - Annual Div Option,INF789FC1CS2,,10.4066,0,0,2017-08-09
139800,UTI FTIF Series XXV-IV (1100 Days)- Direct Plan - Growth Option,INF789FC1CY0,,10.8315,0,0,2017-08-09
139809,UTI FTIF Series XXV-IV (1100 Days)- Direct Plan - Maturity Div Option,INF789FC1CX2,,10.8314,0,0,2017-08-09
139801,UTI FTIF Series XXV-IV (1100 Days)- Direct Plan - Quarterly Div Option,INF789FC1CR4,,10.1639,0,0,2017-08-09
139808,UTI FTIF Series XXV-IV (1100 Days)- Regular Plan - Annual Div Option,INF789FC1CW4,,10.3644,0,0,2017-08-09
139806,UTI FTIF Series XXV-IV (1100 Days)- Regular Plan - Flexi Div Option,INF789FC1CU8,,10.7325,0,0,2017-08-09
139805,UTI FTIF Series XXV-IV (1100 Days)- Regular Plan - Growth Option,INF789FC1DA8,,10.732,0,0,2017-08-09
139803,UTI FTIF Series XXV-IV (1100 Days)- Regular Plan - Maturity Div Option,INF789FC1CZ7,,10.7319,0,0,2017-08-09
139802,UTI FTIF Series XXV-IV (1100 Days)- Regular Plan - Quarterly Div Option,INF789FC1CV6,,10.1506,0,0,2017-08-09
140070,UTI FTIF Series XXV-IX (1098 Days)- Direct Plan - Annual Div Option,INF789FC1FG0,,10.4168,0,0,2017-08-09
140069,UTI FTIF Series XXV-IX (1098 Days)- Direct Plan - Growth Option,INF789FC1FM8,,10.6332,0,0,2017-08-09
140077,UTI FTIF Series XXV-IX (1098 Days)- Direct Plan - Maturity Div Option,INF789FC1FL0,,10.6332,0,0,2017-08-09
140076,UTI FTIF Series XXV-IX (1098 Days)- Direct Plan - Quarterly Div Option,INF789FC1FF2,,10.136,0,0,2017-08-09
140078,UTI FTIF Series XXV-IX (1098 Days)- Regular Plan - Annual Div Option,INF789FC1FK2,,10.3746,0,0,2017-08-09
140075,UTI FTIF Series XXV-IX (1098 Days)- Regular Plan - Flexi Div Option,INF789FC1FI6,,10.5537,0,0,2017-08-09
140074,UTI FTIF Series XXV-IX (1098 Days)- Regular Plan - Growth Option,INF789FC1FO4,,10.5536,0,0,2017-08-09
140073,UTI FTIF Series XXV-IX (1098 Days)- Regular Plan - Maturity Div Option,INF789FC1FN6,,10.5537,0,0,2017-08-09
140072,UTI FTIF Series XXV-IX (1098 Days)- Regular Plan - Quarterly Div Option,INF789FC1FJ4,,10.1226,0,0,2017-08-09
139810,UTI FTIF Series XXV-V (1100 Days)- Direct Plan - Growth Option,INF789FC1DI1,,10.8342,0,0,2017-08-09
139811,UTI FTIF Series XXV-V (1100 Days)- Direct Plan - Maturity Div Option,INF789FC1DH3,,10.8326,0,0,2017-08-09
139815,UTI FTIF Series XXV-V (1100 Days)- Direct Plan - Quarterly Div Option,INF789FC1DB6,,10.158,0,0,2017-08-09
139817,UTI FTIF Series XXV-V (1100 Days)- Regular Plan - Flexi Div Option,INF789FC1DE0,,10.8054,0,0,2017-08-09
139812,UTI FTIF Series XXV-V (1100 Days)- Regular Plan - Growth Option,INF789FC1DK7,,10.8031,0,0,2017-08-09
139819,UTI FTIF Series XXV-V (1100 Days)- Regular Plan - Quarterly Div Option,INF789FC1DF7,,10.1541,0,0,2017-08-09
139910,UTI FTIF Series XXV-VI (1098 Days) - Regular Plan - Maturity Div Option,INF789FC1DX0,,10.7108,0,0,2017-08-09
139903,UTI FTIF Series XXV-VI (1098 Days)- Direct Plan - Annual Div Option,INF789FC1DQ4,,10.4051,0,0,2017-08-09
139907,UTI FTIF Series XXV-VI (1098 Days)- Direct Plan - Growth Option,INF789FC1DW2,,10.806,0,0,2017-08-09
139904,UTI FTIF Series XXV-VI (1098 Days)- Direct Plan - Maturity Div Option,INF789FC1DV4,,10.8065,0,0,2017-08-09
139905,UTI FTIF Series XXV-VI (1098 Days)- Direct Plan - Quarterly Div Option,INF789FC1DP6,,10.1792,0,0,2017-08-09
139906,UTI FTIF Series XXV-VI (1098 Days)- Regular Plan - Annual Div Dividend Option,INF789FC1DU6,,10.363,0,0,2017-08-09
139908,UTI FTIF Series XXV-VI (1098 Days)- Regular Plan - Growth Option,INF789FC1DY8,,10.7108,0,0,2017-08-09
139911,UTI FTIF Series XXV-VI (1098 Days)- Regular Plan - Quarterly Div Option,INF789FC1DT8,,10.1658,0,0,2017-08-09
139975,UTI FTIF Series XXV-VII (1097 Days)- Direct Plan - Annual Div Option,INF789FC1EE8,,10.409,0,0,2017-08-09
139978,UTI FTIF Series XXV-VII (1097 Days)- Direct Plan - Flexi Div Option,INF789FC1EF5,,10.6988,0,0,2017-08-09
139981,UTI FTIF Series XXV-VII (1097 Days)- Direct Plan - Growth Option,INF789FC1EK5,,10.6987,0,0,2017-08-09
139977,UTI FTIF Series XXV-VII (1097 Days)- Direct Plan - Maturity Div Option,INF789FC1EJ7,,10.6987,0,0,2017-08-09
139976,UTI FTIF Series XXV-VII (1097 Days)- Direct Plan - Quarterly Div Option,INF789FC1ED0,,10.1324,0,0,2017-08-09
139979,UTI FTIF Series XXV-VII (1097 Days)- Regular Plan - Annual Div Option,INF789FC1EI9,,10.3667,0,0,2017-08-09
139984,UTI FTIF Series XXV-VII (1097 Days)- Regular Plan - Flexi Div Option,INF789FC1EG3,,10.6088,0,0,2017-08-09
139982,UTI FTIF Series XXV-VII (1097 Days)- Regular Plan - Growth Option,INF789FC1EM1,,10.6088,0,0,2017-08-09
139980,UTI FTIF Series XXV-VII (1097 Days)- Regular Plan - Maturity Div Option,INF789FC1EL3,,10.6087,0,0,2017-08-09
139983,UTI FTIF Series XXV-VII (1097 Days)- Regular Plan - Quarterly Div Option,INF789FC1EH1,,10.1192,0,0,2017-08-09
140033,UTI FTIF Series XXV-VIII (1100 Days)- Direct Plan - Growth Option,INF789FC1EU4,,10.6952,0,0,2017-08-09
140038,UTI FTIF Series XXV-VIII (1100 Days)- Direct Plan - Maturity Div Option,INF789FC1ET6,,10.6952,0,0,2017-08-09
140037,UTI FTIF Series XXV-VIII (1100 Days)- Direct Plan - Quarterly Div Option,INF789FC1EN9,,10.1339,0,0,2017-08-09
140040,UTI FTIF Series XXV-VIII (1100 Days)- Regular Plan - Annual Div Option,INF789FC1ES8,,10.3708,0,0,2017-08-09
140041,UTI FTIF Series XXV-VIII (1100 Days)- Regular Plan - Flexi Div Option,INF789FC1EQ2,,10.6106,0,0,2017-08-09
140039,UTI FTIF Series XXV-VIII (1100 Days)- Regular Plan - Growth Option,INF789FC1EW0,,10.6106,0,0,2017-08-09
140036,UTI FTIF Series XXV-VIII (1100 Days)- Regular Plan - Maturity Div Option,INF789FC1EV2,,10.6107,0,0,2017-08-09
140042,UTI FTIF Series XXV-VIII (1100 Days)- Regular Plan - Quarterly Div Option,INF789FC1ER0,,10.1205,0,0,2017-08-09
140034,UTI FTIF Series XXV-VIII(1100 Days)- Direct Plan - Annual Div Option,INF789FC1EO7,,10.4131,0,0,2017-08-09
140126,UTI FTIF Series XXV-X (1229 Days)- Direct Plan - Annual Div Option,INF789FC1FQ9,,10.4296,0,0,2017-08-09
140130,UTI FTIF Series XXV-X (1229 Days)- Direct Plan - Growth Option,INF789FC1FW7,,10.5403,0,0,2017-08-09
140121,UTI FTIF Series XXV-X (1229 Days)- Direct Plan - Quarterly Div Option,INF789FC1FP1,,10.145,0,0,2017-08-09
140128,UTI FTIF Series XXV-X (1229 Days)- Regular Plan - Annual Div Option,INF789FC1FU1,,10.3874,0,0,2017-08-09
140125,UTI FTIF Series XXV-X (1229 Days)- Regular Plan - Flexi Div Option,INF789FC1FS5,,10.467,0,0,2017-08-09
140123,UTI FTIF Series XXV-X (1229 Days)- Regular Plan - Growth Option,INF789FC1FY3,,10.4661,0,0,2017-08-09
140129,UTI FTIF Series XXV-X (1229 Days)- Regular Plan - Maturity Div Option,INF789FC1FX5,,10.466,0,0,2017-08-09
140124,UTI FTIF Series XXV-X (1229 Days)- Regular Plan - Quarterly Div Option,INF789FC1FT3,,10.1317,0,0,2017-08-09
140375,UTI FTIF Series XXV-XI (1211 Days)- Direct Plan - Annual Div Option,INF789FC1GJ2,,10.429,0,0,2017-08-09
140367,UTI FTIF Series XXV-XI (1211 Days)- Direct Plan - Flexi Div Option,INF789FC1GK0,,10.5455,0,0,2017-08-09
140373,UTI FTIF Series XXV-XI (1211 Days)- Direct Plan - Growth Option,INF789FC1GP9,,10.5455,0,0,2017-08-09
140374,UTI FTIF Series XXV-XI (1211 Days)- Direct Plan - Maturity Div Option,INF789FC1GO2,,10.5453,0,0,2017-08-09
140376,UTI FTIF Series XXV-XI (1211 Days)- Direct Plan - Quarterly Div Option,INF789FC1GI4,,10.1421,0,0,2017-08-09
140369,UTI FTIF Series XXV-XI (1211 Days)- Regular Plan - Annual Div Option,INF789FC1GN4,,10.3868,0,0,2017-08-09
140372,UTI FTIF Series XXV-XI (1211 Days)- Regular Plan - Flexi Div Option,INF789FC1GL8,,10.4765,0,0,2017-08-09
140368,UTI FTIF Series XXV-XI (1211 Days)- Regular Plan - Growth Option,INF789FC1GR5,,10.4764,0,0,2017-08-09
140371,UTI FTIF Series XXV-XI (1211 Days)- Regular Plan - Maturity Div Option,INF789FC1GQ7,,10.4764,0,0,2017-08-09
140370,UTI FTIF Series XXV-XI (1211 Days)- Regular Plan - Quarterly Div Option,INF789FC1GM6,,10.1288,0,0,2017-08-09
140416,UTI FTIF Series XXV-XII (1198 Days) - Regular Plan - Quarterly Div Option,INF789FC1GW5,,10.1532,0,0,2017-08-09
140415,UTI FTIF Series XXV-XII (1198 Days)- Direct Plan - Annual Div Option,INF789FC1GT1,,10.4287,0,0,2017-08-09
140419,UTI FTIF Series XXV-XII (1198 Days)- Direct Plan - Growth Option,INF789FC1GZ8,,10.5583,0,0,2017-08-09
140423,UTI FTIF Series XXV-XII (1198 Days)- Direct Plan - Maturity Div Option,INF789FC1GY1,,10.5583,0,0,2017-08-09
140421,UTI FTIF Series XXV-XII (1198 Days)- Direct Plan - Quarterly Div Option,INF789FC1GS3,,10.1665,0,0,2017-08-09
140424,UTI FTIF Series XXV-XII (1198 Days)- Regular Plan - Annual Div Option,INF789FC1GX3,,10.3865,0,0,2017-08-09
140418,UTI FTIF Series XXV-XII (1198 Days)- Regular Plan - Flexi Div Option,INF789FC1GV7,,10.4933,0,0,2017-08-09
140420,UTI FTIF Series XXV-XII (1198 Days)- Regular Plan - Growth Option,INF789FC1HB7,,10.4928,0,0,2017-08-09
140417,UTI FTIF Series XXV-XII (1198 Days)- Regular Plan - Maturity Div Option,INF789FC1HA9,,10.4928,0,0,2017-08-09
140471,UTI FTIF Series XXVI-I (1182 Days)- Direct Plan - Annual Div Option,INF789FC1HH4,,10.4139,0,0,2017-08-09
140468,UTI FTIF Series XXVI-I (1182 Days)- Direct Plan - Flexi Div Option,INF789FC1HI2,,10.4246,0,0,2017-08-09
140466,UTI FTIF Series XXVI-I (1182 Days)- Direct Plan - Growth Option,INF789FC1HN2,,10.4246,0,0,2017-08-09
140474,UTI FTIF Series XXVI-I (1182 Days)- Direct Plan - Maturity Div Option,INF789FC1HM4,,10.4246,0,0,2017-08-09
140470,UTI FTIF Series XXVI-I (1182 Days)- Direct Plan - Quarterly Div Option,INF789FC1HG6,,10.1347,0,0,2017-08-09
140469,UTI FTIF Series XXVI-I (1182 Days)- Regular Plan - Annual Div Option,INF789FC1HL6,,10.3645,0,0,2017-08-09
140473,UTI FTIF Series XXVI-I (1182 Days)- Regular Plan - Flexi Div Option,INF789FC1HJ0,,10.3655,0,0,2017-08-09
140475,UTI FTIF Series XXVI-I (1182 Days)- Regular Plan - Growth Option,INF789FC1HP7,,10.3645,0,0,2017-08-09
140467,UTI FTIF Series XXVI-I (1182 Days)- Regular Plan - Maturity Div Option,INF789FC1HO0,,10.3642,0,0,2017-08-09
140472,UTI FTIF Series XXVI-I (1182 Days)- Regular Plan - Quarterly Div Option,INF789FC1HK8,,10.1213,0,0,2017-08-09
140525,UTI FTIF Series XXVI-II (1176 Days)- Direct Plan - Annual Div Option,INF789FC1HZ6,,10.4096,0,0,2017-08-09
140519,UTI FTIF Series XXVI-II (1176 Days)- Direct Plan - Flexi Div Option,INF789FC1IA7,,10.4071,0,0,2017-08-09
140524,UTI FTIF Series XXVI-II (1176 Days)- Direct Plan - Growth Option,INF789FC1IF6,,10.4092,0,0,2017-08-09
140521,UTI FTIF Series XXVI-II (1176 Days)- Direct Plan - Maturity Div Option,INF789FC1IE9,,10.4092,0,0,2017-08-09
140518,UTI FTIF Series XXVI-II (1176 Days)- Direct Plan - Quarterly Div Option,INF789FC1HY9,,10.1392,0,0,2017-08-09
140526,UTI FTIF Series XXVI-II (1176 Days)- Regular Plan - Annual Div Option,INF789FC1ID1,,10.3548,0,0,2017-08-09
140522,UTI FTIF Series XXVI-II (1176 Days)- Regular Plan - Flexi Div Option,INF789FC1IB5,,10.355,0,0,2017-08-09
140520,UTI FTIF Series XXVI-II (1176 Days)- Regular Plan - Growth Option,INF789FC1IH2,,10.3548,0,0,2017-08-09
140523,UTI FTIF Series XXVI-II (1176 Days)- Regular Plan - Maturity Div Option,INF789FC1IG4,,10.3551,0,0,2017-08-09
140527,UTI FTIF Series XXVI-II (1176 Days)- Regular Plan - Quarterly Div Option,INF789FC1IC3,,10.1259,0,0,2017-08-09
140635,UTI FTIF Series XXVI-III (1169 Days)- Direct Plan - Growth Option,INF789FC1IX9,,10.4141,0,0,2017-08-09
140636,UTI FTIF Series XXVI-III (1169 Days)- Direct Plan - Quarterly Div Option,INF789FC1IQ3,,10.1654,0,0,2017-08-09
140641,UTI FTIF Series XXVI-III (1169 Days)- Regular Plan - Annual Div Option,INF789FC1IV3,,10.3657,0,0,2017-08-09
140643,UTI FTIF Series XXVI-III (1169 Days)- Regular Plan - Flexi Div Option,INF789FC1IT7,,10.3664,0,0,2017-08-09
140640,UTI FTIF Series XXVI-III (1169 Days)- Regular Plan - Growth Option,INF789FC1IZ4,,10.3657,0,0,2017-08-09
140644,UTI FTIF Series XXVI-III (1169 Days)- Regular Plan - Maturity Div Option,INF789FC1IY7,,10.3657,0,0,2017-08-09
140642,UTI FTIF Series XXVI-III (1169 Days)- Regular Plan - Quarterly Div Option,INF789FC1IU5,,10.1518,0,0,2017-08-09
140853,UTI FTIF Series XXVI-V (1160 Days)- Direct Plan - Annual Div Option,INF789FC1JL2,,10.4636,0,0,2017-08-09
140858,UTI FTIF Series XXVI-V (1160 Days)- Direct Plan - Flexi Div Option,INF789FC1JM0,,10.4635,0,0,2017-08-09
140857,UTI FTIF Series XXVI-V (1160 Days)- Direct Plan - Growth Option,INF789FC1JR9,,10.4635,0,0,2017-08-09
140856,UTI FTIF Series XXVI-V (1160 Days)- Direct Plan - Maturity Div Option,INF789FC1JQ1,,10.4635,0,0,2017-08-09
140854,UTI FTIF Series XXVI-V (1160 Days)- Direct Plan - Quarterly Div Option,INF789FC1JK4,,10.2262,0,0,2017-08-09
140860,UTI FTIF Series XXVI-V (1160 Days)- Regular Plan - Annual Div Option,INF789FC1JP3,,10.4194,0,0,2017-08-09
140855,UTI FTIF Series XXVI-V (1160 Days)- Regular Plan - Growth Option,INF789FC1JT5,,10.4194,0,0,2017-08-09
140861,UTI FTIF Series XXVI-V (1160 Days)- Regular Plan - Maturity Div Option,INF789FC1JS7,,10.4195,0,0,2017-08-09
140859,UTI FTIF Series XXVI-V (1160 Days)- Regular Plan - Quarterly Div Option,INF789FC1JO6,,10.2126,0,0,2017-08-09
140969,UTI FTIF Series XXVI-VI (1146 Days)- Direct Plan - Annual Div Option,INF789FC1JV1,,10.403,0,0,2017-08-09
140964,UTI FTIF Series XXVI-VI (1146 Days)- Direct Plan - Growth Option,INF789FC1KB1,,10.403,0,0,2017-08-09
140971,UTI FTIF Series XXVI-VI (1146 Days)- Direct Plan - Maturity Div Option,INF789FC1KA3,,10.403,0,0,2017-08-09
140970,UTI FTIF Series XXVI-VI (1146 Days)- Direct Plan - Quarterly Div Option,INF789FC1JU3,,10.2147,0,0,2017-08-09
140967,UTI FTIF Series XXVI-VI (1146 Days)- Regular Plan - Flexi Div Option,INF789FC1JX7,,10.3967,0,0,2017-08-09
140968,UTI FTIF Series XXVI-VI (1146 Days)- Regular Plan - Growth Option,INF789FC1KD7,,10.3967,0,0,2017-08-09
140966,UTI FTIF Series XXVI-VI (1146 Days)- Regular Plan - Maturity Div Option,INF789FC1KC9,,10.3967,0,0,2017-08-09
140973,UTI FTIF Series XXVI-VI (1146 Days)- Regular Plan - Quarterly Div Option,INF789FC1JY5,,10.2125,0,0,2017-08-09
141012,UTI FTIF Series XXVI-VII (1140 Days)- Direct Plan - Annual Div Option,INF789FC1KF2,,10.3722,0,0,2017-08-09
141013,UTI FTIF Series XXVI-VII (1140 Days)- Direct Plan - Growth Option,INF789FC1KL0,,10.3722,0,0,2017-08-09
141014,UTI FTIF Series XXVI-VII (1140 Days)- Direct Plan - Maturity Div Option,INF789FC1KK2,,10.372,0,0,2017-08-09
141008,UTI FTIF Series XXVI-VII (1140 Days)- Direct Plan - Quarterly Div Option,INF789FC1KE5,,10.1838,0,0,2017-08-09
141017,UTI FTIF Series XXVI-VII (1140 Days)- Regular Plan - Annual Div Option,INF789FC1KJ4,,10.3342,0,0,2017-08-09
141016,UTI FTIF Series XXVI-VII (1140 Days)- Regular Plan - Flexi Div Option,INF789FC1KH8,,10.3342,0,0,2017-08-09
141015,UTI FTIF Series XXVI-VII (1140 Days)- Regular Plan - Growth Option,INF789FC1KN6,,10.3342,0,0,2017-08-09
141011,UTI FTIF Series XXVI-VII (1140 Days)- Regular Plan - Maturity Div Option,INF789FC1KM8,,10.3342,0,0,2017-08-09
141010,UTI FTIF Series XXVI-VII (1140 Days)- Regular Plan - Quarterly Div Option,INF789FC1KI6,,10.1709,0,0,2017-08-09
141119,UTI FTIF Series XXVI-VIII (1154 Days)- Direct Plan - Annual Div Option,INF789FC1ML6,,10.3517,0,0,2017-08-09
141114,UTI FTIF Series XXVI-VIII (1154 Days)- Direct Plan - Flexi Div Option,INF789FC1MM4,,10.3517,0,0,2017-08-09
141111,UTI FTIF Series XXVI-VIII (1154 Days)- Direct Plan - Growth Option,INF789FC1MR3,,10.3517,0,0,2017-08-09
141113,UTI FTIF Series XXVI-VIII (1154 Days)- Direct Plan - Maturity Div Option,INF789FC1MQ5,,10.3517,0,0,2017-08-09
141112,UTI FTIF Series XXVI-VIII (1154 Days)- Direct Plan - Quarterly Div Option,INF789FC1MK8,,10.1767,0,0,2017-08-09
141116,UTI FTIF Series XXVI-VIII (1154 Days)- Regular Plan - Annual Div Option,INF789FC1MP7,,10.3138,0,0,2017-08-09
141115,UTI FTIF Series XXVI-VIII (1154 Days)- Regular Plan - Growth Option,INF789FC1MT9,,10.3138,0,0,2017-08-09
141117,UTI FTIF Series XXVI-VIII (1154 Days)- Regular Plan - Maturity Div Option,INF789FC1MS1,,10.3138,0,0,2017-08-09
141120,UTI FTIF Series XXVI-VIII (1154 Days)- Regular Plan - Quarterly Div Option,INF789FC1MO0,,10.1632,0,0,2017-08-09
131559,UTI Capital Protection Oriented Scheme - Series IV-II (1104 Days) - Dividend Option - Direct,INF789FA1F60,,12.6139,0,0,2017-08-09
131560,UTI Capital Protection Oriented Scheme - Series IV-II (1104 Days) - Growth Option - Direct,INF789FA1F78,,12.6139,0,0,2017-08-09
131341,UTI Capital Protection Oriented Scheme - Series IV-II (1104 Days)- Dividend Option,INF789FA1F45,,12.1246,0,0,2017-08-09
131340,UTI Capital Protection Oriented Scheme - Series IV-II (1104 Days)- Growth Option,INF789FA1F52,,12.1246,0,0,2017-08-09
133573,UTI Capital Protection Oriented Scheme - Series V-I (1163 Days) - Dividend Option,INF789FB1916,,11.7672,0,0,2017-08-09
133574,UTI Capital Protection Oriented Scheme - Series V-I (1163 Days) - Dividend Option - Direct,INF789FB1932,,12.2232,0,0,2017-08-09
133575,UTI Capital Protection Oriented Scheme - Series V-I (1163 Days) - Growth Option,INF789FB1924,,11.7672,0,0,2017-08-09
133576,UTI Capital Protection Oriented Scheme - Series V-I (1163 Days) - Growth Option - Direct,INF789FB1940,,12.2232,0,0,2017-08-09
135257,UTI Capital Protection Oriented Scheme - Series VI-I (1098 Days) - Direct Plan - Dividend Option,INF789FB1U85,,11.8291,0,0,2017-08-09
135254,UTI Capital Protection Oriented Scheme - Series VI-I (1098 Days) - Regular Plan - Dividend Option,INF789FB1U69,,11.5134,0,0,2017-08-09
135255,UTI Capital Protection Oriented Scheme - Series VI-I (1098 Days) - Regular Plan - Growth Option,INF789FB1U77,,11.5134,0,0,2017-08-09
135256,UTI Capital Protection Oriented Scheme Series - VI-I (1098 Days) - Direct Plan - Growth Option,INF789FB1U93,,11.8291,0,0,2017-08-09
134166,UTI Capital Protection Oriented Scheme Series V-II (1135 Days) - Dividend Option,INF789FB1CJ2,,11.77,0,0,2017-08-09
134164,UTI Capital Protection Oriented Scheme Series V-II (1135 Days) - Dividend Option - Direct,INF789FB1CL8,,12.2079,0,0,2017-08-09
134167,UTI Capital Protection Oriented Scheme Series V-II (1135 Days) - Growth Option,INF789FB1CK0,,11.77,0,0,2017-08-09
134165,UTI Capital Protection Oriented Scheme Series V-II (1135 Days) - Growth Option - Direct,INF789FB1CM6,,12.2079,0,0,2017-08-09
133424,UTI Dual Advantage Fixed Term Fund Series I - I (1100 Days) - Growth Option - Direct,INF789FB1866,,12.457,0,0,2017-08-09
133421,UTI Dual Advantage Fixed Term Fund Series I -I (1100 Days) - Dividend Option,INF789FB1833,,12.0034,0,0,2017-08-09
133422,UTI Dual Advantage Fixed Term Fund Series I- I (1100 Days) - Dividend Option - Direct,INF789FB1858,,12.457,0,0,2017-08-09
133423,UTI Dual Advantage Fixed Term Fund Series I-I (1100 Days) - Growth Option,INF789FB1841,,12.0034,0,0,2017-08-09
133735,UTI Dual Advantage Fixed Term Fund Series I - II (1145 Days) - Dividend Option - Direct,INF789FB1BB1,,12.245,0,0,2017-08-09
133737,UTI Dual Advantage Fixed Term Fund Series I -II (1145 Days) - Growth Option - Direct,INF789FB1BC9,,12.245,0,0,2017-08-09
133734,UTI Dual Advantage Fixed Term Fund Series I- II (1145 Days) - Dividend Option,INF789FB1AZ2,,11.83,0,0,2017-08-09
133736,UTI Dual Advantage Fixed Term Fund Series I-II (1145 Days) - Growth Option,INF789FB1BA3,,11.83,0,0,2017-08-09
134214,UTI Dual Advantage Fixed Term Fund Series I-III (1111 Days) - Dividend Option,INF789FB1EH2,,11.7018,0,0,2017-08-09
134213,UTI Dual Advantage Fixed Term Fund Series I-III (1111 Days) - Dividend Option - Direct,INF789FB1EJ8,,12.1369,0,0,2017-08-09
134211,UTI Dual Advantage Fixed Term Fund Series I-III (1111 Days) - Growth Option,INF789FB1EI0,,11.7018,0,0,2017-08-09
134212,UTI Dual Advantage Fixed Term Fund Series I-III (1111 Days) - Growth Option - Direct,INF789FB1EK6,,12.1369,0,0,2017-08-09
134217,UTI Dual Advantage Fixed Term Fund Series I-IV (1099 Days) - Direct Plan - Dividend Option,INF789FB1FR8,,12.1586,0,0,2017-08-09
134215,UTI Dual Advantage Fixed Term Fund Series I-IV (1099 Days) - Direct Plan - Growth Option,INF789FB1FS6,,12.1589,0,0,2017-08-09
134216,UTI Dual Advantage Fixed Term Fund Series I-IV (1099 Days) - Regular Plan - Dividend Option,INF789FB1FP2,,11.7218,0,0,2017-08-09
134218,UTI Dual Advantage Fixed Term Fund Series I-IV (1099 Days) - Regular Plan -Growth Option,INF789FB1FQ0,,11.7218,0,0,2017-08-09
134519,UTI Dual Advantage Fixed Term Fund Series I-V (1099 Days) - Direct Plan - Dividend Option,INF789FB1QQ7,,12.1566,0,0,2017-08-09
134518,UTI Dual Advantage Fixed Term Fund Series I-V (1099 Days) - Direct Plan - Growth Option,INF789FB1QR5,,12.1566,0,0,2017-08-09
134521,UTI Dual Advantage Fixed Term Fund Series I-V (1099 Days) - Regular Plan - Dividend Option,INF789FB1QO2,,11.7298,0,0,2017-08-09
134520,UTI Dual Advantage Fixed Term Fund Series I-V (1099 Days) - Regular Plan - Growth Option,INF789FB1QP9,,11.7298,0,0,2017-08-09
130249,UTI FTIF Series XIX - III (368 Days) - Growth Option - Direct,INF789FB1B54,,12.9303,0,0,2017-08-09
130240,UTI FTIF Series XIX - III (368 Days)- Growth  Option,INF789FB1ZY2,,12.8906,0,0,2017-08-09
130253,UTI FTIF Series XIX - IV (366 Days) - Growth Option - Direct,INF789FB1YS7,,12.9211,0,0,2017-08-09
130250,UTI FTIF Series XIX - IV (366 Days)- Growth Option,INF789FB1C61,,12.8814,0,0,2017-08-09
130357,UTI FTIF Series XIX - V (1095 Days) - Growth Option,INF789FA1PL1,,12.9926,0,0,2017-08-09
130375,UTI FTIF Series XIX - V (1095 Days) - Growth Option - Direct,INF789FA1PD8,,13.3013,0,0,2017-08-09
130360,UTI FTIF Series XIX - VI (366 Days) - Growth Option,INF789FB1ZE4,,12.8483,0,0,2017-08-09
130387,UTI FTIF Series XIX - VI (366 Days)- Growth Option - Direct,INF789FB1ZP0,,12.8879,0,0,2017-08-09
130363,UTI FTIF Series XIX - VIII ( 368 Days )- Growth Option,INF789FA1RH5,,12.837,0,0,2017-08-09
130370,UTI FTIF Series XIX - VIII (368 Days) - Growth Option - Direct,INF789FA1QZ9,,12.8769,0,0,2017-08-09
131206,UTI FTIF Series XIX - XIX (1101 Days) - Annual Div Option,INF789FA1YY6,INF789FA1YZ3,10.3555,0,0,2017-08-09
131207,UTI FTIF Series XIX - XIX (1101 Days) - Annual Div Option - Direct,INF789FA1YQ2,INF789FA1YR0,10.3767,0,0,2017-08-09
131211,UTI FTIF Series XIX - XIX (1101 Days) - Flexi Div Option,INF789FA1ZC9,INF789FA1ZD7,12.7748,0,0,2017-08-09
131080,UTI FTIF Series XIX - XIX (1101 Days) - Growth Option,INF789FA1ZB1,,12.8697,0,0,2017-08-09
131213,UTI FTIF Series XIX - XIX (1101 Days) - Growth Option - Direct,INF789FA1YT6,,13.0614,0,0,2017-08-09
131210,UTI FTIF Series XIX - XIX (1101 Days) - Maturity Div Option,INF789FA1ZA3,,12.8696,0,0,2017-08-09
131208,UTI FTIF Series XIX - XIX (1101 Days) - Quarterly Div Option,INF789FA1YW0,INF789FA1YX8,10.1402,0,0,2017-08-09
131209,UTI FTIF Series XIX - XIX (1101 Days) - Quarterly Div Option - Direct,INF789FA1YO7,INF789FA1YP4,10.1466,0,0,2017-08-09
131072,UTI FTIF Series XIX - XV (1101 Days) - Annual Div Option,INF789FA1VQ8,INF789FA1VR6,10.3224,0,0,2017-08-09
131073,UTI FTIF Series XIX - XV (1101 Days) - Annual Div Option - Direct,INF789FA1VI5,INF789FA1VJ3,10.3432,0,0,2017-08-09
131074,UTI FTIF Series XIX - XV (1101 Days) - Flexi Div Option,INF789FA1VU0,INF789FA1VV8,12.7436,0,0,2017-08-09
130808,UTI FTIF Series XIX - XV (1101 Days) - Growth Option,INF789FA1VT2,,12.8888,0,0,2017-08-09
131071,UTI FTIF Series XIX - XV (1101 Days) - Growth Option - Direct,INF789FA1VL9,,13.0834,0,0,2017-08-09
131068,UTI FTIF Series XIX - XV (1101 Days) - Maturity Div Option,INF789FA1VS4,,12.8888,0,0,2017-08-09
131070,UTI FTIF Series XIX - XV (1101 Days) - Quarterly Div Option,INF789FA1VO3,INF789FA1VP0,10.135,0,0,2017-08-09
131067,UTI FTIF Series XIX - XV (1101 Days) - Quarterly Div Option - Direct,INF789FA1VG9,INF789FA1VH7,10.1416,0,0,2017-08-09
131154,UTI FTIF Series XIX - XVIII (1105 Days) - Annual Div Option,INF789FA1XM3,INF789FA1XN1,10.3619,0,0,2017-08-09
131155,UTI FTIF Series XIX - XVIII (1105 Days) - Annual Div Option - Direct,INF789FA1XE0,INF789FA1XF7,10.3832,0,0,2017-08-09
131157,UTI FTIF Series XIX - XVIII (1105 Days) - Flexi Div Option,INF789FA1XQ4,INF789FA1XR2,12.7571,0,0,2017-08-09
130979,UTI FTIF Series XIX - XVIII (1105 Days) - Growth Option - Direct,INF789FA1XH3,,13.0783,0,0,2017-08-09
131153,UTI FTIF Series XIX - XVIII (1105 Days) - Maturity Div Option,INF789FA1XO9,,12.8843,0,0,2017-08-09
131159,UTI FTIF Series XIX - XVIII (1105 Days) - Quarterly Div Option,INF789FA1XK7,INF789FA1XL5,10.1327,0,0,2017-08-09
131156,UTI FTIF Series XIX - XVIII (1105 Days) - Quarterly Div Option  -Direct,INF789FA1XC4,INF789FA1XD2,10.1393,0,0,2017-08-09
130980,UTI FTIF Series XIX -XVIII (1105 Days) - Growth Option,INF789FA1XP6,,12.8843,0,0,2017-08-09
131100,UTI FTIF Series XIX - XX (1099 Days) - Annual Div Option,INF789FA1A08,INF789FA1A16,10.3646,0,0,2017-08-09
131081,UTI FTIF Series XIX - XX (1099 Days) - Growth Option,INF789FA1A32,,12.8351,0,0,2017-08-09
131107,UTI FTIF Series XIX - XX (1099 Days) - Growth Option - Direct,INF789FA1ZV9,,13.0627,0,0,2017-08-09
131105,UTI FTIF Series XIX - XX (1099 Days) - Maturity Div Option,INF789FA1A24,,12.835,0,0,2017-08-09
131108,UTI FTIF Series XIX - XX (1099 Days) - Quarterly Div Option,INF789FA1ZY3,INF789FA1ZZ0,10.1418,0,0,2017-08-09
130131,UTI FTIF Series XIX- I (369 Days) - Growth Option,INF789FB1XU5,,12.975,0,0,2017-08-09
130125,UTI FTIF Series XIX- I (369 Days)- Growth Option - Direct,INF789FB1YC1,,13.0147,0,0,2017-08-09
126645,UTI FTIF Series XVII -VII (465 DAYS)- Growth Option,INF789FB1UX5,,13.332,0,0,2017-08-09
126646,UTI FTIF Series XVII -VII (465 DAYS)- Growth Option - Direct,INF789FB1VG8,,13.4049,0,0,2017-08-09
126654,UTI FTIF Series XVII -VII (465 DAYS)- Quarterly Div Option,INF789FB1UQ9,INF789FB1UR7,10.2005,0,0,2017-08-09
127115,UTI FTIF Series XVII -X (1152 DAYS)-Growth Option,INF789FB1BK2,,13.2469,0,0,2017-08-09
127116,UTI FTIF Series XVII -X (1152 DAYS)-Growth Option - Direct,INF789FB1BS5,,13.3214,0,0,2017-08-09
127445,UTI FTIF Series XVII - XII (1148 DAYS)-Annual Div Option - Direct,INF789FA1586,INF789FA1594,10.1912,0,0,2017-08-09
127452,UTI FTIF Series XVII - XII (1148 DAYS)-Growth Option,INF789FA1537,,13.4372,0,0,2017-08-09
127444,UTI FTIF Series XVII - XII (1148 DAYS)-Growth Option - Direct,INF789FA1610,,13.5834,0,0,2017-08-09
127460,UTI FTIF Series XVII - XIII (369 DAYS)-Growth Option,INF789FB1CA1,,13.2571,0,0,2017-08-09
127461,UTI FTIF Series XVII - XIII (369 DAYS)-Growth Option - Direct,INF789FB1CI4,,13.3383,0,0,2017-08-09
127630,UTI FTIF Series XVII -XIV (423 DAYS)- Growth Option,INF789FB1OB4,,13.1796,0,0,2017-08-09
127631,UTI FTIF Series XVII -XIV (423 DAYS)-Growth Option - Direct,INF789FB1OJ7,,13.2764,0,0,2017-08-09
127815,UTI FTIF Series XVII -XVI (367 DAYS)- Growth Option,INF789FA1AJ7,,13.311,0,0,2017-08-09
127816,UTI FTIF Series XVII -XVI (367 DAYS)-Growth Option - Direct,INF789FA1AB4,,13.399,0,0,2017-08-09
128137,UTI FTIF Series XVII -XVIII (796 DAYS)-Growth Option,INF789FA1BP2,,13.283,0,0,2017-08-09
128138,UTI FTIF Series XVII -XVIII (796 DAYS)-Growth Option - Direct,INF789FA1BH9,,13.3732,0,0,2017-08-09
128140,UTI FTIF Series XVII -XVIII (796 DAYS)-Quarterly Div Option,INF789FA1BK3,INF789FA1BL1,10.131,0,0,2017-08-09
129591,UTI FTIF Series XVIII - IX (733 Days) - Annual Div Option - Direct,INF789FA1IW3,INF789FA1IX1,10.159,0,0,2017-08-09
129592,UTI FTIF Series XVIII - IX (733 Days) - Growth Option,INF789FA1JH2,,13.0615,0,0,2017-08-09
129593,UTI FTIF Series XVIII - IX (733 Days) - Growth Option - Direct,INF789FA1IZ6,,13.1448,0,0,2017-08-09
129596,UTI FTIF Series XVIII - IX (733 Days) - Maturity Div Option,INF789FA1JG4,,10.1556,0,0,2017-08-09
129549,UTI FTIF Series XVIII - VIII (366 Days) - Growth Option - Direct,INF789FB1QF0,,13.0937,0,0,2017-08-09
129550,UTI FTIF Series XVIII - VIII (366 days)- Growth Option,INF789FB1PX5,,13.0366,0,0,2017-08-09
129601,UTI FTIF Series XVIII - X (366 Days) - Growth Option,INF789FB1SL4,,13.0019,0,0,2017-08-09
129603,UTI FTIF Series XVIII - X (366 Days) - Growth Option - Direct,INF789FB1ST7,,13.0578,0,0,2017-08-09
129817,UTI FTIF Series XVIII - XI (1095 Days) - Growth Option,INF789FA1JX9,,13.1796,0,0,2017-08-09
129818,UTI FTIF Series XVIII - XI (1095 Days) - Growth Option - Direct,INF789FA1JP5,,13.3868,0,0,2017-08-09
129821,UTI FTIF Series XVIII - XI (1095 Days) - Quarterly Div Option,INF789FA1JS9,INF789FA1JT7,10.1011,0,0,2017-08-09
129827,UTI FTIF Series XVIII - XII (366 Days) - Growth Option,INF789FB1TR9,,12.9902,0,0,2017-08-09
129834,UTI FTIF Series XVIII - XII (366 Days) - Growth Option - Direct,INF789FB1TZ2,,13.0336,0,0,2017-08-09
130068,UTI FTIF Series XVIII - XIII (366 Days) - Annual Div Option,INF789FB1UC9,INF789FB1UD7,10.1492,0,0,2017-08-09
130065,UTI FTIF Series XVIII - XIII(366 Days) - Growth Option,INF789FB1UH8,,12.9714,0,0,2017-08-09
130066,UTI FTIF Series XVIII - XIII(366 Days) - Growth Option - Direct,INF789FB1UP1,,13.0138,0,0,2017-08-09
130070,UTI FTIF Series XVIII - XIII(366 Days) - Quarterly Div Option - Direct,INF789FB1UI6,INF789FB1UJ4,10.1444,0,0,2017-08-09
128557,UTI FTIF Series XVIII -I (400 DAYS)-Growth Option,INF789FB1PH8,,13.1105,0,0,2017-08-09
128558,UTI FTIF Series XVIII -I (400 DAYS)-Growth Option - Direct,INF789FB1PJ4,,13.1943,0,0,2017-08-09
128876,UTI FTIF Series XVIII -IV (366 DAYS) - Growth Option - Direct,INF789FB1IF7,,13.1747,0,0,2017-08-09
128885,UTI FTIF Series XVIII -IV (366 DAYS)- Growth Option,INF789FB1HX2,,13.1383,0,0,2017-08-09
129257,UTI FTIF Series XVIII -V (370 DAYS) - Growth Option - Direct,INF789FB1LZ9,,13.1175,0,0,2017-08-09
129256,UTI FTIF Series XVIII -V (370 DAYS)- Growth Option,INF789FB1LR6,,13.0745,0,0,2017-08-09
129259,UTI FTIF Series XVIII -V (370 DAYS)-Annual Div Option - Direct,INF789FB1LU0,INF789FB1LV8,10.239,0,0,2017-08-09
129276,UTI FTIF Series XVIII -VII (368 DAYS) - Growth Option - Direct,INF789FB1OZ3,,13.0895,0,0,2017-08-09
129283,UTI FTIF Series XVIII -VII (368 DAYS)- Growth Option,INF789FB1OR0,,13.0462,0,0,2017-08-09
131246,UTI FTIF Series XX - I (1099 Days) - Annual Div Option,INF789FA1E87,INF789FA1E95,10.3774,0,0,2017-08-09
131245,UTI FTIF Series XX - I (1099 Days) - Growth Option,INF789FA1F11,,12.8298,0,0,2017-08-09
131253,UTI FTIF Series XX - I (1099 Days) - Growth Option - Direct,INF789FA1E38,,13.0544,0,0,2017-08-09
131250,UTI FTIF Series XX - I (1099 Days) - Maturity Div Option,INF789FA1F03,,12.8277,0,0,2017-08-09
131248,UTI FTIF Series XX - I (1099 Days) - Quarterly Div Option,INF789FA1E61,INF789FA1E79,10.1465,0,0,2017-08-09
131249,UTI FTIF Series XX - I (1099 Days) - Quarterly Div Option - Direct,INF789FA1D88,INF789FA1D96,10.1543,0,0,2017-08-09
131565,UTI FTIF Series XX - II (1103 Days) - Annual Div Option,INF789FA1I42,INF789FA1I59,10.3832,0,0,2017-08-09
131572,UTI FTIF Series XX - II (1103 Days) - Annual Div Option -Direct,INF789FA1H68,INF789FA1H76,10.4083,0,0,2017-08-09
131446,UTI FTIF Series XX - II (1103 Days) - Growth Option,INF789FA1I75,,12.8122,0,0,2017-08-09
131573,UTI FTIF Series XX - II (1103 Days) - Growth Option -Direct,INF789FA1H92,,13.0348,0,0,2017-08-09
131568,UTI FTIF Series XX - II (1103 Days) - Maturity Div Option,INF789FA1I67,,12.8122,0,0,2017-08-09
131569,UTI FTIF Series XX - II (1103 Days) - Maturity Div Option - Direct,INF789FA1H84,,13.0347,0,0,2017-08-09
131566,UTI FTIF Series XX - II (1103 Days) - Quarterly Div Option,INF789FA1I26,INF789FA1I34,10.1617,0,0,2017-08-09
131567,UTI FTIF Series XX - II (1103 Days) - Quarterly Div Option - Direct,INF789FA1H43,INF789FA1H50,10.1696,0,0,2017-08-09
132774,UTI FTIF Series XX - III (1100 Days) - Annual Div Option,INF789FA1X68,INF789FA1X76,10.372,0,0,2017-08-09
132779,UTI FTIF Series XX - III (1100 Days) - Annual Div Option - Direct,INF789FA1W85,INF789FA1W93,10.3968,0,0,2017-08-09
132777,UTI FTIF Series XX - III (1100 Days) - Flexi Div Option,INF789FA1Y00,INF789FA1Y18,12.8085,0,0,2017-08-09
131447,UTI FTIF Series XX - III (1100 Days) - Growth Option,INF789FA1X92,,12.8087,0,0,2017-08-09
131448,UTI FTIF Series XX - III (1100 Days) - Growth Option - Direct,INF789FA1X19,,13.0289,0,0,2017-08-09
132781,UTI FTIF Series XX - III (1100 Days) - Maturity Div Option,INF789FA1X84,,12.8085,0,0,2017-08-09
132780,UTI FTIF Series XX - III (1100 Days) - Quarterly Div Option,INF789FA1X43,INF789FA1X50,10.1429,0,0,2017-08-09
133076,UTI FTIF Series XX - IX (1104 Days) - Annual Div Option,INF789FA14M6,INF789FA15M3,10.3285,0,0,2017-08-09
133078,UTI FTIF Series XX - IX (1104 Days) - Annual Div Option - Direct,INF789FA16L3,INF789FA17L1,10.3534,0,0,2017-08-09
133070,UTI FTIF Series XX - IX (1104 Days) - Growth Option,INF789FA17M9,,12.5843,0,0,2017-08-09
133071,UTI FTIF Series XX - IX (1104 Days) - Growth Option - Direct,INF789FA19L7,,12.7916,0,0,2017-08-09
133074,UTI FTIF Series XX - IX (1104 Days) - Maturity Div Option - Direct,INF789FA18L9,,12.7918,0,0,2017-08-09
133072,UTI FTIF Series XX - IX (1104 Days) - Quarterly Div Option,INF789FA12M0,INF789FA13M8,10.1111,0,0,2017-08-09
133073,UTI FTIF Series XX - IX (1104 Days) - Quarterly Div Option - Direct,INF789FA14L8,INF789FA15L5,10.119,0,0,2017-08-09
132817,UTI FTIF Series XX - V (1100 Days) - Annual Div Option,INF789FA14C7,INF789FA15C4,10.354,0,0,2017-08-09
132812,UTI FTIF Series XX - V (1100 Days) - Annual Div Option - Direct,INF789FA16B4,INF789FA17B2,10.3793,0,0,2017-08-09
132816,UTI FTIF Series XX - V (1100 Days) - Flexi Div Option,INF789FA18C8,INF789FA19C6,12.7352,0,0,2017-08-09
132819,UTI FTIF Series XX - V (1100 Days) - Flexi Div Option - Direct,INF789FA10C5,INF789FA11C3,12.9533,0,0,2017-08-09
132810,UTI FTIF Series XX - V (1100 Days) - Growth Option,INF789FA17C0,,12.7368,0,0,2017-08-09
132811,UTI FTIF Series XX - V (1100 Days) - Growth Option - Direct,INF789FA19B8,,12.9538,0,0,2017-08-09
132814,UTI FTIF Series XX - V (1100 Days) - Maturity Div Option,INF789FA16C2,,12.7368,0,0,2017-08-09
132815,UTI FTIF Series XX - V (1100 Days) - Maturity Div Option - Direct,INF789FA18B0,,12.958,0,0,2017-08-09
132818,UTI FTIF Series XX - V (1100 Days) - Quarterly Div Option,INF789FA12C1,INF789FA13C9,10.1287,0,0,2017-08-09
132813,UTI FTIF Series XX - V (1100 Days) - Quarterly Div Option - Direct,INF789FA14B9,INF789FA15B6,10.1365,0,0,2017-08-09
132822,UTI FTIF Series XX - VI (1100 Days) - Annual Div Option  -Direct,INF789FA18E4,INF789FA19E2,10.5364,0,0,2017-08-09
132826,UTI FTIF Series XX - VI (1100 Days) - Flexi Div Option,INF789FA10G6,INF789FA11G4,12.6641,0,0,2017-08-09
132827,UTI FTIF Series XX - VI (1100 Days) - Growth Option,INF789FA19F9,,12.6641,0,0,2017-08-09
132820,UTI FTIF Series XX - VI (1100 Days) - Growth Option - Direct,INF789FA11F6,,12.8772,0,0,2017-08-09
132828,UTI FTIF Series XX - VI (1100 Days) - Maturity Div Option,INF789FA18F1,,12.6641,0,0,2017-08-09
132825,UTI FTIF Series XX - VI (1100 Days) - Maturity Div Option - Direct,INF789FA10F8,,12.8773,0,0,2017-08-09
132824,UTI FTIF series XX - VI (1100 Days) - Quarterly Div Option - Direct,INF789FA16E8,INF789FA17E6,10.139,0,0,2017-08-09
132821,UTI FTIF Series XX - VI (1100 Days) - Regular Plan - Annual Div Option,INF789FA16F5,INF789FA17F3,10.3529,0,0,2017-08-09
132823,UTI FTIF Series XX - VI (1100 Days)- Quarterly Div Option,INF789FA14F0,INF789FA15F7,10.1309,0,0,2017-08-09
132965,UTI FTIF Series XX - VII (1103 Days) - Annual Div Option,INF789FA12H0,INF789FA13H8,10.3255,0,0,2017-08-09
132972,UTI FTIF Series XX - VII (1103 Days) - Flexi Div Option,INF789FA16H1,INF789FA17H9,12.6159,0,0,2017-08-09
132963,UTI FTIF Series XX - VII (1103 Days) - Growth Option,INF789FA15H3,,12.6159,0,0,2017-08-09
132964,UTI FTIF Series XX - VII (1103 Days) - Growth Option - Direct,INF789FA17G1,,12.825,0,0,2017-08-09
132966,UTI FTIF Series XX - VII (1103 Days) - Quarterly Div Option,INF789FA10H4,INF789FA11H2,10.1004,0,0,2017-08-09
133100,UTI FTIF Series XX - X (1105 Days) - Annual Div Option - Direct,INF789FA16O7,INF789FA17O5,10.298,0,0,2017-08-09
133092,UTI FTIF Series XX - X (1105 Days) - Growth Option,INF789FA18P0,,12.482,0,0,2017-08-09
133093,UTI FTIF Series XX - X (1105 Days) - Growth Option - Direct,INF789FA10P7,,12.5332,0,0,2017-08-09
133094,UTI FTIF Series XX - X (1105 Days) - Maturity Div Option,INF789FA19P8,,12.4826,0,0,2017-08-09
133159,UTI FTIF Series XX - XI (1100 Days) - Annual Div Option,INF789FA10R3,INF789FA11R1,10.382,0,0,2017-08-09
133149,UTI FTIF Series XX - XI (1100 Days) - Annual Div Option - Direct,INF789FA12Q1,INF789FA13Q9,10.407,0,0,2017-08-09
133156,UTI FTIF Series XX - XI (1100 Days) - Growth Option,INF789FA14R5,,12.5115,0,0,2017-08-09
133157,UTI FTIF Series XX - XI (1100 Days) - Growth Option - Direct,INF789FA16Q2,,12.7149,0,0,2017-08-09
133152,UTI FTIF Series XX - XI (1100 Days) - Maturity Div Option,INF789FA15R2,,12.5115,0,0,2017-08-09
133153,UTI FTIF Series XX - XI (1100 Days) - Maturity Div Option - Direct,INF789FA17Q0,,12.715,0,0,2017-08-09
133150,UTI FTIF Series XX - XI (1100 Days) - Quarterly Div Option,INF789FA16R0,INF789FA17R8,10.1656,0,0,2017-08-09
133151,UTI FTIF Series XX - XI (1100 Days) - Quarterly Div Option - Direct,INF789FA18Q8,INF789FA19Q6,10.173,0,0,2017-08-09
133336,UTI FTIF Series XX - XII (1103 Days) - Annual Div Option,INF789FA16S8,INF789FA17S6,10.4043,0,0,2017-08-09
133337,UTI FTIF Series XX - XII (1103 Days) - Annual Div Option - Direct,INF789FA18R6,INF789FA19R4,10.4181,0,0,2017-08-09
133342,UTI FTIF Series XX - XII (1103 Days) - Flexi Div Option,INF789FA18S4,INF789FA19S2,12.5586,0,0,2017-08-09
133334,UTI FTIF Series XX - XII (1103 Days) - Growth Option,INF789FA10T9,,12.5585,0,0,2017-08-09
133335,UTI FTIF Series XX - XII (1103 Days) - Growth Option - Direct,INF789FA12S7,,12.7607,0,0,2017-08-09
133340,UTI FTIF Series XX - XII (1103 Days) - Maturity Div Option,INF789FA11T7,,12.5582,0,0,2017-08-09
133341,UTI FTIF Series XX - XII (1103 Days) - Maturity Div Option - Direct,INF789FA13S5,,12.76,0,0,2017-08-09
133338,UTI FTIF Series XX - XII (1103 Days) - Quarterly Div Option,INF789FA12T5,INF789FA13T3,10.1657,0,0,2017-08-09
133339,UTI FTIF Series XX - XII (1103 Days) - Quarterly Div Option - Direct,INF789FA14S3,INF789FA15S0,10.1745,0,0,2017-08-09
133453,UTI FTIF Series XX - XVI (1100 Days) Annual Div Option,INF789FB1296,INF789FB1304,10.4224,0,0,2017-08-09
133447,UTI FTIF Series XX - XVI (1100 days) Annual Div Option - Direct,INF789FB1213,INF789FB1221,10.4479,0,0,2017-08-09
133452,UTI FTIF Series XX - XVI (1100 Days) Flexi Div Option Direct,INF789FB1254,INF789FB1262,12.7579,0,0,2017-08-09
133449,UTI FTIF Series XX - XVI (1100 Days) Growth Option,INF789FB1320,,12.5564,0,0,2017-08-09
133450,UTI FTIF Series XX - XVI (1100 Days) Growth Option Direct,INF789FB1247,,12.7563,0,0,2017-08-09
133451,UTI FTIF Series XX - XVI (1100 Days) Maturity Dividend Direct,INF789FB1239,,12.7532,0,0,2017-08-09
133448,UTI FTIF Series XX - XVI (1100 days) Quarterly Div Option,INF789FB1270,INF789FB1288,10.1953,0,0,2017-08-09
133454,UTI FTIF Series XX - XVI (1100 Days) Quarterly Div Option - Direct,INF789FB1197,INF789FB1205,10.2031,0,0,2017-08-09
133483,UTI FTIF Series XX - XVII (1102 Days) - Annual Div Option,INF789FB1452,INF789FB1460,10.4137,0,0,2017-08-09
133478,UTI FTIF Series XX - XVII (1102 Days) - Annual Div Option - Direct,INF789FB1379,INF789FB1387,10.439,0,0,2017-08-09
133482,UTI FTIF Series XX - XVII (1102 Days) - Flexi Div Option,INF789FB1494,INF789FB1502,12.5212,0,0,2017-08-09
133476,UTI FTIF Series XX - XVII (1102 Days) - Growth Option,INF789FB1486,,12.5193,0,0,2017-08-09
133474,UTI FTIF Series XX - XVII (1102 Days) - Growth Option - Direct,INF789FB1403,,12.7178,0,0,2017-08-09
133475,UTI FTIF Series XX - XVII (1102 Days) - Quarterly Div Option,INF789FB1437,INF789FB1445,10.1868,0,0,2017-08-09
133026,UTI FTIF Series XX-VIII (1105 Days) - Growth Option,INF789FA11L4,,12.513,0,0,2017-08-09
133027,UTI FTIF Series XX-VIII (1105 Days) - Growth Option - Direct,INF789FA13K2,,12.5646,0,0,2017-08-09
133020,UTI FTIF Series XX-VIII (1105 Days) - Quarterly Div Option,INF789FA16K5,INF789FA17K3,10.0904,0,0,2017-08-09
133543,UTI FTIF Series XXI - I (1100 Days) - Annual Div Option,INF789FB1619,,10.426,0,0,2017-08-09
133545,UTI FTIF Series XXI - I (1100 Days) - Annual Div Option - Direct,INF789FB1536,,10.4468,0,0,2017-08-09
133547,UTI FTIF Series XXI - I (1100 Days) - Flexi Div Option,INF789FB1650,,12.4748,0,0,2017-08-09
133540,UTI FTIF Series XXI - I (1100 Days) - Growth Option,INF789FB1643,,12.474,0,0,2017-08-09
133541,UTI FTIF Series XXI - I (1100 Days) - Growth Option - Direct,INF789FB1569,,12.6369,0,0,2017-08-09
133546,UTI FTIF Series XXI - I (1100 Days) - Maturity Div Option,INF789FB1635,,12.4809,0,0,2017-08-09
133542,UTI FTIF Series XXI - I (1100 Days) - Quarterly Div Option,INF789FB1593,,10.1982,0,0,2017-08-09
133544,UTI FTIF Series XXI - I (1100 Days) - Quarterly Div Option - Direct,INF789FB1510,,10.2048,0,0,2017-08-09
133655,UTI FTIF Series XXI - II (1100 Days) - Annual Div Option,INF789FB1627,,10.3986,0,0,2017-08-09
133654,UTI FTIF Series XXI - II (1100 Days) - Annual Div Option - Direct,INF789FB1544,,10.4196,0,0,2017-08-09
133652,UTI FTIF Series XXI - II (1100 Days) - Flexi Div Option,INF789FB1668,,12.422,0,0,2017-08-09
133656,UTI FTIF Series XXI - II (1100 Days) - Growth Option,INF789FB1908,,12.422,0,0,2017-08-09
133648,UTI FTIF Series XXI - II (1100 Days) - Growth Option - Direct,INF789FB1882,,12.5818,0,0,2017-08-09
133657,UTI FTIF Series XXI - II (1100 Days) - Maturity Div Option,INF789FB1890,,12.422,0,0,2017-08-09
133649,UTI FTIF Series XXI - II (1100 Days) - Quarterly Div Option,INF789FB1601,,10.1744,0,0,2017-08-09
133650,UTI FTIF Series XXI - II (1100 Days) - Quarterly Div Option - Direct,INF789FB1528,,10.1811,0,0,2017-08-09
133692,UTI FTIF Series XXI-III (1158 Days) - Annual Div Option,INF789FB1AA5,,10.345,0,0,2017-08-09
133685,UTI FTIF Series XXI-III (1158 Days) - Annual Div Option - Direct,INF789FB1965,,10.4036,0,0,2017-08-09
133683,UTI FTIF Series XXI-III (1158 Days) - Growth Option,INF789FB1AE7,,12.3601,0,0,2017-08-09
133684,UTI FTIF series XXI-III (1158 Days) - Growth Option - Direct,INF789FB1AC1,,12.5172,0,0,2017-08-09
133687,UTI FTIF Series XXI-III (1158 Days) - Maturity Div Option - Direct,INF789FB1AB3,,12.5158,0,0,2017-08-09
133686,UTI FTIF Series XXI-III (1158 Days) - Quarterly Div Option,INF789FB1999,,10.1542,0,0,2017-08-09
133697,UTI FTIF Series XXI-IV (1146 Days) - Annual Div Option,INF789FB1AK4,,10.3707,0,0,2017-08-09
133696,UTI FTIF Series XXI-IV (1146 Days) - Annual Div Option - Direct,INF789FB1AG2,,10.4208,0,0,2017-08-09
133701,UTI FTIF Series XXI-IV (1146 Days) - Flexi Div Option,INF789FB1AI8,,12.3499,0,0,2017-08-09
133698,UTI FTIF Series XXI-IV (1146 Days) - Growth Option,INF789FB1AO6,,12.3489,0,0,2017-08-09
133693,UTI FTIF Series XXI-IV (1146 Days) - Growth Option - Direct,INF789FB1AM0,,12.5038,0,0,2017-08-09
133695,UTI FTIF Series XXI-IV (1146 Days) - Maturity Div Option,INF789FB1AN8,,12.3489,0,0,2017-08-09
133700,UTI FTIF Series XXI-IV (1146 Days) - Maturity Div Option - Direct,INF789FB1AL2,,12.5034,0,0,2017-08-09
133694,UTI FTIF Series XXI-IV (1146 Days) - Quarterly Div Option,INF789FB1AJ6,,10.1664,0,0,2017-08-09
133699,UTI FTIF Series XXI-IV (1146 Days) - Quarterly Div Option - Direct,INF789FB1AF4,,10.1728,0,0,2017-08-09
134035,UTI FTIF Series XXI-VI (1145 Days) - Annual Div Option,INF789FB1CS3,,10.4031,0,0,2017-08-09
134032,UTI FTIF Series XXI-VI (1145 Days) - Flexi Div Option,INF789FB1CQ7,,12.3112,0,0,2017-08-09
134028,UTI FTIF Series XXI-VI (1145 Days) - Growth Option,INF789FB1CW5,,12.3114,0,0,2017-08-09
134027,UTI FTIF Series XXI-VI (1145 Days) - Growth Option - Direct,INF789FB1CU9,,12.4643,0,0,2017-08-09
134031,UTI FTIF Series XXI-VI (1145 Days) - Maturity Div Option - Direct,INF789FB1CT1,,12.4681,0,0,2017-08-09
134029,UTI FTIF Series XXI-VI (1145 Days) - Quarterly Div Option,INF789FB1CR5,,10.1747,0,0,2017-08-09
134034,UTI FTIF Series XXI-VI (1145 Days) - Quarterly Div Option - Direct,INF789FB1CN4,,10.1814,0,0,2017-08-09
134090,UTI FTIF Series XXI-VII (1143 Days) - Annual Div Option,INF789FB1DC5,,10.3926,0,0,2017-08-09
134091,UTI FTIF Series XXI-VII (1143 Days) - Annual Div Option - Direct,INF789FB1CY1,,10.4144,0,0,2017-08-09
134088,UTI FTIF Series XXI-VII (1143 Days) - Growth Option,INF789FB1DG6,,12.2848,0,0,2017-08-09
134084,UTI FTIF Series XXI-VII (1143 Days) - Growth Option - Direct,INF789FB1DE1,,12.4357,0,0,2017-08-09
134092,UTI FTIF Series XXI-VII (1143 Days) - Maturity Div Option,INF789FB1DF8,,12.2849,0,0,2017-08-09
134085,UTI FTIF Series XXI-VII (1143 Days) - Quarterly Div Option,INF789FB1DB7,,10.1649,0,0,2017-08-09
134100,UTI FTIF Series XXI-VIII (1136 Days) - Annual Div Option,INF789FB1DM4,,10.3918,0,0,2017-08-09
134095,UTI FTIF Series XXI-VIII (1136 Days) - Annual Div Option - Direct,INF789FB1DI2,,10.4126,0,0,2017-08-09
134101,UTI FTIF Series XXI-VIII (1136 Days) - Growth Option,INF789FB1DQ5,,12.2391,0,0,2017-08-09
134103,UTI FTIF Series XXI-VIII (1136 Days) - Maturity Div Option,INF789FB1DP7,,12.2391,0,0,2017-08-09
134096,UTI FTIF Series XXI-VIII (1136 Days) - Quarterly Div Option,INF789FB1DL6,,10.1721,0,0,2017-08-09
134094,UTI FTIF Series XXI-VIII (1136 Days)- Growth Option - Direct,INF789FB1DO0,,12.3882,0,0,2017-08-09
134268,UTI FTIF Series XXI-X (1112 Days) - Annual Div Option,INF789FB1FA4,,10.4325,0,0,2017-08-09
134269,UTI FTIF Series XXI-X (1112 Days) - Annual Div Option - Direct,INF789FB1EW1,,10.4535,0,0,2017-08-09
134274,UTI FTIF Series XXI-X (1112 Days) - Growth Option,INF789FB1FE6,,12.1883,0,0,2017-08-09
134266,UTI FTIF Series XXI-X (1112 Days) - Growth Option - Direct,INF789FB1FC0,,12.3353,0,0,2017-08-09
134275,UTI FTIF Series XXI-X (1112 Days) - Quarterly Div Option,INF789FB1EZ4,,10.2123,0,0,2017-08-09
134267,UTI FTIF Series XXI-X (1112 Days) - Quarterly Div Option - Direct,INF789FB1EV3,,10.219,0,0,2017-08-09
134281,UTI FTIF Series XXI-XI (1112 Days) - Annual Div Option - Direct,INF789FB1FG1,,10.3965,0,0,2017-08-09
134277,UTI FTIF Series XXI-XI (1112 Days) - Growth Option,INF789FB1FO5,,12.2094,0,0,2017-08-09
134278,UTI FTIF Series XXI-XI (1112 Days) - Growth Option - Direct,INF789FB1FM9,,12.2534,0,0,2017-08-09
134327,UTI FTIF Series XXI-XII (1106 Days) - Annual Div Option,INF789FB1IL5,,10.4101,0,0,2017-08-09
134329,UTI FTIF Series XXI-XII (1106 Days) - Annual Div Option - Direct,INF789FB1IH3,,10.4312,0,0,2017-08-09
134330,UTI FTIF Series XXI-XII (1106 Days) - Flexi Div Option,INF789FB1IJ9,,12.2265,0,0,2017-08-09
134321,UTI FTIF Series XXI-XII (1106 Days) - Growth Option,INF789FB1IP6,,12.2236,0,0,2017-08-09
134322,UTI FTIF Series XXI-XII (1106 Days) - Growth Option - Direct,INF789FB1IN1,,12.37,0,0,2017-08-09
134328,UTI FTIF Series XXI-XII (1106 Days) - Quarterly Div Option,INF789FB1IK7,,10.1794,0,0,2017-08-09
134438,UTI FTIF Series XXI-XIV (1103 Day) - Maturity Div Option - Direct,INF789FB1JG3,,12.3705,0,0,2017-08-09
134436,UTI FTIF Series XXI-XIV (1103 Days) - Annual Div Option - Direct,INF789FB1JB4,,10.434,0,0,2017-08-09
134434,UTI FTIF Series XXI-XIV (1103 Days) - Growth Option,INF789FB1JJ7,,12.1932,0,0,2017-08-09
134441,UTI FTIF Series XXI-XIV (1103 Days) - Growth Option - Direct,INF789FB1JH1,,12.3782,0,0,2017-08-09
134437,UTI FTIF Series XXI-XIV (1103 Days) - Quarterly Div Option - Direct,INF789FB1JA6,,10.1863,0,0,2017-08-09
134478,UTI FTIF series XXI-XV (1103 Days) - Annual Div Option,INF789FB1JP4,,10.4402,0,0,2017-08-09
134482,UTI FTIF Series XXI-XV (1103 Days) - Annual Div Option - Direct,INF789FB1JL3,,10.4403,0,0,2017-08-09
134479,UTI FTIF Series XXI-XV (1103 Days) - Flexi Div Option,INF789FB1JN9,,12.097,0,0,2017-08-09
134474,UTI FTIF Series XXI-XV (1103 Days) - Growth Option,INF789FB1JT6,,12.0953,0,0,2017-08-09
134475,UTI FTIF Series XXI-XV (1103 Days) - Growth Option - Direct,INF789FB1JR0,,12.2787,0,0,2017-08-09
134481,UTI FTIF Series XXI-XV (1103 Days) - Maturity Div Option,INF789FB1JS8,,12.0954,0,0,2017-08-09
134483,UTI FTIF Series XXI-XV (1103 Days) - Maturity Div Option - Direct,INF789FB1JQ2,,12.2787,0,0,2017-08-09
134476,UTI FTIF Series XXI-XV (1103 Days) - Quarterly Div Option,INF789FB1JO7,,10.1993,0,0,2017-08-09
134477,UTI FTIF Series XXI-XV (1103 Days) - Quarterly Div Option - Direct,INF789FB1JK5,,10.1992,0,0,2017-08-09
134531,UTI FTIF Series XXII-I (1099 Days) - Direct Plan - Annual Div Option,INF789FB1QT1,,10.4125,0,0,2017-08-09
134526,UTI FTIF Series XXII-I (1099 Days) - Direct Plan - Growth Option,INF789FB1QZ8,,12.2327,0,0,2017-08-09
134528,UTI FTIF Series XXII-I (1099 Days) - Direct Plan - Maturity Div Option,INF789FB1QY1,,12.2382,0,0,2017-08-09
134530,UTI FTIF Series XXII-I (1099 Days) - Direct Plan - Quarterly Div Option,INF789FB1QS3,,10.1709,0,0,2017-08-09
134527,UTI FTIF Series XXII-I (1099 Days) - Regular Plan - Annual Div Option,INF789FB1QX3,,10.4124,0,0,2017-08-09
134525,UTI FTIF Series XXII-I (1099 Days) - Regular Plan - Flexi Div Option,INF789FB1QV7,,12.11,0,0,2017-08-09
134522,UTI FTIF Series XXII-I (1099 Days) - Regular Plan - Growth Option,INF789FB1RB7,,12.1101,0,0,2017-08-09
134524,UTI FTIF Series XXII-I (1099 Days) - Regular Plan - Maturity Div Option,INF789FB1RA9,,12.1106,0,0,2017-08-09
134523,UTI FTIF Series XXII-I (1099 Days) - Regular Plan - Quarterly Div Option,INF789FB1QW5,,10.1709,0,0,2017-08-09
134649,UTI FTIF Series XXII-II (1099 Days) - Annual Div Option,INF789FB1RP7,,10.4583,0,0,2017-08-09
134654,UTI FTIF Series XXII-II (1099 Days) - Annual Div Option - Direct,INF789FB1RL6,,10.4584,0,0,2017-08-09
134652,UTI FTIF Series XXII-II (1099 Days) - Flexi Div Option,INF789FB1RN2,,12.0909,0,0,2017-08-09
134645,UTI FTIF Series XXII-II (1099 Days) - Growth Option,INF789FB1RT9,,12.0912,0,0,2017-08-09
134646,UTI FTIF Series XXII-II (1099 Days) - Growth Option - Direct,INF789FB1RR3,,12.2129,0,0,2017-08-09
134650,UTI FTIF Series XXII-II (1099 Days) - Maturity Div Option,INF789FB1RS1,,12.0919,0,0,2017-08-09
134651,UTI FTIF Series XXII-II (1099 Days) - Maturity Div Option - Direct,INF789FB1RQ5,,12.2131,0,0,2017-08-09
134647,UTI FTIF Series XXII-II (1099 Days) - Quarterly Div Option,INF789FB1RO0,,10.2204,0,0,2017-08-09
134648,UTI FTIF Series XXII-II (1099 Days) - Quarterly Div Option - Direct,INF789FB1RK8,,10.2203,0,0,2017-08-09
134751,UTI FTIF Series XXII-III (1099 Days) - Direct Plan  - Maturity Div Option,INF789FB1SA7,,12.1669,0,0,2017-08-09
134752,UTI FTIF Series XXII-III (1099 Days) - Direct Plan - Annual Div Option,INF789FB1RV5,,10.4471,0,0,2017-08-09
134747,UTI FTIF Series XXII-III (1099 Days) - Direct Plan - Growth Option,INF789FB1SB5,,12.1669,0,0,2017-08-09
134748,UTI FTIF Series XXII-III (1099 Days) - Direct Plan - Quarterly Div Option,INF789FB1RU7,,10.2079,0,0,2017-08-09
134746,UTI FTIF Series XXII-III (1099 Days) - Regular Plan  - Flexi Div Option,INF789FB1RX1,,12.0452,0,0,2017-08-09
134745,UTI FTIF Series XXII-III (1099 Days) - Regular Plan - Annual Div Option,INF789FB1RZ6,,10.4471,0,0,2017-08-09
134750,UTI FTIF Series XXII-III (1099 Days) - Regular Plan - Growth Option,INF789FB1SD1,,12.0453,0,0,2017-08-09
134753,UTI FTIF Series XXII-III (1099 Days) - Regular Plan - Maturity Div Option,INF789FB1SC3,,12.0452,0,0,2017-08-09
134744,UTI FTIF Series XXII-III (1099 Days) - Regular Plan - Quarterly Div Option,INF789FB1RY9,,10.2081,0,0,2017-08-09
134796,UTI FTIF Series XXII-IV (1098 Days) - Direct Plan - Annual Div Option,INF789FB1VI4,,10.4524,0,0,2017-08-09
134793,UTI FTIF Series XXII-IV (1098 Days) - Direct Plan - Growth Option,INF789FB1VN4,,12.1482,0,0,2017-08-09
134798,UTI FTIF Series XXII-IV (1098 Days) - Direct Plan - Maturity Div Option,INF789FB1VM6,,12.1507,0,0,2017-08-09
134795,UTI FTIF Series XXII-IV (1098 Days) - Direct Plan - Quarterly Div Option,INF789FB1VH6,,10.2118,0,0,2017-08-09
134790,UTI FTIF Series XXII-IV (1098 Days) - Regular Plan - Annual Div Option,INF789FB1VQ7,,10.4521,0,0,2017-08-09
134797,UTI FTIF Series XXII-IV (1098 Days) - Regular Plan - Growth Option,INF789FB1VP9,,12.0271,0,0,2017-08-09
134792,UTI FTIF Series XXII-IV (1098 Days) - Regular Plan - Maturity Div Option,INF789FB1VO2,,12.027,0,0,2017-08-09
134789,UTI FTIF Series XXII-IV (1098 Days) - Regular Plan - Quarterly Div Option,INF789FB1VL8,,10.2119,0,0,2017-08-09
135029,UTI FTIF Series XXII-IX (1099 Days) - Direct Plan - Growth Option,INF789FB1H90,,12.0088,0,0,2017-08-09
135025,UTI FTIF Series XXII-IX (1099 Days) - Regular Plan - Growth Option,INF789FB1I16,,11.9835,0,0,2017-08-09
135032,UTI FTIF Series XXII-IX (1099 Days) - Regular Plan - Maturity Div Option,INF789FB1I08,,11.983,0,0,2017-08-09
135026,UTI FTIF Series XXII-IX (1099 Days) - Regular Plan - Quarterly Div Option,INF789FB1H66,,10.2473,0,0,2017-08-09
134978,UTI FTIF Series XXII-VI (1098 Days) -  Regular Plan - Growth Option,INF789FB1F19,,12.3393,0,0,2017-08-09
134981,UTI FTIF Series XXII-VI (1098 Days) - Direct Plan - Annual Div Option,INF789FB1E36,,10.6476,0,0,2017-08-09
134985,UTI FTIF Series XXII-VI (1098 Days) - Direct Plan - Growth Option,INF789FB1E93,,12.6236,0,0,2017-08-09
134979,UTI FTIF Series XXII-VI (1098 Days) - Regular Plan - Annual Div Option,INF789FB1E77,,10.6353,0,0,2017-08-09
134984,UTI FTIF Series XXII-VI (1098 Days) - Regular Plan - Flexi Div Option,INF789FB1E51,,12.3394,0,0,2017-08-09
134980,UTI FTIF Series XXII-VI (1098 Days) - Regular Plan - Maturity Div Option,INF789FB1F01,,12.3397,0,0,2017-08-09
134983,UTI FTIF Series XXII-VI (1098 Days) - Regular Plan - Quarterly Div Option,INF789FB1E69,,10.3548,0,0,2017-08-09
134993,UTI FTIF Series XXII-VII (1098 Days) - Direct Plan - Growth Option,INF789FB1F92,,12.1414,0,0,2017-08-09
134994,UTI FTIF Series XXII-VII (1098 Days) - Direct Plan - Quarterly Div Option,INF789FB1F27,,10.2804,0,0,2017-08-09
134990,UTI FTIF Series XXII-VII (1098 Days) - Regular Plan - Annual Div Option,INF789FB1F76,,10.5207,0,0,2017-08-09
134992,UTI FTIF Series XXII-VII (1098 Days) - Regular Plan - Flexi Div Option,INF789FB1F50,,12.0226,0,0,2017-08-09
134988,UTI FTIF Series XXII-VII (1098 Days) - Regular Plan - Growth Option,INF789FB1G18,,12.0208,0,0,2017-08-09
134991,UTI FTIF Series XXII-VII (1098 Days) - Regular Plan - Maturity Div Option,INF789FB1G00,,12.0209,0,0,2017-08-09
134989,UTI FTIF Series XXII-VII (1098 Days) - Regular Plan - Quarterly Div Option,INF789FB1F68,,10.2804,0,0,2017-08-09
135023,UTI FTIF Series XXII-VIII (1099 Days) - Direct Plan - Annual Div Option,INF789FB1G34,,10.4737,0,0,2017-08-09
135019,UTI FTIF Series XXII-VIII (1099 Days) - Direct Plan - Growth Option,INF789FB1G91,,12.0229,0,0,2017-08-09
135024,UTI FTIF Series XXII-VIII (1099 Days) - Direct Plan - Maturity Div Option,INF789FB1G83,,12.023,0,0,2017-08-09
135020,UTI FTIF Series XXII-VIII (1099 Days) - Direct Plan - Quarterly Div Option,INF789FB1G26,,10.2353,0,0,2017-08-09
135022,UTI FTIF Series XXII-VIII (1099 Days) - Regular Plan - Annual Div Option,INF789FB1G75,,10.4735,0,0,2017-08-09
135015,UTI FTIF Series XXII-VIII (1099 Days) - Regular Plan - Growth Option,INF789FB1H17,,11.9035,0,0,2017-08-09
135017,UTI FTIF Series XXII-VIII (1099 Days) - Regular Plan - Maturity Div Option,INF789FB1H09,,11.9035,0,0,2017-08-09
135016,UTI FTIF Series XXII-VIII (1099 Days) - Regular Plan - Quarterly Div Option,INF789FB1G67,,10.2354,0,0,2017-08-09
135045,UTI FTIF Series XXII-X (1098 Days) - Direct Plan - Growth Option,INF789FB1P33,,11.9901,0,0,2017-08-09
135044,UTI FTIF series XXII-X (1098 Days) - Regular Plan - Growth Option,INF789FB1P58,,11.9649,0,0,2017-08-09
135070,UTI FTIF Series XXII-XI (1098 Days) - Direct Plan - Growth Option,INF789FB1Q32,,11.9612,0,0,2017-08-09
135066,UTI FTIF Series XXII-XI (1098 Days) - Regular Plan - Growth Option,INF789FB1Q57,,11.9363,0,0,2017-08-09
135209,UTI FTIF Series XXII-XII (1100 Days) - Direct Plan - Annual Div Option,INF789FB1Q73,,10.4702,0,0,2017-08-09
135207,UTI FTIF Series XXII-XII (1100 Days) - Direct Plan - Growth Option,INF789FB1R31,,11.9964,0,0,2017-08-09
135208,UTI FTIF Series XXII-XII (1100 Days) - Direct Plan - Quarterly Div Option,INF789FB1Q65,,10.2311,0,0,2017-08-09
135206,UTI FTIF Series XXII-XII (1100 Days) - Flexi Div Option,INF789FB1Q99,,11.8764,0,0,2017-08-09
135204,UTI FTIF Series XXII-XII (1100 Days) - Maturity Div Option,INF789FB1R49,,11.8769,0,0,2017-08-09
135203,UTI FTIF Series XXII-XII (1100 Days) - Regular Plan - Annual Div Option,INF789FB1R15,,10.4699,0,0,2017-08-09
135202,UTI FTIF Series XXII-XII (1100 Days) - Regular Plan - Growth Option,INF789FB1R56,,11.8769,0,0,2017-08-09
135205,UTI FTIF Series XXII-XII (1100 Days) - Regular Plan - Quarterly Div Option,INF789FB1R07,,10.2312,0,0,2017-08-09
135263,UTI FTIF Series XXII-XIII (1100 Days) - Direct Plan - Annual Div Option,INF789FB1R72,,10.4636,0,0,2017-08-09
135267,UTI FTIF Series XXII-XIII (1100 Days) - Direct Plan - Growth Option,INF789FB1S30,,12.0549,0,0,2017-08-09
135266,UTI FTIF Series XXII-XIII (1100 Days) - Direct Plan - Maturity Div Option,INF789FB1S22,,12.0549,0,0,2017-08-09
135264,UTI FTIF Series XXII-XIII (1100 Days) - Direct Plan - Quarterly Div Option,INF789FB1R64,,10.2116,0,0,2017-08-09
135261,UTI FTIF Series XXII-XIII (1100 Days) - Regular Plan - Annual Div Option,INF789FB1S14,,10.463,0,0,2017-08-09
135260,UTI FTIF Series XXII-XIII (1100 Days) - Regular Plan - Flexi Div Option,INF789FB1R98,,11.904,0,0,2017-08-09
135258,UTI FTIF Series XXII-XIII (1100 Days) - Regular Plan - Growth Option,INF789FB1S55,,11.9049,0,0,2017-08-09
135259,UTI FTIF Series XXII-XIII (1100 Days) - Regular Plan - Maturity Div Option,INF789FB1S48,,11.9055,0,0,2017-08-09
135262,UTI FTIF Series XXII-XIII (1100 Days) - Regular Plan - Quarterly Div Option,INF789FB1S06,,10.2116,0,0,2017-08-09
135271,UTI FTIF Series XXII-XIV (1100 Days) - Direct Plan - Growth Option,INF789FB1V76,,11.8527,0,0,2017-08-09
135268,UTI FTIF Series XXII-XIV (1100 Days) - Regular Plan - Growth Option,INF789FB1V92,,11.8291,0,0,2017-08-09
135269,UTI FTIF Series XXII-XIV (1100 Days) - Regular Plan - Quarterly Div Option,INF789FB1V43,,10.2026,0,0,2017-08-09
128886,UTI-FMP-Yearly Series March 2014 - Growth Option,INF789FB1QI4,,13.0647,0,0,2017-08-09
128887,UTI-FMP-Yearly Series March 2014 - Growth Option - Direct,INF789FB1QL8,,13.148,0,0,2017-08-09
130295,Aditya Birla Sun Life Emerging Leaders Fund - Series 3 - Direct Plan - Dividend,INF209KB1HW9,,10.34,10.34,10.34,2017-08-09
130296,Aditya Birla Sun Life Emerging Leaders Fund - Series 3 - Direct Plan - Growth,INF209KB1HV1,,16.22,16.22,16.22,2017-08-09
130297,Aditya Birla Sun Life Emerging Leaders Fund - Series 3 - Regular Plan - Dividend,INF209KB1HY5,,10.32,10.32,10.32,2017-08-09
130298,Aditya Birla Sun Life Emerging Leaders Fund - Series 3 - Regular Plan - Growth,INF209KB1HX7,,16.01,16.01,16.01,2017-08-09
130727,Aditya Birla Sun Life Emerging Leaders Fund - Series 4 - Direct Plan - Dividend,INF209KB1IU1,,10.02,10.02,10.02,2017-08-09
130728,Aditya Birla Sun Life Emerging Leaders Fund - Series 4 - Direct Plan - Growth,INF209KB1IT3,,16.67,16.67,16.67,2017-08-09
130729,Aditya Birla Sun Life Emerging Leaders Fund - Series 4 - Regular Plan - Dividend,INF209KB1IW7,,10.01,10.01,10.01,2017-08-09
130730,Aditya Birla Sun Life Emerging Leaders Fund - Series 4 - Regular Plan - Growth,INF209KB1IV9,,16.52,16.52,16.52,2017-08-09
133297,Aditya Birla Sun Life Emerging Leaders Fund - Series 5 - Direct Plan - Dividend,INF209KA1WI8,,13.10,13.10,13.10,2017-08-09
133298,Aditya Birla Sun Life Emerging Leaders Fund - Series 5 - Direct Plan - Growth,INF209KA1WH0,,15.09,15.09,15.09,2017-08-09
133299,Aditya Birla Sun Life Emerging Leaders Fund - Series 5 - Regular Plan - Dividend,INF209KA1WG2,,12.79,12.79,12.79,2017-08-09
133300,Aditya Birla Sun Life Emerging Leaders Fund - Series 5 - Regular Plan - Growth,INF209KA1WF4,,14.74,14.74,14.74,2017-08-09
134392,Aditya Birla Sun Life Emerging Leaders Fund - Series 6 - Direct Plan-Dividend,INF209KA1K21,,13.59,13.59,13.59,2017-08-09
134391,Aditya Birla Sun Life Emerging Leaders Fund - Series 6 - Direct Plan-Growth,INF209KA1K13,,14.81,14.81,14.81,2017-08-09
134389,Aditya Birla Sun Life Emerging Leaders Fund - Series 6 - Regular Plan-Dividend,INF209KA1K05,,13.41,13.41,13.41,2017-08-09
134390,Aditya Birla Sun Life Emerging Leaders Fund - Series 6 - Regular Plan-Growth,INF209KA1J99,,14.27,14.27,14.27,2017-08-09
136197,Aditya Birla Sun Life Emerging Leaders Fund - Series 7 - Direct Plan-Dividend,INF209KA11S8,,13.58,13.58,13.58,2017-08-09
136196,Aditya Birla Sun Life Emerging Leaders Fund - Series 7 - Direct Plan-Growth,INF209KA12S6,,15.20,15.20,15.20,2017-08-09
136195,Aditya Birla Sun Life Emerging Leaders Fund - Series 7 - Regular Plan-Dividend,INF209KA10S0,,13.38,13.38,13.38,2017-08-09
136194,Aditya Birla Sun Life Emerging Leaders Fund - Series 7 - Regular Plan-Growth,INF209KA19R3,,14.98,14.98,14.98,2017-08-09
131528,Aditya Birla Sun Life Focused Equity Fund - Series 3 - Direct Plan - Dividend,INF209KA1RU3,,13.41,13.41,13.41,2017-08-09
131526,Aditya Birla Sun Life Focused Equity Fund - Series 3 - Direct Plan - Growth,INF209KA1RT5,,13.40,13.40,13.40,2017-08-09
131525,Aditya Birla Sun Life Focused Equity Fund - Series 3 - Regular Plan - Dividend,INF209KA1RS7,,13.06,13.06,13.06,2017-08-09
131527,Aditya Birla Sun Life Focused Equity Fund - Series 3 - Regular Plan - Growth,INF209KA1RR9,,13.06,13.06,13.06,2017-08-09
133103,Aditya Birla Sun Life Focused Equity Fund - Series 4 - Direct Plan - Dividend,INF209KA1UO0,,12.94,12.94,12.94,2017-08-09
133105,Aditya Birla Sun Life Focused Equity Fund - Series 4 - Direct Plan - Growth,INF209KA1UN2,,12.94,12.94,12.94,2017-08-09
133104,Aditya Birla Sun Life Focused Equity Fund - Series 4 - Regular Plan - Dividend,INF209KA1UM4,,12.61,12.61,12.61,2017-08-09
133102,Aditya Birla Sun Life Focused Equity Fund - Series 4 - Regular Plan - Growth,INF209KA1UL6,,12.61,12.61,12.61,2017-08-09
133899,Aditya Birla Sun Life Focused Equity Fund - Series 5 - Direct Plan - Dividend,INF209KA1B89,,12.49,12.49,12.49,2017-08-09
133897,Aditya Birla Sun Life Focused Equity Fund - Series 5 - Direct Plan - Growth,INF209KA1B71,,12.49,12.49,12.49,2017-08-09
133898,Aditya Birla Sun Life Focused Equity Fund - Series 5 - Regular Plan - Dividend,INF209KA1B63,,12.05,12.05,12.05,2017-08-09
133896,Aditya Birla Sun Life Focused Equity Fund - Series 5 - Regular Plan - Growth,INF209KA1B55,,12.05,12.05,12.05,2017-08-09
135352,Aditya Birla Sun Life Focused Equity Fund - Series 6 - Direct Plan-Dividend,INF209KA11L3,,14.32,14.32,14.32,2017-08-09
135350,Aditya Birla Sun Life Focused Equity Fund - Series 6 - Regular Plan-Dividend,INF209KA19K8,,14.00,14.00,14.00,2017-08-09
135349,Aditya Birla Sun Life Focused Equity Fund - Series 6 - Regular Plan-Growth,INF209KA18K0,,14.00,14.00,14.00,2017-08-09
135351,Aditya Birla Sun Life Focused Equity Fund - Series 6-Direct Plan-Growth,INF209KA10L5,,14.32,14.32,14.32,2017-08-09
139786,Aditya Birla Sun Life Resurgent India Fund - Series 1 - Direct Plan-Dividend,INF209KB1523,,12.17,12.17,12.17,2017-08-09
139787,Aditya Birla Sun Life Resurgent India Fund - Series 1 - Direct Plan-Growth,INF209KB1515,,12.17,12.17,12.17,2017-08-09
139785,Aditya Birla Sun Life Resurgent India Fund - Series 1 - Regular Plan-Dividend,INF209KB1507,,12.03,12.03,12.03,2017-08-09
139784,Aditya Birla Sun Life Resurgent India Fund - Series 1 - Regular Plan-Growth,INF209KB1499,,12.03,12.03,12.03,2017-08-09
140120,Aditya Birla Sun Life Resurgent India Fund - Series 2 - Direct Plan-Dividend Payout,INF209KB1986,,13.50,13.50,13.50,2017-08-09
140119,Aditya Birla Sun Life Resurgent India Fund - Series 2 - Direct Plan-Growth,INF209KB1978,,13.51,13.51,13.51,2017-08-09
140118,Aditya Birla Sun Life Resurgent India Fund - Series 2 - Regular Plan-Dividend Payout,INF209KB1960,,13.39,13.39,13.39,2017-08-09
140117,Aditya Birla Sun Life Resurgent India Fund - Series 2 - Regular Plan-Growth,INF209KB1952,,13.39,13.39,13.39,2017-08-09
140800,Aditya Birla Sun Life Resurgent India Fund - Series 3 - Direct Plan-Dividend Payout,INF209KB1DO5,,10.78,10.78,10.78,2017-08-09
140799,Aditya Birla Sun Life Resurgent India Fund - Series 3 - Direct Plan-Growth,INF209KB1DN7,,10.78,10.78,10.78,2017-08-09
140798,Aditya Birla Sun Life Resurgent India Fund - Series 3 - Regular Plan-Dividend Payout,INF209KB1DM9,,10.70,10.70,10.70,2017-08-09
140797,Aditya Birla Sun Life Resurgent India Fund - Series 3 - Regular Plan-Growth,INF209KB1DL1,,10.70,10.70,10.70,2017-08-09
141608,Aditya Birla Sun Life Resurgent India Fund - Series 4 - Direct Plan-Growth,INF209KB1HT5,,9.94,9.94,9.94,2017-08-09
141610,Aditya Birla Sun Life Resurgent India Fund - Series 4 - Regular Plan-Growth,INF209KB1HR9,,9.93,9.93,9.93,2017-08-09
141607,Aditya Birla Sun Life Resurgent India Fund - Series 4- Regular Plan-Dividend Payout,INF209KB1HS7,,9.93,9.93,9.93,2017-08-09
141609,Aditya Birla Sun Life Resurgent India Fund - Series 4-Direct Plan-Dividend Payout,INF209KB1HU3,,9.94,9.94,9.94,2017-08-09
140397,Axis Emerging Opportunities Fund - Series 1 (1400 Days) - Direct Plan - Dividend Option,INF846K01YK5,,11.52,11.52,11.52,2017-08-09
140398,Axis Emerging Opportunities Fund - Series 1 (1400 Days) - Direct Plan - Growth Option,INF846K01YJ7,,11.52,11.52,11.52,2017-08-09
140399,Axis Emerging Opportunities Fund - Series 1 (1400 Days) - Regular Plan - Dividend Option,INF846K01YM1,,11.41,11.41,11.41,2017-08-09
140400,Axis Emerging Opportunities Fund - Series 1 (1400 Days) - Regular Plan - Growth Option,INF846K01YL3,,11.41,11.41,11.41,2017-08-09
140591,Axis Emerging Opportunities Fund - Series 2 (1400 Days) - Direct Plan - Dividend Option,INF846K01YY6,,11.12,11.12,11.12,2017-08-09
140594,Axis Emerging Opportunities Fund - Series 2 (1400 Days) - Direct Plan - Growth Option,INF846K01YX8,,11.12,11.12,11.12,2017-08-09
140593,Axis Emerging Opportunities Fund - Series 2 (1400 Days) - Regular Plan - Dividend Option,INF846K01ZA3,,11.04,11.04,11.04,2017-08-09
140592,Axis Emerging Opportunities Fund - Series 2 (1400 Days) - Regular Plan - Growth Option,INF846K01YZ3,,11.04,11.04,11.04,2017-08-09
141369,Axis Equity Advantage Fund - Series 1 - Direct Plan - Growth Option,INF846K01ZJ4,,10.16,10.16,10.16,2017-08-09
141370,Axis Equity Advantage Fund - Series 1 - Regular Plan - Growth Option,INF846K01ZK2,,10.12,10.12,10.12,2017-08-09
141666,Axis Equity Advantage Fund - Series 2 - Direct Plan - Growth Option,INF846K01A86,,9.95,9.95,9.95,2017-08-09
141667,Axis Equity Advantage Fund - Series 2 - Regular Plan - Growth Option,INF846K01A94,,9.95,9.95,9.95,2017-08-09
133261,Baroda Pioneer Equity Trigger Fund-Series I-Plan A-Dividend Payout Option,INF955L01FI5,,13.44,13.44,13.44,2017-08-09
133260,Baroda Pioneer Equity Trigger Fund-Series I-Plan A-Growth Option,INF955L01FH7,,13.44,13.44,13.44,2017-08-09
133263,Baroda Pioneer Equity Trigger Fund-Series I-Plan B (Direct)-Dividend Payout,INF955L01FK1,,13.99,13.99,13.99,2017-08-09
133262,Baroda Pioneer Equity Trigger Fund-Series I-Plan B (Direct)-Growth,INF955L01FJ3,,13.99,13.99,13.99,2017-08-09
132960,Canara Robeco India Opportunites - Regular Plan - Dividend Payout Option,INF760K01HJ5,,12.9200,12.9200,12.9200,2017-08-09
132962,Canara Robeco India Opportunities - Direct Plan - Dividend Payout Option,INF760K01HL1,,13.0400,13.0400,13.0400,2017-08-09
132961,Canara Robeco India opportunities - Direct Plan - Growth Option,INF760K01HK3,,13.2900,13.2900,13.2900,2017-08-09
132959,Canara Robeco India Opportunities - Regular Plan - Growth Option,INF760K01HI7,,13.1600,13.1600,13.1600,2017-08-09
134040,Canara Robeco India opportunities - Series 2 - Regular Plan - Dividend Option,INF760K01HT4,,13.1400,13.1400,13.1400,2017-08-09
134041,Canara Robeco India opportunities - Series 2 - Regular Plan - Growth Option,INF760K01HS6,,13.1400,13.1400,13.1400,2017-08-09
134039,Canara Robeco India Opportunities - Series 2- Direct Plan - Growth Option,INF760K01HQ0,,13.2100,13.2100,13.2100,2017-08-09
134038,Canara Robeco India Opportunities- Series 2 - Direct Plan - Dividend Option,INF760K01HR8,,13.2100,13.2100,13.2100,2017-08-09
131483,DSP 3 Years Close Ended Equity Fund - Direct Plan - Dividend (Maturity Date 4-Jan-2021),INF740KA1DB9,,14.783,14.783,14.783,2017-08-09
131484,DSP 3 Years Close Ended Equity Fund - Direct Plan - Growth (Maturity Date 4-Jan-2021),INF740KA1DA1,,14.783,14.783,14.783,2017-08-09
131485,DSP 3 Years Close Ended Equity Fund - Regular Plan - Dividend (Maturity Date 4-Jan-2021),INF740KA1CZ0,,14.637,14.637,14.637,2017-08-09
131482,DSP 3 Years Close Ended Equity Fund - Regular Plan - Growth (Maturity Date 4-Jan-2021),INF740KA1CY3,,14.637,14.637,14.637,2017-08-09
141578,HDFC EOF - II - 1100D June 2017 (1) - Direct Option - Dividend Option,INF179KC1AK4,,10.0290,0.0000,0.0000,2017-08-09
141580,HDFC EOF - II - 1100D June 2017 (1) - Direct Option - Growth Option,INF179KB1V13,,10.0290,0.0000,0.0000,2017-08-09
141579,HDFC EOF - II - 1100D June 2017 (1) - Regular Option - Dividend Option,INF179KB1V47,,10.0190,0.0000,0.0000,2017-08-09
141581,HDFC EOF - II - 1100D June 2017 (1) - Regular Option - Growth Option,INF179KB1V39,,10.0190,0.0000,0.0000,2017-08-09
141430,HDFC EOF - II - 1126D May 2017 (1) -  Direct Option - Growth Option,INF179KC1AF4,,9.9560,0.0000,0.0000,2017-08-09
141428,HDFC EOF - II - 1126D May 2017 (1) - Direct Option - Dividend Option,INF179KC1AG2,,9.9560,0.0000,0.0000,2017-08-09
141431,HDFC EOF - II - 1126D May 2017 (1) - Regular Option - Dividend Option,INF179KC1AI8,,9.9260,0.0000,0.0000,2017-08-09
141429,HDFC EOF - II - 1126D May 2017 (1) - Regular Option - Growth Option,INF179KC1AH0,,9.9260,0.0000,0.0000,2017-08-09
133528,HDFC FOCUSED EQUITY FUND - Direct Plan - Dividend Option,INF179KA1T76,,12.3260,0.0000,0.0000,2017-08-09
133529,HDFC FOCUSED EQUITY FUND - Direct Plan - Growth Option,INF179KA1T68,,12.3260,0.0000,0.0000,2017-08-09
133526,HDFC FOCUSED EQUITY FUND - Regular Plan - Dividend Option,INF179KA1T92,,12.1620,0.0000,0.0000,2017-08-09
133527,HDFC FOCUSED EQUITY FUND - Regular Plan - Growth Option,INF179KA1T84,,12.1620,0.0000,0.0000,2017-08-09
134334,HDFC Focused Equity Fund - Plan B - Direct Plan - Growth Option,INF179KA16O1,,13.2510,0.0000,0.0000,2017-08-09
134333,HDFC Focused Equity Fund - Plan B - Direct Plan-  Dividend Option,INF179KA17O9,,13.2510,0.0000,0.0000,2017-08-09
134335,HDFC Focused Equity Fund - Plan B - Regular Plan - Dividend Option,INF179KA19O5,,13.0820,0.0000,0.0000,2017-08-09
134336,HDFC Focused Equity Fund - Plan B - Regular Plan - Growth Option,INF179KA18O7,,13.0820,0.0000,0.0000,2017-08-09
135406,ICICI Prudential Business Cycle Fund - Series 1  Cumulative Option,INF109KB1MX8,,12.77,N.A.,N.A.,2017-08-09
135404,ICICI Prudential Business Cycle Fund - Series 1 Direct Plan Cumulative Option,INF109KB1MV2,,13.08,N.A.,N.A.,2017-08-09
135405,ICICI Prudential Business Cycle Fund - Series 1 Direct Plan Dividend Option,INF109KB1MW0,,11.71,N.A.,N.A.,2017-08-09
135407,ICICI Prudential Business Cycle Fund - Series 1 Dividend Option,INF109KB1MY6,,11.40,N.A.,N.A.,2017-08-09
135550,ICICI Prudential Business Cycle Fund - Series 2  Cumulative Option,INF109KB1OH7,,12.99,N.A.,N.A.,2017-08-09
135549,ICICI Prudential Business Cycle Fund - Series 2  Dividend Option,INF109KB1OI5,,10.66,N.A.,N.A.,2017-08-09
135547,ICICI Prudential Business Cycle Fund - Series 2 Direct Plan Cumulative Option,INF109KB1OF1,,13.28,N.A.,N.A.,2017-08-09
135548,ICICI Prudential Business Cycle Fund - Series 2 Direct Plan Dividend Option,INF109KB1OG9,,10.93,N.A.,N.A.,2017-08-09
135996,ICICI Prudential Business Cycle Fund - Series 3 Cumulative option,INF109KB1PX1,,15.20,N.A.,N.A.,2017-08-09
135998,ICICI Prudential Business Cycle Fund - Series 3 Direct Plan Cumulative option,INF109KB1PZ6,,15.54,N.A.,N.A.,2017-08-09
135999,ICICI Prudential Business Cycle Fund - Series 3 Direct Plan Dividend option,INF109KB1QA7,,13.10,N.A.,N.A.,2017-08-09
135997,ICICI Prudential Business Cycle Fund - Series 3 Dividend option,INF109KB1PY9,,12.77,N.A.,N.A.,2017-08-09
130003,ICICI Prudential Growth Fund- Series 1 Direct Dividend,INF109KB12R8,,11.84,N.A.,N.A.,2017-08-09
130004,ICICI Prudential Growth Fund- Series 1 Dividend,INF109KB13R6,,11.21,N.A.,N.A.,2017-08-09
130593,ICICI Prudential Growth Fund - Series 2 Direct Dividend,INF109KC1796,,12.81,N.A.,N.A.,2017-08-09
130594,ICICI Prudential Growth Fund - Series 2 Dividend,INF109KC1804,,12.18,N.A.,N.A.,2017-08-09
131317,ICICI Prudential Growth Fund - Series 3 Direct Dividend,INF109KA1S17,,12.37,N.A.,N.A.,2017-08-09
131318,ICICI Prudential Growth Fund - Series 3 Dividend,INF109KA1S09,,11.82,N.A.,N.A.,2017-08-09
131545,ICICI Prudential Growth Fund - Series 4 Direct Dividend,INF109KA1Y76,,12.56,N.A.,N.A.,2017-08-09
131546,ICICI Prudential Growth Fund - Series 4 Dividend,INF109KA1Y68,,11.97,N.A.,N.A.,2017-08-09
133128,ICICI Prudential Growth Fund - Series 5 Direct Dividend,INF109KA13K3,,11.85,N.A.,N.A.,2017-08-09
133129,ICICI Prudential Growth Fund - Series 5 Dividend,INF109KA12K5,,11.34,N.A.,N.A.,2017-08-09
133274,ICICI Prudential Growth Fund - Series 6  Dividend,INF109KA14O3,,11.29,N.A.,N.A.,2017-08-09
133275,ICICI Prudential Growth Fund - Series 6 Direct Dividend,INF109KA15O0,,11.80,N.A.,N.A.,2017-08-09
133425,ICICI Prudential Growth Fund - Series 7  Dividend,INF109KA18P1,,11.37,N.A.,N.A.,2017-08-09
133426,ICICI Prudential Growth Fund - Series 7 Direct Dividend,INF109KA19P9,,11.80,N.A.,N.A.,2017-08-09
133468,ICICI Prudential Growth Fund - Series 8  Dividend,INF109KA19R5,,9.99,N.A.,N.A.,2017-08-09
133467,ICICI Prudential Growth Fund - Series 8 Direct Dividend,INF109KA10S2,,10.01,N.A.,N.A.,2017-08-09
133965,ICICI Prudential India Recovery Fund - Series 1 Direct Dividend,INF109KB1128,,12.55,N.A.,N.A.,2017-08-09
133966,ICICI Prudential India Recovery Fund - Series 1 Dividend,INF109KB1110,,12.08,N.A.,N.A.,2017-08-09
134043,ICICI Prudential India Recovery Fund - Series 2 Direct Dividend,INF109KB1300,,12.76,N.A.,N.A.,2017-08-09
134042,ICICI Prudential India Recovery Fund - Series 2 Dividend,INF109KB1292,,12.18,N.A.,N.A.,2017-08-09
135323,ICICI Prudential India Recovery Fund - Series 3 Cumulative Option,INF109KB1MD0,,13.82,N.A.,N.A.,2017-08-09
135322,ICICI Prudential India Recovery Fund - Series 3 Direct Plan Cumulative Option,INF109KB1ME8,,14.19,N.A.,N.A.,2017-08-09
135216,ICICI Prudential India Recovery Fund - Series 3 Direct Plan Dividend Option,INF109KB1LQ4,,12.65,N.A.,N.A.,2017-08-09
135217,ICICI Prudential India Recovery Fund - Series 3 Dividend Option,INF109KB1LP6,,12.28,N.A.,N.A.,2017-08-09
136180,ICICI Prudential India Recovery Fund - Series 4 Cumulative Option,INF109KB1QX9,,15.11,N.A.,N.A.,2017-08-09
136181,ICICI Prudential India Recovery Fund - Series 4 Direct Plan Cumulative Option,INF109KB1QY7,,15.43,N.A.,N.A.,2017-08-09
136182,ICICI Prudential India Recovery Fund - Series 4 Direct Plan Dividend Option,INF109KB1QW1,,12.95,N.A.,N.A.,2017-08-09
136183,ICICI Prudential India Recovery Fund - Series 4 Dividend Option,INF109KB1QV3,,12.66,N.A.,N.A.,2017-08-09
139263,ICICI Prudential India Recovery Fund - Series 5 Cumulative Option,INF109KB1UT9,,12.23,N.A.,N.A.,2017-08-09
139264,ICICI Prudential India Recovery Fund - Series 5 Direct Plan Cumulative Option,INF109KB1UU7,,12.45,N.A.,N.A.,2017-08-09
139261,ICICI Prudential India Recovery Fund - Series 5 Direct Plan Dividend Option,INF109KB1US1,,10.15,N.A.,N.A.,2017-08-09
139262,ICICI Prudential India Recovery Fund - Series 5 Dividend Option,INF109KB1UR3,,9.99,N.A.,N.A.,2017-08-09
139408,ICICI Prudential India Recovery Fund - Series 7 Direct Plan Dividend Option,INF109KB1WJ6,,11.07,N.A.,N.A.,2017-08-09
139409,ICICI Prudential India Recovery Fund - Series 7 Dividend Option,INF109KB1WI8,,10.86,N.A.,N.A.,2017-08-09
124842,ICICI Prudential Value Fund - Series 1 - Direct Dividend,INF109KB1J57,,13.11,N.A.,N.A.,2017-08-09
124843,ICICI Prudential Value Fund - Series 1 -Dividend,INF109KB1J40,,12.33,N.A.,N.A.,2017-08-09
140435,ICICI Prudential Value Fund - Series 10 - Cumulative Option,INF109KB1L87,,11.67,N.A.,N.A.,2017-08-09
140433,ICICI Prudential Value Fund - Series 10 - Direct Plan - Cumulative Option,INF109KB1M03,,11.77,N.A.,N.A.,2017-08-09
140436,ICICI Prudential Value Fund - Series 10 - Direct Plan - Dividend Option,INF109KB1M11,,11.77,N.A.,N.A.,2017-08-09
140434,ICICI Prudential Value Fund - Series 10 - Dividend Option,INF109KB1L95,,11.67,N.A.,N.A.,2017-08-09
140500,ICICI Prudential Value Fund - Series 11 - Cumulative Option,INF109KB1M60,,11.11,N.A.,N.A.,2017-08-09
140502,ICICI Prudential Value Fund - Series 11 - Direct Plan - Cumulative Option,INF109KB1M86,,11.20,N.A.,N.A.,2017-08-09
140503,ICICI Prudential Value Fund - Series 11 - Direct Plan - Dividend Option,INF109KB1M94,,11.20,N.A.,N.A.,2017-08-09
140501,ICICI Prudential Value Fund - Series 11 - Dividend Option,INF109KB1M78,,11.11,N.A.,N.A.,2017-08-09
141108,ICICI Prudential Value Fund - Series 12 - Direct Plan - Dividend Option,INF109KB1X91,,10.69,N.A.,N.A.,2017-08-09
141110,ICICI Prudential Value Fund - Series 12 - Dividend Option,INF109KB1X75,,10.62,N.A.,N.A.,2017-08-09
141286,ICICI Prudential Value Fund - Series 13 - Direct Plan - Dividend Option,INF109KB13C8,,10.34,N.A.,N.A.,2017-08-09
141285,ICICI Prudential Value Fund - Series 13 - Dividend Option,INF109KB11C2,,10.29,N.A.,N.A.,2017-08-09
141558,ICICI Prudential Value Fund - Series 14 - Cumulative Option,INF109KB16J6,,10.31,N.A.,N.A.,2017-08-09
141559,ICICI Prudential Value Fund - Series 14 - Direct Plan - Cumulative Option,INF109KB18J2,,10.35,N.A.,N.A.,2017-08-09
141427,ICICI Prudential Value Fund - Series 14 - Direct Plan - Dividend Option,INF109KB19J0,,10.35,N.A.,N.A.,2017-08-09
141426,ICICI Prudential Value Fund - Series 14 - Dividend Option,INF109KB17J4,,10.31,N.A.,N.A.,2017-08-09
141601,ICICI Prudential Value Fund - Series 15 - Cumulative Option,INF109KB16S7,,9.88,N.A.,N.A.,2017-08-09
141604,ICICI Prudential Value Fund - Series 15 - Direct Plan - Cumulative Option,INF109KB18S3,,9.89,N.A.,N.A.,2017-08-09
141602,ICICI Prudential Value Fund - Series 15 - Direct Plan - Dividend Option,INF109KB19S1,,9.89,N.A.,N.A.,2017-08-09
141603,ICICI Prudential Value Fund - Series 15 - Dividend Option,INF109KB17S5,,9.88,N.A.,N.A.,2017-08-09
125410,ICICI Prudential Value Fund - Series 2 - Direct Dividend,INF109KB1L38,,13.17,N.A.,N.A.,2017-08-09
125411,ICICI Prudential Value Fund - Series 2 - Dividend,INF109KB1L20,,12.37,N.A.,N.A.,2017-08-09
127628,ICICI Prudential Value Fund - Series 3 - Direct Dividend,INF109KA1OE5,,12.01,N.A.,N.A.,2017-08-09
127629,ICICI Prudential Value Fund - Series 3 - Dividend,INF109KA1OD7,,11.26,N.A.,N.A.,2017-08-09
129229,ICICI Prudential Value Fund - Series 4  Dividend,INF109KA1TQ8,,10.88,N.A.,N.A.,2017-08-09
129235,ICICI Prudential Value Fund - Series 4 Cumulative Option,INF109KA1TP0,,20.71,N.A.,N.A.,2017-08-09
129234,ICICI Prudential Value Fund - Series 4 Direct Plan Cumulative Option,INF109KA1TR6,,21.33,N.A.,N.A.,2017-08-09
129228,ICICI Prudential Value Fund - Series 4 Direct Plan Dividend,INF109KA1TS4,,11.32,N.A.,N.A.,2017-08-09
130987,ICICI Prudential Value Fund - Series 5  Cumulative Option,INF109KA1J00,,13.94,N.A.,N.A.,2017-08-09
130988,ICICI Prudential Value Fund - Series 5 Direct Plan Cumulative Option,INF109KA1J26,,14.43,N.A.,N.A.,2017-08-09
130986,ICICI Prudential Value Fund - Series 5 Direct Plan Dividend Option,INF109KA1J34,,11.96,N.A.,N.A.,2017-08-09
130985,ICICI Prudential Value Fund - Series 5 Dividend Option,INF109KA1J18,,11.50,N.A.,N.A.,2017-08-09
134192,ICICI Prudential Value Fund - Series 6  Cumulative Option,INF109KB1557,,12.61,N.A.,N.A.,2017-08-09
134191,ICICI Prudential Value Fund - Series 6  Dividend Option,INF109KB1565,,11.02,N.A.,N.A.,2017-08-09
134189,ICICI Prudential Value Fund - Series 6 Direct Plan Cumulative Option,INF109KB1573,,13.06,N.A.,N.A.,2017-08-09
134190,ICICI Prudential Value Fund - Series 6 Direct Plan Dividend Option,INF109KB1581,,11.47,N.A.,N.A.,2017-08-09
134657,ICICI Prudential Value Fund - Series 7 Direct Plan Dividend Option,INF109KB1EW7,,12.05,N.A.,N.A.,2017-08-09
134656,ICICI Prudential Value Fund - Series 7 Dividend Option,INF109KB1EU1,,11.72,N.A.,N.A.,2017-08-09
135035,ICICI Prudential Value Fund - Series 8 Direct Plan Dividend Option,INF109KC1JK0,,11.14,N.A.,N.A.,2017-08-09
135036,ICICI Prudential Value Fund - Series 8 Dividend Option,INF109KC1JJ2,,10.80,N.A.,N.A.,2017-08-09
140029,ICICI Prudential Value Fund - Series 9 - Cumulative Option,INF109KB1I25,,11.19,N.A.,N.A.,2017-08-09
140031,ICICI Prudential Value Fund - Series 9 - Direct Plan - Cumulative Option,INF109KB1I41,,11.31,N.A.,N.A.,2017-08-09
140032,ICICI Prudential Value Fund - Series 9 - Direct Plan - Dividend Option,INF109KB1I58,,11.31,N.A.,N.A.,2017-08-09
140030,ICICI Prudential Value Fund - Series 9 - Dividend Option,INF109KB1I33,,11.19,N.A.,N.A.,2017-08-09
134568,Kotak India Gorwth Fund - Series I - Direct Plan - Dividend,INF174K01P57,,12.9255,12.9255,12.9255,2017-08-09
134567,Kotak India Gorwth Fund - Series I - Direct Plan - Growth,INF174K01P40,,12.9255,12.9255,12.9255,2017-08-09
134566,Kotak India Gorwth Fund - Series I - Regular Plan - Dividend,INF174K01P32,,12.7679,12.7679,12.7679,2017-08-09
134565,Kotak India Gorwth Fund - Series I - Regular Plan - Growth,INF174K01P24,,12.7679,12.7679,12.7679,2017-08-09
131047,LIC MF Diversified Equity Fund-Series 1-Direct Plan-Dividend Payout,INF767K01LN4,,11.2084,11.2084,11.2084,2017-08-09
131048,LIC MF Diversified Equity Fund-Series 1-Direct Plan-Growth,INF767K01LO2,,11.2085,11.2085,11.2085,2017-08-09
131049,LIC MF Diversified Equity Fund-Series 1-Regular Plan-Dividend Payout,INF767K01LL8,,11.1045,11.1045,11.1045,2017-08-09
131050,LIC MF Diversified Equity Fund-Series 1-Regular Plan-Growth,INF767K01LM6,,11.1045,11.1045,11.1045,2017-08-09
132913,LIC MF Diversified Equity Fund-Series 2-Direct Plan-Dividend Payout,INF767K01ML6,,10.6950,10.6950,10.6950,2017-08-09
132916,LIC MF Diversified Equity Fund-Series 2-Direct Plan-Growth,INF767K01MM4,,10.6950,10.6950,10.6950,2017-08-09
132914,LIC MF Diversified Equity Fund-Series 2-Regular Plan-Dividend Payout,INF767K01MJ0,,10.5537,10.5537,10.5537,2017-08-09
132915,LIC MF Diversified Equity Fund-Series 2-Regular Plan-Growth,INF767K01MK8,,10.5536,10.5536,10.5536,2017-08-09
133550,LIC MF Rajiv Gandhi Equity Savings Scheme-Series 3-Direct Plan-Dividend Payout,INF767K01MY9,,10.6792,10.6792,10.6792,2017-08-09
133581,LIC MF Rajiv Gandhi Equity Savings Scheme-Series 3-Direct Plan-Growth,INF767K01MZ6,,10.6794,10.6794,10.6794,2017-08-09
133582,LIC MF Rajiv Gandhi Equity Savings Scheme-Series 3-Regular Plan-Dividend Payout,INF767K01MW3,,10.6705,10.6705,10.6705,2017-08-09
133583,LIC MF Rajiv Gandhi Equity Savings Scheme-Series 3-Regular Plan-Growth,INF767K01MX1,,10.6704,10.6704,10.6704,2017-08-09
133311,Reliance Capital Builder Fund II - Series B - Direct Plan - Dividend Payout Option,INF204KA1ZJ4,,12.1120,12.1120,12.1120,2017-08-09
133310,Reliance Capital Builder Fund II - Series B - Direct Plan - Growth Option,INF204KA1ZI6,,12.1120,12.1120,12.1120,2017-08-09
133309,Reliance Capital Builder Fund II - Series B - Dividend Payout Option,INF204KA1ZH8,,11.6590,11.6590,11.6590,2017-08-09
133308,Reliance Capital Builder Fund II - Series B - Growth Option,INF204KA1ZG0,,11.6590,11.6590,11.6590,2017-08-09
133883,Reliance Capital Builder Fund II - Series C - Direct Plan - Dividend Payout Option,INF204KA1F86,,12.7078,12.7078,12.7078,2017-08-09
133882,Reliance Capital Builder Fund II - Series C - Direct Plan - Growth Option,INF204KA1F78,,12.7078,12.7078,12.7078,2017-08-09
133885,Reliance Capital Builder Fund II - Series C - Dividend Payout Option,INF204KA1F60,,12.3148,12.3148,12.3148,2017-08-09
133884,Reliance Capital Builder Fund II - Series C - Growth Option,INF204KA1F52,,12.3148,12.3148,12.3148,2017-08-09
133131,Reliance Capital Builder Fund II- Series A- Direct Plan-Dividend Payout Option,INF204KA1YL3,,13.3001,13.3001,13.3001,2017-08-09
133132,Reliance Capital Builder Fund II- Series A- Direct Plan-Growth Option,INF204KA1YK5,,13.3001,13.3001,13.3001,2017-08-09
133133,Reliance Capital Builder Fund II- Series A- Dividend Payout Option,INF204KA1YJ7,,13.1011,13.1011,13.1011,2017-08-09
133134,Reliance Capital Builder Fund II- Series A- Growth Option,INF204KA1YI9,,13.1011,13.1011,13.1011,2017-08-09
134772,Reliance Capital Builder Fund III - Series A - Direct Plan - Dividend Payout Option,INF204KA16D0,,12.4076,12.4076,12.4076,2017-08-09
134773,Reliance Capital Builder Fund III - Series A - Direct Plan - Growth Option,INF204KA15D2,,12.4076,12.4076,12.4076,2017-08-09
134775,Reliance Capital Builder Fund III - Series A - Dividend Payout Option,INF204KA14D5,,12.0929,12.0929,12.0929,2017-08-09
134774,Reliance Capital Builder Fund III - Series A - Growth Option,INF204KA13D7,,12.0929,12.0929,12.0929,2017-08-09
130880,Reliance Capital Builder Fund- Series B- Direct Plan- Dividend Payout Option,INF204KA1SW2,,13.8678,13.8678,13.8678,2017-08-09
130879,Reliance Capital Builder Fund- Series B- Direct Plan- Growth Opiton,INF204KA1SV4,,13.8678,13.8678,13.8678,2017-08-09
130881,Reliance Capital Builder Fund- Series B- Dividend Payout Option,INF204KA1SU6,,13.2867,13.2867,13.2867,2017-08-09
130878,Reliance Capital Builder Fund- Series B- Growth Option,INF204KA1ST8,,13.2867,13.2867,13.2867,2017-08-09
131272,Reliance Capital Builder Fund- Series C- Direct Plan- Dividend Payout Option,INF204KA1UE6,,14.5201,14.5201,14.5201,2017-08-09
131271,Reliance Capital Builder Fund- Series C- Direct Plan- Growth Option,INF204KA1UD8,,14.5201,14.5201,14.5201,2017-08-09
131269,Reliance Capital Builder Fund- Series C- Dividend Payout Option,INF204KA1UC0,,13.9145,13.9145,13.9145,2017-08-09
131270,Reliance Capital Builder Fund- Series C- Growth Option,INF204KA1UB2,,13.9145,13.9145,13.9145,2017-08-09
125273,Reliance Close Ended Equity Fund - Series A - Direct Plan - Dividend Payout Option,INF204K018R7,,15.3570,15.3570,15.3570,2017-08-09
125271,Reliance Close Ended Equity Fund - Series A - Direct Plan - Growth Option,INF204K017R9,,23.0017,23.0017,23.0017,2017-08-09
125272,Reliance Close Ended Equity Fund - Series A - Dividend Payout Option,INF204K016R1,,14.4406,14.4406,14.4406,2017-08-09
125270,Reliance Close Ended Equity Fund - Series A - Growth Option,INF204K015R3,,21.9162,21.9162,21.9162,2017-08-09
125889,Reliance Close Ended Equity Fund - Series B - Direct Plan - Dividend Payout Option,INF204K012S8,,15.6435,15.6435,15.6435,2017-08-09
125888,Reliance Close Ended Equity Fund - Series B - Direct Plan - Growth Option,INF204K011S0,,23.4516,23.4516,23.4516,2017-08-09
125890,Reliance Close Ended Equity Fund - Series B - Dividend Payout Option,INF204K010S2,,14.7091,14.7091,14.7091,2017-08-09
125887,Reliance Close Ended Equity Fund - Series B - Growth Option,INF204K019R5,,22.3356,22.3356,22.3356,2017-08-09
129572,Reliance Close Ended Equity Fund II- Series A- Direct Plan- Dividend Payout Option,INF204KA1OW1,,13.8221,13.8221,13.8221,2017-08-09
129571,Reliance Close Ended Equity Fund II- Series A- Direct Plan- Growth Option,INF204KA1OV3,,16.8376,16.8376,16.8376,2017-08-09
129573,Reliance Close Ended Equity Fund II- Series A- Dividend Payout Option,INF204KA1OU5,,13.1506,13.1506,13.1506,2017-08-09
129574,Reliance Close Ended Equity Fund II- Series A- Growth Option,INF204KA1OT7,,16.1323,16.1323,16.1323,2017-08-09
138985,DHFL Pramerica Large Cap Fund - Series 1 - Direct Plan - Dividend (Payout),INF223JA1AR0,,11.176,11.176,11.176,2017-08-09
138986,DHFL Pramerica Large Cap Fund - Series 1 - Direct Plan - Growth,INF223JA1AS8,,11.1761,11.1761,11.1761,2017-08-09
138988,DHFL Pramerica Large Cap Fund - Series 1 - Regular Plan - Dividend (Payout),INF223JA1AP4,,10.6842,10.6842,10.6842,2017-08-09
138987,DHFL Pramerica Large Cap Fund - Series 1 - Regular Plan - Growth,INF223JA1AQ2,,10.6842,10.6842,10.6842,2017-08-09
139020,DHFL Pramerica Large Cap Fund - Series 3 - Direct Plan - Dividend (Payout),INF223JA1FT5,,12.2426,12.2426,12.2426,2017-08-09
139017,DHFL Pramerica Large Cap Fund - Series 3 - Direct Plan - Growth,INF223JA1FU3,,12.3533,12.3533,12.3533,2017-08-09
139018,DHFL Pramerica Large Cap Fund - Series 3 - Regular Plan - Dividend (Payout),INF223JA1FS7,,11.9052,11.9052,11.9052,2017-08-09
139019,DHFL Pramerica Large Cap Fund - Series 3 - Regular Plan - Growth,INF223JA1FV1,,11.9052,11.9052,11.9052,2017-08-09
138949,DHFL Pramerica Mid Cap Fund - Series 1 - Direct Plan - Dividend (Payout),INF223JA1289,,16.1654,16.1654,16.1654,2017-08-09
138950,DHFL Pramerica Mid Cap Fund - Series 1 - Direct Plan - Growth,INF223JA1297,,17.0147,17.0147,17.0147,2017-08-09
138951,DHFL Pramerica Mid Cap Fund - Series 1 - Regular Plan - Dividend (Payout),INF223JA1263,,15.3994,15.3994,15.3994,2017-08-09
138952,DHFL Pramerica Mid Cap Fund - Series 1 - Regular Plan - Growth,INF223JA1271,,16.2473,16.2473,16.2473,2017-08-09
138992,PGIM India Large Cap Fund - Series 2 - Direct Plan - Dividend (Payout),INF223JA1BI7,,11.6422,11.6422,11.6422,2017-08-09
138991,PGIM India Large Cap Fund - Series 2 - Direct Plan - Growth,INF223JA1BJ5,,11.6423,11.6423,11.6423,2017-08-09
138989,PGIM India Large Cap Fund - Series 2 - Regular Plan - Dividend (Payout),INF223JA1BG1,,11.1769,11.1769,11.1769,2017-08-09
138990,PGIM India Large Cap Fund - Series 2 - Regular Plan - Growth,INF223JA1BH9,,11.1769,11.1769,11.1769,2017-08-09
131339,SBI EQUITY OPPORTUNITIES FUND - SERIES I - DIRECT PLAN - DIVIDEND,INF200K017S1,,15.3249,N.A.,N.A.,2017-08-09
131338,SBI EQUITY OPPORTUNITIES FUND - SERIES I - DIRECT PLAN - GROWTH,INF200K016S3,,15.3169,N.A.,N.A.,2017-08-09
131337,SBI EQUITY OPPORTUNITIES FUND - SERIES I - REGULAR PLAN - DIVIDEND,INF200K015S5,,15.2545,N.A.,N.A.,2017-08-09
131336,SBI EQUITY OPPORTUNITIES FUND - SERIES I - REGULAR PLAN - GROWTH,INF200K014S8,,15.2546,N.A.,N.A.,2017-08-09
133109,SBI EQUITY OPPORTUNITIES FUND - SERIES II - DIRECT PLAN - DIVIDEND,INF200K011Z9,,13.4195,N.A.,N.A.,2017-08-09
133108,SBI EQUITY OPPORTUNITIES FUND - SERIES II - DIRECT PLAN - GROWTH,INF200K010Z1,,13.4206,N.A.,N.A.,2017-08-09
133107,SBI EQUITY OPPORTUNITIES FUND - SERIES II - REGULAR PLAN - DIVIDEND,INF200K019Y5,,13.3628,N.A.,N.A.,2017-08-09
133106,SBI EQUITY OPPORTUNITIES FUND - SERIES II - REGULAR PLAN - GROWTH,INF200K018Y7,,13.3632,N.A.,N.A.,2017-08-09
135507,SBI EQUITY OPPORTUNITIES FUND -  SERIES IV - REGULAR PLAN - GROWTH,INF200KA1GP5,,14.0972,N.A.,N.A.,2017-08-09
135509,SBI EQUITY OPPORTUNITIES FUND - SERIES IV - DIRECT PLAN - DIVIDEND,INF200KA1GO8,,14.4607,N.A.,N.A.,2017-08-09
135506,SBI EQUITY OPPORTUNITIES FUND - SERIES IV - DIRECT PLAN - GROWTH,INF200KA1GN0,,14.4641,N.A.,N.A.,2017-08-09
135508,SBI EQUITY OPPORTUNITIES FUND - SERIES IV - REGULAR PLAN - DIVIDEND,INF200KA1GQ3,,14.0969,N.A.,N.A.,2017-08-09
125777,Sundaram Select Micro Cap Series I - Direct Plan - Dividend Option,INF903J01YN0,,15.5505,15.5505,15.5505,2017-08-09
125778,Sundaram Select Micro Cap Series I - Direct Plan - Growth Option,INF903J01YM2,,31.3030,31.3030,31.3030,2017-08-09
125776,Sundaram Select Micro Cap Series I - Regular Plan - Dividend Option,INF903J01YL4,,14.7885,14.7885,14.7885,2017-08-09
125775,Sundaram Select Micro Cap Series I - Regular Plan - Growth Option,INF903J01YK6,,30.2825,30.2825,30.2825,2017-08-09
126407,Sundaram Select Micro Cap Series II - Direct Plan - Dividend Option,INF903J01ZB2,,15.4137,15.4137,15.4137,2017-08-09
126408,Sundaram Select Micro Cap Series II - Direct Plan - Growth Option,INF903J01ZA4,,31.1110,31.1110,31.1110,2017-08-09
126409,Sundaram Select Micro Cap Series II - Regular Plan - Dividend Option,INF903J01YZ4,,14.6941,14.6941,14.6941,2017-08-09
126410,Sundaram Select Micro Cap Series II - Regular Plan - Growth Option,INF903J01YY7,,30.1659,30.1659,30.1659,2017-08-09
126847,Sundaram Select Micro Cap Series III - Direct Plan - Dividend Option,INF903J01ZX6,,14.9982,14.9982,14.9982,2017-08-09
126848,Sundaram Select Micro Cap Series III - Direct Plan - Growth Option,INF903J01ZW8,,30.4759,30.4759,30.4759,2017-08-09
126845,Sundaram Select Micro Cap Series III - Regular Plan - Dividend Option,INF903J01ZV0,,14.3191,14.3191,14.3191,2017-08-09
126846,Sundaram Select Micro Cap Series III - Regular Plan - Growth Option,INF903J01ZU2,,29.5892,29.5892,29.5892,2017-08-09
127668,Sundaram Select Micro Cap Series IV - Direct Plan - Dividend Option,INF903J01A14,,13.4346,13.4346,13.4346,2017-08-09
127669,Sundaram Select Micro Cap Series IV - Direct Plan - Growth Option,INF903J01A06,,28.8691,28.8691,28.8691,2017-08-09
127670,Sundaram Select Micro Cap Series IV - Regular Plan - Dividend Option,INF903J01ZZ1,,12.8319,12.8319,12.8319,2017-08-09
127671,Sundaram Select Micro Cap Series IV - Regular Plan - Growth Option,INF903J01ZY4,,28.0613,28.0613,28.0613,2017-08-09
135568,Sundaram Select Micro Cap Series IX - Direct Plan - Dividend Payout,INF903J018V6,,12.7766,12.7766,12.7766,2017-08-09
135570,Sundaram Select Micro Cap Series IX - Regular Plan - Dividend Payout,INF903J016V0,,12.6487,12.6487,12.6487,2017-08-09
135569,Sundaram Select Micro Cap Series IX - Regular Plan - Growth,INF903J015V2,,14.2122,14.2122,14.2122,2017-08-09
135567,Sundaram Select Micro Cap Series IX-Direct Plan Growth,INF903J017V8,,14.3444,14.3444,14.3444,2017-08-09
131003,Sundaram Select Micro Cap Series V - Direct Plan Growth Option,INF903J01R23,,19.9723,19.9723,19.9723,2017-08-09
131004,Sundaram Select Micro Cap Series V - Regular Plan Dividend Option,INF903J01R15,,14.1881,14.1881,14.1881,2017-08-09
131002,Sundaram Select Micro Cap Series V- Direct Plan Dividend Option,INF903J01R31,,14.6283,14.6283,14.6283,2017-08-09
131005,Sundaram Select Micro Cap Series V- Regular Plan Growth Option,INF903J01R07,,19.5101,19.5101,19.5101,2017-08-09
131335,Sundaram Select Micro Cap Series VI Direct Dividend Payout,INF903J01U77,,14.3031,14.3031,14.3031,2017-08-09
131334,Sundaram Select Micro Cap Series VI Direct Growth,INF903J01U69,,17.6140,17.6140,17.6140,2017-08-09
131333,Sundaram Select Micro Cap Series VI Regular Dividend Payout,INF903J01U51,,13.9282,13.9282,13.9282,2017-08-09
131332,Sundaram Select Micro Cap Series VI Regular Growth,INF903J01U44,,17.2297,17.2297,17.2297,2017-08-09
131555,Sundaram Select Micro Cap Series VII - Direct Plan Growth Option,INF903J01W83,,17.3004,17.3004,17.3004,2017-08-09
131556,Sundaram Select Micro Cap Series VII - Regular Plan Dividend Option,INF903J01W75,,13.6693,13.6693,13.6693,2017-08-09
131557,Sundaram Select Micro Cap Series VII- Direct Plan Dividend Option,INF903J01W91,,14.0022,14.0022,14.0022,2017-08-09
131558,Sundaram Select Micro Cap Series VII- Regular Plan Growth Option,INF903J01W67,,16.9668,16.9668,16.9668,2017-08-09
135490,Sundaram Select Micro Cap Series VIII  Direct Plan Growth,INF903J013V7,,14.3985,14.3985,14.3985,2017-08-09
135492,Sundaram Select Micro Cap Series VIII  Regular Plan Growth,INF903J011V1,,14.2618,14.2618,14.2618,2017-08-09
135489,Sundaram Select Micro Cap Series VIII Direct Plan Dividend,INF903J014V5,,12.8307,12.8307,12.8307,2017-08-09
135491,Sundaram Select Micro Cap Series VIII Regular Plan Dividend,INF903J012V9,,12.6982,12.6982,12.6982,2017-08-09
135771,SUNDARAM SELECT MICRO CAP SERIES X - DIRECT PLAN - DIVIDEND PAYOUT,INF903J012X5,,12.6331,12.6331,12.6331,2017-08-09
135772,SUNDARAM SELECT MICRO CAP SERIES X - DIRECT PLAN - GROWTH,INF903J011X7,,14.1975,14.1975,14.1975,2017-08-09
135773,SUNDARAM SELECT MICRO CAP SERIES X - REGULAR PLAN - DIVIDEND PAYOUT,INF903J010X9,,12.5192,12.5192,12.5192,2017-08-09
135774,SUNDARAM SELECT MICRO CAP SERIES X - REGULAR PLAN - GROWTH,INF903J019W2,,14.0794,14.0794,14.0794,2017-08-09
140392,SUNDARAM SELECT MICRO CAP SERIES XI - DIRECT PLAN - DIVIDEND,INF903JA1625,,11.5080,11.5080,11.5080,2017-08-09
140391,SUNDARAM SELECT MICRO CAP SERIES XI - DIRECT PLAN - GROWTH,INF903JA1617,,11.5080,11.5080,11.5080,2017-08-09
140390,SUNDARAM SELECT MICRO CAP SERIES XI - REGULAR PLAN - DIVIDEND,INF903JA1609,,11.4642,11.4642,11.4642,2017-08-09
140389,SUNDARAM SELECT MICRO CAP SERIES XI - REGULAR PLAN - GROWTH,INF903JA1583,,11.4642,11.4642,11.4642,2017-08-09
140531,SUNDARAM SELECT MICRO CAP SERIES XII - DIRECT PLAN DIVIDEND,INF903JA1724,,11.1734,11.1734,11.1734,2017-08-09
140532,SUNDARAM SELECT MICRO CAP SERIES XII - DIRECT PLAN GROWTH,INF903JA1716,,11.1734,11.1734,11.1734,2017-08-09
140529,SUNDARAM SELECT MICRO CAP SERIES XII - REGULAR PLAN - DIVIDEND,INF903JA1708,,11.1101,11.1101,11.1101,2017-08-09
140528,SUNDARAM SELECT MICRO CAP SERIES XII - REGULAR PLAN - GROWTH,INF903JA1690,,11.1101,11.1101,11.1101,2017-08-09
141146,SUNDARAM SELECT MICRO CAP SERIES XIV DIRECT PLAN DIVIDEND PAYOUT,INF903JA1AA3,,10.1565,10.1565,10.1565,2017-08-09
141145,SUNDARAM SELECT MICRO CAP SERIES XIV DIRECT PLAN GROWTH,INF903JA1997,,10.1565,10.1565,10.1565,2017-08-09
141143,SUNDARAM SELECT MICRO CAP SERIES XIV REGULAR GROWTH,INF903JA1971,,10.1363,10.1363,10.1363,2017-08-09
141144,SUNDARAM SELECT MICRO CAP SERIES XIV REGULAR PLAN DIVIDEND PAYOUT,INF903JA1989,,10.1363,10.1363,10.1363,2017-08-09
141407,SUNDARAM SELECT MICRO CAP SERIES XV - DIRECT PLAN DIVIDEND PAYOUT,INF903JA1AO4,,10.0297,10.0297,10.0297,2017-08-09
141404,SUNDARAM SELECT MICRO CAP SERIES XV DIRECT GROWTH,INF903JA1AN6,,10.0297,10.0297,10.0297,2017-08-09
141405,SUNDARAM SELECT MICRO CAP SERIES XV REGULAR DIVIDEND PAYOUT,INF903JA1AM8,,10.0090,10.0090,10.0090,2017-08-09
141406,SUNDARAM SELECT MICRO CAP SERIES XV REGULAR GROWTH,INF903JA1AL0,,10.0090,10.0090,10.0090,2017-08-09
132986,Sundaram Select Small Cap Series II Direct Dividend Payout,INF903J01X90,,13.1496,13.1496,13.1496,2017-08-09
132985,Sundaram Select Small Cap Series II Direct Growth,INF903J01X82,,14.1755,14.1755,14.1755,2017-08-09
132984,Sundaram Select Small Cap Series II Regular Dividend Payout,INF903J01X74,,12.8984,12.8984,12.8984,2017-08-09
132983,Sundaram Select Small Cap Series II Regular Growth,INF903J01X66,,13.9234,13.9234,13.9234,2017-08-09
134298,Sundaram Select Small Cap Series III Direct Dividend,INF903J019G5,,12.9256,12.9256,12.9256,2017-08-09
134297,Sundaram Select Small Cap Series III Direct Growth,INF903J018G7,,13.9316,13.9316,13.9316,2017-08-09
134296,Sundaram Select Small Cap Series III Regular Dividend,INF903J017G9,,12.7548,12.7548,12.7548,2017-08-09
134295,Sundaram Select Small Cap Series III Regular Growth,INF903J016G1,,13.7812,13.7812,13.7812,2017-08-09
134374,Sundaram Select Small Cap Series IV - Direct Dividend Payout,INF903J011K4,,12.8277,12.8277,12.8277,2017-08-09
134373,Sundaram Select Small Cap Series IV - Direct Growth,INF903J010K6,,13.8541,13.8541,13.8541,2017-08-09
134372,Sundaram Select Small Cap Series IV - Regular Dividend Payout,INF903J019J9,,12.6914,12.6914,12.6914,2017-08-09
134371,Sundaram Select Small Cap Series IV - Regular Growth,INF903J018J1,,13.7168,13.7168,13.7168,2017-08-09
141498,SUNDARAM SELECT SMALL CAP SERIES V DIRECT PLAN DIVIDEND PAYOUT,INF903JA1AS5,,10.0521,10.0521,10.0521,2017-08-09
141499,SUNDARAM SELECT SMALL CAP SERIES V DIRECT PLAN GROWTH,INF903JA1AR7,,10.0521,10.0521,10.0521,2017-08-09
141500,SUNDARAM SELECT SMALL CAP SERIES V REGULAR PLAN DIVIDEND PAYOUT,INF903JA1AQ9,,10.0415,10.0415,10.0415,2017-08-09
141501,SUNDARAM SELECT SMALL CAP SERIES V REGULAR PLAN GROWTH,INF903JA1AP1,,10.0415,10.0415,10.0415,2017-08-09
141562,SUNDARAM SELECT SMALL CAP SERIES VI DIRECT PLAN DIVIDEND PAYOUT,INF903JA1AW7,,9.9683,9.9683,9.9683,2017-08-09
141561,SUNDARAM SELECT SMALL CAP SERIES VI DIRECT PLAN GROWTH,INF903JA1AV9,,9.9683,9.9683,9.9683,2017-08-09
141560,SUNDARAM SELECT SMALL CAP SERIES VI REGULAR PLAN DIVIDEND PAYOUT,INF903JA1AU1,,9.9613,9.9613,9.9613,2017-08-09
141563,SUNDARAM SELECT SMALL CAP SERIES VI REGULAR PLAN GROWTH,INF903JA1AT3,,9.9613,9.9613,9.9613,2017-08-09
133356,Sundaram Top 100 Series IV Direct Plan Dividend Payout,INF903J019A8,,13.0959,13.0959,13.0959,2017-08-09
133355,Sundaram Top 100 Series IV Direct Plan Growth,INF903J018A0,,13.0959,13.0959,13.0959,2017-08-09
133354,Sundaram Top 100 Series IV Regular Plan Dividend Payout,INF903J017A2,,12.9164,12.9164,12.9164,2017-08-09
133353,Sundaram Top 100 Series IV Regular Plan Growth,INF903J016A4,,12.9172,12.9172,12.9172,2017-08-09
133591,Sundaram Top 100 Series V Direct Plan Dividend Payout,INF903J011D9,,12.7457,12.7457,12.7457,2017-08-09
133590,Sundaram Top 100 Series V Direct Plan Growth,INF903J010D1,,12.7457,12.7457,12.7457,2017-08-09
133589,Sundaram Top 100 Series V Regular Plan Dividend Payout,INF903J019C4,,12.6054,12.6054,12.6054,2017-08-09
133588,Sundaram Top 100 Series V Regular Plan Growth,INF903J018C6,,12.6054,12.6054,12.6054,2017-08-09
140577,Sundaram Top 100 Series VI Direct Plan Dividend Payout,INF903JA1765,,11.1812,11.1812,11.1812,2017-08-09
140575,Sundaram Top 100 Series VI Direct Plan Growth,INF903JA1757,,11.1812,11.1812,11.1812,2017-08-09
140576,Sundaram Top 100 Series VI Regular Plan Dividend,INF903JA1740,,11.1180,11.1180,11.1180,2017-08-09
140578,Sundaram Top 100 Series VI Regular Plan Growth,INF903JA1732,,11.1180,11.1180,11.1180,2017-08-09
140750,Sundaram Top 100 Series VII DIRECT PLAN DIVIDEND PAYOUT,INF903JA1880,,10.9976,10.9976,10.9976,2017-08-09
140751,Sundaram Top 100 Series VII DIRECT PLAN GROWTH,INF903JA1872,,10.9976,10.9976,10.9976,2017-08-09
140752,Sundaram Top 100 Series VII REGULAR PLAN DIVIDEND PAYOUT,INF903JA1864,,10.9488,10.9488,10.9488,2017-08-09
140749,SUNDARAM TOP 100 SERIES VII REGULAR PLAN GROWTH,INF903JA1856,,10.9488,10.9488,10.9488,2017-08-09
133321,Sundaram Value Fund Series I Direct Dividend Payout,INF903J011A5,,14.6294,14.6294,14.6294,2017-08-09
133320,Sundaram Value Fund Series I Direct Growth,INF903J010A7,,14.6293,14.6293,14.6293,2017-08-09
133319,Sundaram Value Fund Series I Regular Dividend Payout,INF903J01Z98,,14.4238,14.4238,14.4238,2017-08-09
133318,Sundaram Value Fund Series I Regular Plan Growth,INF903J01Z80,,14.4238,14.4238,14.4238,2017-08-09
133560,Sundaram Value Fund Series II Direct Plan Dividend Payout,INF903J017C8,,13.6113,13.6113,13.6113,2017-08-09
133559,Sundaram Value Fund Series II Direct Plan Growth,INF903J016C0,,14.7300,14.7300,14.7300,2017-08-09
133558,Sundaram Value Fund Series II Regular Plan Dividend Payout,INF903J015C2,,13.4315,13.4315,13.4315,2017-08-09
133557,Sundaram Value Fund Series II Regular Plan Growth,INF903J014C5,,14.5476,14.5476,14.5476,2017-08-09
136088,Sundaram Value Fund Series  Direct Plan Growth,INF903J017Y2,,15.0398,15.0398,15.0398,2017-08-09
136089,Sundaram Value Fund Series III Direct Plan Dividend Payout,INF903J018Y0,,13.9169,13.9169,13.9169,2017-08-09
136087,Sundaram Value Fund Series III Regular Plan Dividend payout,INF903J016Y4,,13.8257,13.8257,13.8257,2017-08-09
136086,Sundaram Value Fund Series III Regular Plan Growth,INF903J015Y6,,14.9448,14.9448,14.9448,2017-08-09
140653,Sundaram Value Fund Series VII Direct Plan Dividend Payout,INF903JA1807,,10.5614,10.5614,10.5614,2017-08-09
140660,Sundaram Value Fund Series VII Direct Plan Growth,INF903JA1799,,10.5614,10.5614,10.5614,2017-08-09
140658,Sundaram Value Fund Series VII Regular Plan Dividend Payout,INF903JA1781,,10.5461,10.5461,10.5461,2017-08-09
140659,Sundaram Value Fund Series VII Regular Plan Growth,INF903JA1773,,10.5461,10.5461,10.5461,2017-08-09
141341,Sundaram Value Fund Series VIII Direct Plan Dividend,INF903JA1AK2,,10.0318,10.0318,10.0318,2017-08-09
141342,Sundaram Value Fund Series VIII Direct Plan Growth,INF903JA1AJ4,,10.0318,10.0318,10.0318,2017-08-09
141340,Sundaram Value Fund Series VIII Regular Plan Dividend Payout,INF903JA1AI6,,9.9979,9.9979,9.9979,2017-08-09
141339,Sundaram Value Fund Series VIII Regular Plan Growth,INF903JA1AH8,,9.9979,9.9979,9.9979,2017-08-09
133117,Sundaram World brand Fund Series I Direct Plan Dividend Payout,INF903J01Y99,,12.2391,12.2391,12.2391,2017-08-09
133115,sundaram World Brand Fund Series I Direct Plan Growth,INF903J01Y81,,12.2391,12.2391,12.2391,2017-08-09
133116,Sundaram World Brand Fund Series I Regular Plan Dividend Payout,INF903J01Y73,,12.0362,12.0362,12.0362,2017-08-09
133114,Sundaram World Brand Fund Series I Regular Plan Growth,INF903J01Y65,,12.0363,12.0363,12.0363,2017-08-09
133121,Sundaram World Brand Fund Series II Direct Plan Dividend Payout,INF903J01Z31,,12.2555,12.2555,12.2555,2017-08-09
133120,Sundaram World Brand Fund Series II Direct Plan Growth,INF903J01Z23,,12.2555,12.2555,12.2555,2017-08-09
133119,Sundaram World Brand Fund Series II Regular Plan Dividend Payout,INF903J01Z15,,12.0577,12.0577,12.0577,2017-08-09
133118,Sundaram World Brand Fund Series II Regular Plan Growth,INF903J01Z07,,12.0577,12.0577,12.0577,2017-08-09
133242,Sundaram World Brand Fund Series III Direct Plan Dividend Payout,INF903J01Z72,,12.3951,12.3951,12.3951,2017-08-09
133241,Sundaram World Brand Fund Series III Direct Plan Growth,INF903J01Z64,,12.3951,12.3951,12.3951,2017-08-09
133243,Sundaram World Brand Fund Series III Regular Plan Dividend Payout,INF903J01Z56,,12.2028,12.2028,12.2028,2017-08-09
133240,Sundaram World Brand Fund Series III Regular Plan Growth,INF903J01Z49,,12.2028,12.2028,12.2028,2017-08-09
133834,Union Trigger Fund - Series 2 - Direct Plan - Growth Option,INF582M01CC5,,12.19,N.A.,N.A.,2017-08-09
133835,Union Trigger Fund - Series 2 - Regular Plan - Growth Option,INF582M01CD3,,11.97,N.A.,N.A.,2017-08-09
131021,UTI Focussed Equity Fund Series - 1 (2195 Days) - Direct Plan - Dividend Option,INF789FC1Q55,,13.0208,0,0,2017-08-09
131019,UTI Focussed Equity Fund Series - 1 (2195 Days) - Direct Plan - Growth Option,INF789FC1Q63,,14.0877,0,0,2017-08-09
131020,UTI Focussed Equity Fund Series - 1 (2195 Days) - Regular Plan - Dividend Option,INF789FC1Q30,,12.3861,0,0,2017-08-09
131018,UTI Focussed Equity Fund Series - 1 (2195 Days) - Regular Plan - Growth Option,INF789FC1Q48,,13.4411,0,0,2017-08-09
133257,UTI Focussed Equity Fund - Series II (1102 Days) - Dividend Option,INF789FA14T1,,11.8605,0,0,2017-08-09
133259,UTI Focussed Equity Fund - Series II (1102 Days) - Dividend Option - Direct,INF789FA16T6,,12.3923,0,0,2017-08-09
133256,UTI Focussed Equity Fund - Series II (1102 Days) - Growth Option,INF789FA15T8,,11.8605,0,0,2017-08-09
133258,UTI Focussed Equity Fund - Series II (1102 Days) - Growth Option - Direct,INF789FA17T4,,12.3923,0,0,2017-08-09
112101,ICICI Prudential R.I.G.H.T. Fund Dividend,INF109KA1XQ0,,26.63,N.A.,N.A.,2017-08-09
112100,ICICI Prudential R.I.G.H.T. Fund Growth,INF109KA1XP2,,37.88,N.A.,N.A.,2017-08-09
107714,Invesco India AGILE Tax Fund - Dividend Option,INF205K01FT4,,12.26,0,0,2017-08-09
107773,Invesco India AGILE Tax Fund - Growth Option,INF205K01FS6,,12.26,0,0,2017-08-09
112625,L&T Long Term Advantage Fund I - Regular Plan - Dividend,INF917K01BQ9,,31.38,31.38,0,2017-08-09
112624,L&T Long Term Advantage Fund I - Regular Plan - Growth,INF917K01BR7,,49.39,49.39,0,2017-08-09
107900,Reliance Equity Linked Saving Fund - Series I - Dividend Plan,INF204K01ON2,,30.7302,30.6922,30.7302,2017-08-09
107901,Reliance Equity Linked Saving Fund - Series I - Growth Plan,INF204K01OM4,,30.7302,30.6922,30.7302,2017-08-09
132934,SBI LONG TERM ADVANTAGE FUND - SERIES I - DIRECT PLAN - DIVIDEND,INF200K019X7,,13.4673,N.A.,N.A.,2017-08-09
132933,SBI LONG TERM ADVANTAGE FUND - SERIES I - DIRECT PLAN - GROWTH,INF200K018X9,,13.4686,N.A.,N.A.,2017-08-09
132923,SBI LONG TERM ADVANTAGE FUND - SERIES I - REGULAR PLAN - DIVIDEND,INF200K017X1,,13.4123,N.A.,N.A.,2017-08-09
132924,SBI LONG TERM ADVANTAGE FUND - SERIES I - REGULAR PLAN - GROWTH,INF200K016X3,,13.4138,N.A.,N.A.,2017-08-09
133363,SBI LONG TERM ADVANTAGE FUND - SERIES II - DIRECT PLAN - DIVIDEND,INF200KA1341,,13.7315,N.A.,N.A.,2017-08-09
133364,SBI LONG TERM ADVANTAGE FUND - SERIES II - DIRECT PLAN - GROWTH,INF200KA1333,,13.7345,N.A.,N.A.,2017-08-09
133362,SBI LONG TERM ADVANTAGE FUND - SERIES II - REGULAR PLAN - DIVIDEND,INF200KA1325,,13.6755,N.A.,N.A.,2017-08-09
133361,SBI LONG TERM ADVANTAGE FUND - SERIES II - REGULAR PLAN - GROWTH,INF200KA1317,,13.6749,N.A.,N.A.,2017-08-09
136006,SBI Long Term Advantage Fund - Series III - Direct Plan - Dividend Payout,INF200KA1HO6,,13.4069,N.A.,N.A.,2017-08-09
136007,SBI Long Term Advantage Fund - Series III - Direct Plan - Growth,INF200KA1HN8,,13.4066,N.A.,N.A.,2017-08-09
136005,SBI Long Term Advantage Fund - Series III - Regular Plan - Dividend Payout,INF200KA1HM0,,13.1529,N.A.,N.A.,2017-08-09
136004,SBI Long Term Advantage Fund - Series III - Regular Plan - Growth,INF200KA1HL2,,13.1483,N.A.,N.A.,2017-08-09
140486,SBI Long Term Advantage Fund - Series IV - Direct Plan - Dividend Payout,INF200KA1LT7,,11.4355,N.A.,N.A.,2017-08-09
140487,SBI Long Term Advantage Fund - Series IV - Direct Plan - Growth,INF200KA1LS9,,11.4357,N.A.,N.A.,2017-08-09
140489,SBI Long Term Advantage Fund - Series IV - Regular Plan - Dividend Payout,INF200KA1LR1,,11.3989,N.A.,N.A.,2017-08-09
140488,SBI Long Term Advantage Fund - Series IV - Regular Plan - Growth,INF200KA1LQ3,,11.3994,N.A.,N.A.,2017-08-09
108144,SBI TAX ADVANTAGE FUND - SERIES I - DIVIDEND,INF200K01IK8,,28.5041,28.4669,N.A.,2017-08-09
108145,SBI TAX ADVANTAGE FUND - SERIES I - GROWTH,INF200K01IJ0,,28.5105,28.4733,N.A.,2017-08-09
116353,SBI TAX ADVANTAGE FUND - SERIES II - DIVIDEND,INF200K01JG4,,30.3777,30.3777,N.A.,2017-08-09
116352,SBI TAX ADVANTAGE FUND - SERIES II - GROWTH,INF200K01JF6,,32.8265,32.8265,N.A.,2017-08-09
126278,SBI Tax Advantage Fund - Series III - Direct Plan - Dividend,INF200K01X14,,21.2481,N.A.,N.A.,2017-08-09
126279,SBI Tax Advantage Fund - Series III - Direct Plan - Growth Option,INF200K01X06,,21.2611,N.A.,N.A.,2017-08-09
126378,SBI Tax Advantage Fund - Series III - Regular Plan - Dividend,INF200K01W98,,21.1362,N.A.,N.A.,2017-08-09
126379,SBI Tax Advantage Fund - Series III - Regular Plan - Growth,INF200K01W80,,21.1364,N.A.,N.A.,2017-08-09
139712,SUNDARAM LONG TERM MICRO CAP TAX ADVANTAGE FUND SERIES III REGULAR PLAN DIVIDEND,INF903JA1435,,11.6075,11.6075,11.6075,2017-08-09
139710,SUNDARAM LONG TERM MICROCAP TAX ADVANTAGE FUND SERIES III DIRECT PLAN DIVIDEND,INF903JA1450,,11.7406,11.7406,11.7406,2017-08-09
139711,SUNDARAM LONG TERM MICROCAP TAX ADVANTAGE FUND SERIES III DIRECT PLAN GROWTH,INF903JA1443,,12.2301,12.2301,12.2301,2017-08-09
139709,SUNDARAM LONG TERM MICROCAP TAX ADVANTAGE FUND SERIES III REGULAR PLAN GROWTH,INF903JA1427,,12.0968,12.0968,12.0968,2017-08-09
139989,SUNDARAM LONG TERM MICRO CAP TAX ADVANTAGE FUND SERIES IV DIRECT PLAN DIVIDEND PAYOUT,INF903JA1534,,10.3451,10.3451,10.3451,2017-08-09
139990,SUNDARAM LONG TERM MICRO CAP TAX ADVANTAGE FUND SERIES IV DIRECT PLAN GROWTH,INF903JA1526,,10.3451,10.3451,10.3451,2017-08-09
139991,SUNDARAM LONG TERM MICRO CAP TAX ADVANTAGE FUND SERIES IV REGULAR PLAN DIVIDEND PAYOUT,INF903JA1518,,10.3129,10.3129,10.3129,2017-08-09
139992,SUNDARAM LONG TERM MICRO CAP TAX ADVANTAGE FUND SERIES IV REGULAR PLAN GROWTH,INF903JA1500,,10.3129,10.3129,10.3129,2017-08-09
141142,SUNDARAM LONG TERM MICRO CAP TAX ADVANTAGE FUND SERIES V DIRECT  PLAN DIVIDEND PAYOUT,INF903JA1963,,9.8992,9.8992,9.8992,2017-08-09
141141,SUNDARAM LONG TERM MICRO CAP TAX ADVANTAGE FUND SERIES V DIRECT PLAN GROWTH,INF903JA1955,,9.8992,9.8992,9.8992,2017-08-09
141140,SUNDARAM LONG TERM MICRO CAP TAX ADVANTAGE FUND SERIES V REGULAR PLAN DIVIDEND PAYOUT,INF903JA1948,,9.8916,9.8916,9.8916,2017-08-09
141139,SUNDARAM LONG TERM MICRO CAP TAX ADVANTAGE FUND SERIES V REGULAR PLAN GROWTH,INF903JA1930,,9.8916,9.8916,9.8916,2017-08-09
133325,Sundaram Long Term Tax Advantage Fund Direct Plan Dividend Payout,INF903J015A6,,12.2808,12.2808,12.2808,2017-08-09
133324,Sundaram Long Term Tax Advantage Fund Direct Plan Growth,INF903J014A9,,12.7812,12.7812,12.7812,2017-08-09
133323,Sundaram Long Term Tax Advantage Fund Regular Plan Dividend Payout,INF903J013A1,,12.1404,12.1404,12.1404,2017-08-09
133322,Sundaram Long Term Tax Advantage Fund Regular Plan Growth,INF903J012A3,,12.6404,12.6404,12.6404,2017-08-09
135681,SUNDARAM LONG TERM TAX ADVANTAGE SERIES II DIRECT PLAN DIVIDEND PAYOUT,INF903J012W7,,12.9568,12.9568,12.9568,2017-08-09
135682,SUNDARAM LONG TERM TAX ADVANTAGE SERIES II DIRECT PLAN GROWTH,INF903J011W9,,13.4561,13.4561,13.4561,2017-08-09
135683,SUNDARAM LONG TERM TAX ADVANTAGE SERIES II REGULAR PLAN DIVIDEND PLAN PAYOUT,INF903J010W1,,12.8882,12.8882,12.8882,2017-08-09
135684,SUNDARAM LONG TERM TAX ADVANTAGE SERIES II REGULAR PLAN GROWTH,INF903J019V4,,13.3872,13.3872,13.3872,2017-08-09
111779,Tata Infrastructure Tax Saving Fund - Dividend,INF277K01790,,23.3883,0.0000,0.0000,2017-08-09
111778,Tata Infrastructure Tax Saving Fund - Growth,INF277K01808,,24.7147,0.0000,0.0000,2017-08-09
135965,UTI Long Term Advantage Fund Series III - Direct Plan - Dividend Option,INF789FB18N3,,13.715,0,0,2017-08-09
135962,UTI Long Term Advantage Fund Series III - Direct Plan - Growth Option,INF789FB19N1,,13.715,0,0,2017-08-09
135963,UTI Long Term Advantage Fund Series III - Regular Plan - Dividend Option,INF789FB16N7,,13.3057,0,0,2017-08-09
135964,UTI Long Term Advantage Fund Series III - Regular Plan - Growth Option,INF789FB17N5,,13.3057,0,0,2017-08-09
140044,UTI Long Term Advantage Fund Series IV - Direct Plan - Dividend Option,INF789FC1FD7,,11.3531,0,0,2017-08-09
140046,UTI Long Term Advantage Fund Series IV - Direct Plan - Growth Option,INF789FC1FE5,,11.3531,0,0,2017-08-09
140043,UTI Long Term Advantage Fund Series IV - Regular Plan - Dividend Option,INF789FC1FB1,,11.2109,0,0,2017-08-09
140045,UTI Long Term Advantage Fund Series IV - Regular Plan - Growth Option,INF789FC1FC9,,11.2109,0,0,2017-08-09
140457,UTI Long Term Advantage Fund Series V - Direct Plan - Dividend Option,INF789FC1HS1,,10.1566,0,0,2017-08-09
140454,UTI Long Term Advantage Fund Series V - Direct Plan - Growth Option,INF789FC1HT9,,10.1566,0,0,2017-08-09
140456,UTI Long Term Advantage Fund Series V - Regular Plan - Dividend Option,INF789FC1HQ5,,10.0699,0,0,2017-08-09
140455,UTI Long Term Advantage Fund Series V - Regular Plan - Growth Option,INF789FC1HR3,,10.0699,0,0,2017-08-09
101834,UTI - Master Equity Plan Unit Scheme,,,99.7108,0,0,2017-08-09
108231,UTI-Long Term Advantage Fund Series -II - Growth Option,,,29.1267,0,0,2017-08-09
108232,UTI-Long Term Advantage Fund Series-II - Dividend Option,,,27.0674,0,0,2017-08-09
120986,IDFC YS Interval Fund - Series II-Direct Plan-Growth,INF194K013E8,,14.5954,14.5954,14.5954,2017-08-09
120985,IDFC YS Interval Fund - Series II-Regular Plan-Dividend,INF194K012E0,,10.3217,10.3217,10.3217,2017-08-09
120984,IDFC YS Interval Fund - Series II-Regular Plan-Growth,INF194K011E2,,14.4915,14.4915,14.4915,2017-08-09
134075,Invesco India Annual Interval Fund - Series 1 - Plan B - Direct Sub-Plan - Growth,INF205K01V29,,11.9574,11.9574,11.9574,2017-08-09
134074,Invesco India Annual Interval Fund - Series 1 - Plan B - Regular Sub-Plan - Growth,INF205K01V03,,11.9274,11.9274,11.9274,2017-08-09
120366,LIC MF Interval Fund Annual Plan-Series 1-Direct Plan-Growth,INF767K01HF8,,20.1845,0.0000,0.0000,2017-08-09
108438,LIC MF Interval Fund Annual Plan-Series 1-Regular Plan-Dividend,INF767K01329,INF767K01337,10.3135,0.0000,0.0000,2017-08-09
108439,LIC MF Interval Fund Annual Plan-Series 1-Regular Plan-Growth,INF767K01345,,20.0278,0.0000,0.0000,2017-08-09
120358,LIC MF Interval Fund Monthly Plan-Series 1-Direct Plan-Dividend,INF767K01HB7,INF767K01HD3,10.0000,0.0000,0.0000,2017-08-09
120359,LIC MF Interval Fund Monthly Plan-Series 1-Direct Plan-Growth,INF767K01HC5,,20.2142,0.0000,0.0000,2017-08-09
108416,LIC MF Interval Fund Monthly Plan-Series 1-Regular Plan-Dividend,INF767K01295,INF767K01303,10.0000,0.0000,0.0000,2017-08-09
108417,LIC MF Interval Fund Monthly Plan-Series 1-Regular Plan-Growth,INF767K01311,,20.1197,0.0000,0.0000,2017-08-09
120362,LIC MF Interval Fund Quarterly Plan-Series 1-Direct Plan-Dividend,INF767K01GY1,INF767K01HA9,10.1333,0.0000,0.0000,2017-08-09
120363,LIC MF Interval Fund Quarterly Plan-Series 1-Direct Plan-Growth,INF767K01GZ8,,20.4349,0.0000,0.0000,2017-08-09
108408,LIC MF Interval Fund Quarterly Plan-Series 1-Regular Plan-Dividend,INF767K01238,INF767K01246,10.1303,0.0000,0.0000,2017-08-09
108411,LIC MF Interval Fund Quarterly Plan-Series 1-Regular Plan-Growth,INF767K01253,,20.3459,0.0000,0.0000,2017-08-09
120375,LIC MF Interval Fund Quarterly Plan-Series 2-Direct Plan-Dividend,INF767K01HH4,INF767K01HJ0,10.1370,0.0000,0.0000,2017-08-09
120372,LIC MF Interval Fund Quarterly Plan-Series 2-Direct Plan-Growth,INF767K01HI2,,20.1740,0.0000,0.0000,2017-08-09
109917,LIC MF Interval Fund Quarterly Plan-Series 2-Regular Plan-Dividend,INF767K01261,INF767K01279,10.1315,0.0000,0.0000,2017-08-09
109916,LIC MF Interval Fund Quarterly Plan-Series 2-Regular Plan-Growth,INF767K01287,,20.0295,0.0000,0.0000,2017-08-09
118804,Nippon India Annual Interval Fund - Series I - Direct Plan Growth Plan - Growth,INF204K01B81,-,16.8797,16.8797,16.8797,2017-08-09
105660,Nippon India Interval Fund Annual Interval Fund Series-I -Dividend Option,INF204K01ED4,INF204K01EE2,10.0860,10.0860,10.0860,2017-08-09
105663,Nippon India Interval Fund Annual Interval Fund Series-I- Growth Option,INF204K01EC6,,16.8123,16.8123,16.8123,2017-08-09
105661,Nippon India Interval Fund Annual Interval Fund Series-I-Retail Plan Growth Option,INF204K01DZ9,,22.6722,22.6722,22.6722,2017-08-09
105662,Nippon India Interval Fund Annual Interval Fund Series-I-Retail Plan-Dividend Option,INF204K01EA0,INF204K01EB8,10.0860,10.0860,10.0860,2017-08-09
105230,Nippon India Interval Fund-Monthly Interval Fund-Series-I -Dividend Option,INF204K01CW8,INF204K01CX6,10.0421,10.0421,10.0421,2017-08-09
105229,Nippon India Interval Fund-Monthly Interval Fund-Series-I- Growth Option,INF204K01CV0,,22.0607,22.0607,22.0607,2017-08-09
105232,Nippon India Interval Fund-Monthly Interval Fund-Series-I-Institutional Plan-Dividend Option,INF204K01CZ1,INF204K01DA2,10.0421,10.0421,10.0421,2017-08-09
118596,Nippon India Monthly Interval Fund - Series I - Direct Plan Dividend Plan - Dividend Payout Option,INF204K01ZB3,INF204K01ZC1,10.0427,10.0427,10.0427,2017-08-09
118598,Nippon India Monthly Interval Fund - Series I - Direct Plan Growth Plan - Growth,INF204K01ZA5,-,22.1322,22.1322,22.1322,2017-08-09
105401,Nippon India Interval Fund-Monthly Interval Fund-Series-II -Dividend Option,INF204K01DC8,INF204K01DD6,10.0151,10.0151,10.0151,2017-08-09
105400,Nippon India Interval Fund-Monthly Interval Fund-Series-II -Growth Option,INF204K01DB0,,22.0115,22.0115,22.0115,2017-08-09
105402,Nippon India Interval Fund-Monthly Interval Fund-Series-II-Institutional Plan-Dividend Option,INF204K01DF1,INF204K01DG9,10.0151,10.0151,10.0151,2017-08-09
118594,Nippon India Monthly Interval Fund - Series II - Direct Plan Dividend Plan - Dividend Payout Option,INF204K01ZE7,INF204K01ZF4,10.0159,10.0159,10.0159,2017-08-09
118595,Nippon India Monthly Interval Fund - Series II - Direct Plan Growth Plan - Growth,INF204K01ZD9,-,22.1646,22.1646,22.1646,2017-08-09
105692,Nippon India Interval Fund-Quarterly Interval Fund Series-II-Dividend Option,INF204K01DO3,INF204K01DP0,10.1899,10.1899,10.1899,2017-08-09
105689,Nippon India Interval Fund-Quarterly Interval Fund Series-II-Growth Option,INF204K01DN5,,22.6536,22.6536,22.6536,2017-08-09
118689,Nippon India Quarterly Interval Fund - Series II - Direct Plan Dividend Plan - Dividend Payout Option,INF204K01F46,INF204K01F53,10.1751,10.1751,10.1751,2017-08-09
118691,Nippon India Quarterly Interval Fund - Series II - Direct Plan Growth Plan - Growth,INF204K01F61,-,22.7634,22.7634,22.7634,2017-08-09
118621,Nippon India Interval Fund - Quarterly Plan - Series I - Direct Plan Dividend Plan - Dividend Payout Option,INF204K01XU8,INF204K01XV6,10.0847,10.0847,10.0847,2017-08-09
118623,Nippon India Interval Fund - Quarterly Plan - Series I - Direct Plan Growth Plan - Growth,INF204K01XT0,-,22.5903,22.5903,22.5903,2017-08-09
105433,Nippon India Interval Fund-Quarterly Interval Fund-Series-I - Growth Option,INF204K01DH7,,22.5019,22.5019,22.5019,2017-08-09
105434,Nippon India Interval Fund-Quarterly Interval Fund-Series-I -Dividend Option,INF204K01DI5,INF204K01DJ3,10.0838,10.0838,10.0838,2017-08-09
105436,Nippon India Interval Fund-Quarterly Interval Fund-Series-I-Institutional Plan-Dividend Option,INF204K01DL9,INF204K01DM7,10.0840,10.0840,10.0840,2017-08-09
105885,Nippon India Interval Fund-Quarterly Interval Fund-Series-III- Dividend Option,INF204K01DU0,INF204K01DV8,10.1164,10.1164,10.1164,2017-08-09
105884,Nippon India Interval Fund-Quarterly Interval Fund-Series-III- Growth Option,INF204K01DT2,,22.4684,22.4684,22.4684,2017-08-09
105883,Nippon India Interval Fund-Quarterly Interval Fund-Series-III-Institutional Plan-Dividend Option,INF204K01DX4,INF204K01DY2,10.1164,10.1164,10.1164,2017-08-09
105882,Nippon India Interval Fund-Quarterly Interval Fund-Series-III-Institutional Plan-Growth Option,INF204K01DW6,,17.9330,17.9330,17.9330,2017-08-09
118584,Nippon India Quarterly Interval Fund - Series III - Direct Plan Dividend Plan - Dividend Payout Option,INF204K01XX2,INF204K01XY0,10.1129,10.1129,10.1129,2017-08-09
118583,Nippon India Quarterly Interval Fund - Series III - Direct Plan Growth Plan - Growth,INF204K01XW4,-,13.6904,13.6904,13.6904,2017-08-09
120800,Nippon India Yearly Interval Fund - Series 1 - Direct Plan - Dividend Plan - Dividend Option,INF204K01M47,INF204K01M54,10.3429,10.3429,10.3429,2017-08-09
120799,Nippon India Yearly Interval Fund - Series 1 - Direct Plan - Growth Plan - Growth Option,INF204K01M39,-,14.5143,14.5143,14.5143,2017-08-09
120802,Nippon India Yearly Interval Fund - Series 1 - Dividend Plan - Dividend Option,INF204K01M13,INF204K01M21,10.3377,10.3377,10.3377,2017-08-09
120798,Nippon India Yearly Interval Fund - Series 1 - Growth Plan - Growth Option,INF204K01M05,-,14.4632,14.4632,14.4632,2017-08-09
134888,Reliance Interval Fund -IV -Series 2 - Direct Plan - Dividend Payout Option,INF204KA12F4,,12.1744,12.1744,12.1744,2017-08-09
134890,Reliance Interval Fund -IV -Series 2 - Direct Plan - Growth Option,INF204KA13F2,,12.1744,12.1744,12.1744,2017-08-09
134889,Reliance Interval Fund -IV -Series 2 - Dividend Payout Option,INF204KA10F8,,11.9241,11.9241,11.9241,2017-08-09
134891,Reliance Interval Fund -IV -Series 2 - Growth Option,INF204KA11F6,,11.9241,11.9241,11.9241,2017-08-09
135001,Reliance Interval Fund IV- Series 3- Direct Plan-Dividend Payout Option,INF204KA14I4,,11.9303,11.9303,11.9303,2017-08-09
134999,Reliance Interval Fund IV- Series 3- Direct Plan-Growth option,INF204KA15I1,,11.9303,11.9303,11.9303,2017-08-09
135000,Reliance Interval Fund IV- Series 3- Dividend Payout Option,INF204KA12I8,,11.7119,11.7119,11.7119,2017-08-09
135002,Reliance Interval Fund IV- Series 3- Growth option,INF204KA13I6,,11.7119,11.7119,11.7119,2017-08-09
